Station_Id,Date,Hour,Julian_Date,Reference_ETo,QC_Reference_ETo,Precipitation,QC_Precipitation,Solar_Radiation,QC_Solar_Radiation,Vapor_Pressure,QC_Vapor_Pressure,Air_Temperature,QC_Air_Temperature,Relative_Humidity,QC_Relative_Humidity,Dew_Point,QC_Dew_Point,Wind_Speed,QC_Wind_Speed,Wind_Direction,QC_Wind_Direction,Soil_Temperature,QC_Soil_Temperature
240,1/1/2019,0100,1,0, ,0, ,0, ,3, ,37.5, ,39, ,15.1, ,7.6, ,1, ,50.4, 
240,1/1/2019,0200,1,0, ,0, ,0, ,2.8, ,36.7, ,38, ,13.5, ,6.3, ,9, ,50.3, 
240,1/1/2019,0300,1,0, ,0, ,0, ,2.7, ,35.8, ,38, ,12.8, ,5.1, ,15, ,50.1, 
240,1/1/2019,0400,1,0, ,0, ,0, ,2.6, ,36.5, ,36, ,11.9, ,7.4, ,359, ,50, 
240,1/1/2019,0500,1,0, ,0, ,0, ,2.6, ,34.6, ,38, ,12, ,6.8, ,351, ,49.9, 
240,1/1/2019,0600,1,0, ,0, ,0, ,2.8, ,35.7, ,40, ,13.7, ,9, ,337, ,49.7, 
240,1/1/2019,0700,1,0, ,0, ,3, ,2.5, ,33.1, ,39, ,11.2, ,5.9, ,2, ,49.5, 
240,1/1/2019,0800,1,0, ,0, ,165, ,2.7, ,35.3, ,38, ,12.4, ,7.9, ,341, ,49.4, 
240,1/1/2019,0900,1,0.01, ,0, ,517, ,2.7, ,41.3, ,30, ,12.4, ,11, ,341, ,49.2, 
240,1/1/2019,1000,1,0.01, ,0, ,830, ,2.3, ,45.9, ,22, ,8.9, ,12.5, ,10, ,49, 
240,1/1/2019,1100,1,0.01, ,0, ,1053, ,2.3, ,47.4, ,21, ,9.1, ,7.1, ,341, ,48.9, 
240,1/1/2019,1200,1,0.01, ,0, ,1157, ,2.1, ,49.4, ,17, ,7, ,8.3, ,21, ,48.7, 
240,1/1/2019,1300,1,0.01, ,0, ,1140, ,2.2, ,50.9, ,17, ,8.3, ,8.7, ,3, ,48.6, 
240,1/1/2019,1400,1,0.01, ,0, ,1000, ,2.3, ,51.3, ,17, ,8.7, ,10.1, ,333, ,48.5, 
240,1/1/2019,1500,1,0.01, ,0, ,749, ,1.9, ,52.3, ,14, ,4.4, ,8.1, ,11, ,48.5, 
240,1/1/2019,1600,1,0.01, ,0, ,422, ,1.7, ,51.3, ,13, ,2.7, ,12.9, ,20, ,48.5, 
240,1/1/2019,1700,1,0, ,0, ,85, ,1.8, ,47.3, ,16, ,4, ,7.8, ,24, ,48.5, 
240,1/1/2019,1800,1,0, ,0, ,0, ,1.9, ,41.8, ,21, ,4.7, ,7.2, ,17, ,48.6, 
240,1/1/2019,1900,1,0, ,0, ,0, ,2, ,40.6, ,23, ,5.7, ,7.1, ,353, ,48.6, 
240,1/1/2019,2000,1,0, ,0, ,0, ,2.1, ,37.6, ,28, ,7.4, ,5.2, ,347, ,48.6, 
240,1/1/2019,2100,1,0, ,0, ,0, ,2.3, ,37.6, ,30, ,8.9, ,6, ,330, ,48.6, 
240,1/1/2019,2200,1,0, ,0, ,0, ,2.1, ,34.1, ,31, ,7, ,1.3, ,240, ,48.5, 
240,1/1/2019,2300,1,0,R,0, ,0, ,2.1, ,34.5, ,31, ,7.3, ,1,I,32, ,48.5, 
240,1/1/2019,2400,1,0, ,0, ,0, ,2.4, ,31.1, ,41, ,10.2, ,1.8, ,319, ,48.4, 
240,1/2/2019,0100,2,0, ,0, ,0, ,2.5, ,29.8, ,44, ,10.8, ,2.2, ,28, ,48.3, 
240,1/2/2019,0200,2,0, ,0, ,0, ,2.5, ,29.6, ,46, ,11.3, ,1.8, ,278, ,48.3, 
240,1/2/2019,0300,2,0, ,0, ,0, ,2.7, ,29.9, ,48, ,12.7, ,1.3, ,74, ,48.5, 
240,1/2/2019,0400,2,0, ,0, ,0, ,2.7, ,27, ,55, ,13, ,3, ,317, ,48.7, 
240,1/2/2019,0500,2,0, ,0, ,0, ,2.8, ,27.6, ,55, ,13.5, ,2.5, ,35, ,48.8, 
240,1/2/2019,0600,2,0, ,0, ,0, ,2.8, ,28.6, ,53, ,13.9, ,2.9, ,158, ,48.6, 
240,1/2/2019,0700,2,0, ,0, ,3, ,2.8, ,27.1, ,57, ,13.7, ,2.3, ,168, ,48.4, 
240,1/2/2019,0800,2,0, ,0, ,158, ,3, ,29.5, ,54, ,15, ,3.3, ,85, ,48.2, 
240,1/2/2019,0900,2,0, ,0, ,498, ,3.1, ,34.3, ,47, ,16.1, ,1.8, ,41, ,48, 
240,1/2/2019,1000,2,0.01, ,0, ,809, ,2.9, ,41.2, ,33, ,14.1, ,4.8, ,3, ,47.9, 
240,1/2/2019,1100,2,0.01, ,0, ,1024, ,2.7, ,47.4, ,24, ,12.3, ,1.7, ,360, ,47.7, 
240,1/2/2019,1200,2,0.01, ,0, ,1148, ,2.5, ,52.9, ,19, ,11.3, ,2.5, ,167, ,47.6, 
240,1/2/2019,1300,2,0.01, ,0, ,1116, ,2.2, ,55.5, ,15, ,8.3, ,5.1, ,346, ,47.5, 
240,1/2/2019,1400,2,0.01, ,0, ,993, ,2.2, ,57.2, ,14, ,7.9, ,4.5, ,337, ,47.5, 
240,1/2/2019,1500,2,0.01, ,0, ,747, ,2.1, ,57.8, ,13, ,7.4, ,4.6, ,331, ,47.5, 
240,1/2/2019,1600,2,0.01, ,0, ,422, ,2.1, ,57.4, ,13, ,6.7, ,5, ,347, ,47.5, 
240,1/2/2019,1700,2,0, ,0, ,87, ,1.8, ,53.6, ,13, ,4.1, ,7, ,17, ,47.6, 
240,1/2/2019,1800,2,0, ,0, ,0, ,2, ,48.6, ,17, ,6.3, ,2.2, ,24, ,47.7, 
240,1/2/2019,1900,2,0, ,0, ,0, ,2.1, ,46, ,19, ,6.6, ,1, ,33, ,47.8, 
240,1/2/2019,2000,2,0,R,0, ,0, ,2.2, ,43.9, ,23, ,8.4, ,1,I,36, ,47.9, 
240,1/2/2019,2100,2,0,R,0, ,0, ,3, ,42.1, ,33, ,15.4, ,1,I,80, ,47.9, 
240,1/2/2019,2200,2,0, ,0, ,0, ,3, ,37.7, ,39, ,15, ,2, ,330, ,47.9, 
240,1/2/2019,2300,2,0, ,0, ,0, ,3, ,37, ,40, ,14.9, ,1.5, ,30, ,47.9, 
240,1/2/2019,2400,2,0, ,0, ,0, ,3.2, ,33.9, ,49, ,16.7, ,1.4, ,349, ,47.8, 
240,1/3/2019,0100,3,0, ,0, ,0, ,3, ,32.5, ,49, ,15.4, ,2.3, ,233, ,47.8, 
240,1/3/2019,0200,3,0, ,0, ,0, ,3.1, ,32, ,51, ,15.8, ,1.4, ,165, ,47.7, 
240,1/3/2019,0300,3,0, ,0, ,0, ,3.2, ,29.7, ,57, ,16.4, ,1.4, ,229, ,47.7, 
240,1/3/2019,0400,3,0, ,0, ,0, ,3.4, ,30.9, ,58, ,18.1, ,1.7, ,181, ,47.6, 
240,1/3/2019,0500,3,0, ,0, ,0, ,2.9, ,30, ,51, ,14.2, ,2.8, ,254, ,47.5, 
240,1/3/2019,0600,3,0, ,0, ,0, ,2.9, ,31, ,50, ,14.6, ,2.1, ,123, ,47.4, 
240,1/3/2019,0700,3,0, ,0, ,3, ,3.2, ,29.6, ,58, ,16.5, ,1.7, ,213, ,47.3, 
240,1/3/2019,0800,3,0, ,0, ,165, ,3.1, ,31.6, ,51, ,15.6, ,1.2, ,135, ,47.2, 
240,1/3/2019,0900,3,0, ,0, ,514, ,3.7, ,39.1, ,45, ,19.8, ,1.1, ,226, ,47.1, 
240,1/3/2019,1000,3,0.01, ,0, ,831, ,3.4, ,47.8, ,30, ,18.1, ,1.2, ,289, ,47, 
240,1/3/2019,1100,3,0.01, ,0, ,1064, ,3.3, ,55.4, ,22, ,17.4, ,1.1, ,150, ,46.9, 
240,1/3/2019,1200,3,0.01, ,0, ,1178, ,3, ,58.6, ,18, ,14.7, ,1.7, ,29, ,46.9, 
240,1/3/2019,1300,3,0.01, ,0, ,1136, ,2.8, ,61.8, ,15, ,13.3, ,2.1, ,29, ,46.8, 
240,1/3/2019,1400,3,0.01, ,0, ,1005, ,2.8, ,63.3, ,14, ,13.4, ,4.9, ,14, ,46.7, 
240,1/3/2019,1500,3,0.01, ,0, ,755, ,2.8, ,63.7, ,14, ,13.1, ,6, ,13, ,46.8, 
240,1/3/2019,1600,3,0.01, ,0, ,436, ,2.8, ,62.7, ,14, ,13.5, ,6.5, ,19, ,46.8, 
240,1/3/2019,1700,3,0, ,0, ,87, ,2.9, ,57.3, ,18, ,14.2, ,7.2, ,7, ,47, 
240,1/3/2019,1800,3,0, ,0, ,1, ,2.8, ,50.5, ,22, ,13.2, ,6.4, ,354, ,47.1, 
240,1/3/2019,1900,3,0, ,0, ,0, ,2.6, ,47.5, ,23, ,11.9, ,4.9, ,351, ,47.3, 
240,1/3/2019,2000,3,0, ,0, ,0, ,2.6, ,46.3, ,24, ,11.7, ,5.6, ,344, ,47.4, 
240,1/3/2019,2100,3,0,R,0, ,0, ,2.9, ,42.6, ,31, ,14.2, ,1,I,357, ,47.5, 
240,1/3/2019,2200,3,0,R,0, ,0, ,3.1, ,39.3, ,38, ,15.9, ,1,I,230, ,47.5, 
240,1/3/2019,2300,3,0,R,0, ,0, ,2.9, ,35.2, ,42, ,14.3, ,1,I,233, ,47.5, 
240,1/3/2019,2400,3,0,R,0, ,0, ,2.9, ,34.1, ,43, ,14.1, ,1,I,301, ,47.5, 
240,1/4/2019,0100,4,0,R,0, ,0, ,2.9, ,32.4, ,47, ,14.6, ,1,I,254, ,47.4, 
240,1/4/2019,0200,4,0,R,0, ,0, ,3.2, ,32.2, ,52, ,16.6, ,1,I,248, ,47.5, 
240,1/4/2019,0300,4,0,R,0, ,0, ,3.5, ,32.6, ,56, ,18.8, ,1,I,175, ,47.6, 
240,1/4/2019,0400,4,0,R,0, ,0, ,3.4, ,30, ,60, ,18, ,1,I,251, ,47.8, 
240,1/4/2019,0500,4,0,R,0, ,0, ,3.3, ,30.3, ,57, ,16.9, ,1,I,250, ,47.9, 
240,1/4/2019,0600,4,0,R,0, ,0, ,3.5, ,30.4, ,61, ,18.8, ,1,I,184, ,47.8, 
240,1/4/2019,0700,4,0,R,0, ,3, ,3.5, ,32.4, ,56, ,18.4, ,1,I,104, ,47.6, 
240,1/4/2019,0800,4,0, ,0, ,169, ,3.6, ,30.2, ,63, ,19.1, ,2, ,197, ,47.4, 
240,1/4/2019,0900,4,0,R,0, ,521, ,4.3, ,38.8, ,54, ,23.6, ,1,I,202, ,47.3, 
240,1/4/2019,1000,4,0.01, ,0, ,838, ,4.8, ,50.7, ,38, ,25.9, ,1, ,171, ,47.1, 
240,1/4/2019,1100,4,0.01, ,0, ,1070, ,4.3, ,58.3, ,26, ,23.3, ,1, ,168, ,47, 
240,1/4/2019,1200,4,0.01, ,0, ,1178, ,4.6, ,64.8, ,22, ,24.8, ,1, ,159, ,46.9, 
240,1/4/2019,1300,4,0.01, ,0, ,1161, ,4.1, ,66.8, ,18, ,22.5, ,1, ,200, ,46.9, 
240,1/4/2019,1400,4,0.01,R,0, ,1023, ,4.2, ,70.4, ,17, ,22.9, ,1,I,311, ,46.9, 
240,1/4/2019,1500,4,0.01,R,0, ,767, ,3.9, ,70.8, ,15, ,21, ,1,I,77, ,46.9, 
240,1/4/2019,1600,4,0,R,0, ,437, ,4.8, ,74.2, ,17, ,26.3, ,1,I,24, ,47, 
240,1/4/2019,1700,4,0, ,0, ,93, ,4.7, ,64.3, ,23, ,25.8, ,2.9, ,27, ,47.2, 
240,1/4/2019,1800,4,0, ,0, ,0, ,4.2, ,56.6, ,27, ,22.9, ,4.4, ,38, ,47.4, 
240,1/4/2019,1900,4,0, ,0, ,0, ,3.6, ,51.1, ,28, ,19.6, ,1.7, ,14, ,47.6, 
240,1/4/2019,2000,4,0, ,0, ,0, ,3.7, ,48.3, ,32, ,19.8, ,1.5, ,25, ,47.7, 
240,1/4/2019,2100,4,0,R,0, ,0, ,4, ,46.1, ,37, ,21.5, ,1,I,58, ,47.8, 
240,1/4/2019,2200,4,0, ,0, ,0, ,4, ,41.9, ,44, ,21.7, ,1.1, ,251, ,47.9, 
240,1/4/2019,2300,4,0,R,0, ,0, ,4, ,41.4, ,45, ,21.7, ,1,I,210, ,47.9, 
240,1/4/2019,2400,4,0,R,0, ,0, ,4.2, ,41.1, ,48, ,22.9, ,1,I,208, ,47.9, 
240,1/5/2019,0100,5,0,R,0, ,0, ,4.5, ,40.6, ,52, ,24.5, ,1,I,181, ,47.8, 
240,1/5/2019,0200,5,0,R,0, ,0, ,5, ,40.2, ,59, ,27, ,1,I,172, ,47.9, 
240,1/5/2019,0300,5,0,R,0, ,0, ,5.1, ,40.4, ,59, ,27.3, ,1,I,216, ,48.1, 
240,1/5/2019,0400,5,0, ,0, ,0, ,4.9, ,40.5, ,57, ,26.5, ,1, ,185, ,48.4, 
240,1/5/2019,0500,5,0,R,0, ,0, ,5.1, ,41.2, ,58, ,27.8, ,1,I,161, ,48.9, 
240,1/5/2019,0600,5,0,R,0, ,0, ,5, ,39.3, ,61, ,27.1, ,1,I,41, ,48.8, 
240,1/5/2019,0700,5,0,R,0, ,0, ,5.3, ,39.5, ,64, ,28.5, ,1,I,227, ,48.7, 
240,1/5/2019,0800,5,0,R,0, ,36, ,5.2, ,40.5, ,61, ,28, ,1,I,217, ,48.6, 
240,1/5/2019,0900,5,0, ,0, ,142, ,5.5, ,43.9, ,57, ,29.5, ,1, ,149, ,48.4, 
240,1/5/2019,1000,5,0, ,0, ,195, ,5.6, ,47.2, ,51, ,30, ,2.9, ,142, ,48.3, 
240,1/5/2019,1100,5,0, ,0, ,242, ,6, ,52.4, ,45, ,31.7, ,1.9, ,156, ,48.2, 
240,1/5/2019,1200,5,0, ,0, ,252, ,6.2, ,53.6, ,44, ,32.3, ,2.8, ,162, ,48.2, 
240,1/5/2019,1300,5,0, ,0, ,286, ,6.3, ,55.7, ,42, ,32.9, ,7.3, ,162, ,48.1, 
240,1/5/2019,1400,5,0, ,0, ,301, ,6.6, ,56.8, ,42, ,33.8, ,3.5, ,168, ,48.1, 
240,1/5/2019,1500,5,0, ,0, ,201, ,6.6, ,57.6, ,41, ,34, ,1.6, ,155, ,48.1, 
240,1/5/2019,1600,5,0, ,0, ,76, ,6.9, ,56.8, ,44, ,35, ,4.8, ,168, ,48.2, 
240,1/5/2019,1700,5,0, ,0.01, ,16, ,7.9, ,54.3, ,55, ,38.4, ,1.3, ,168, ,48.2, 
240,1/5/2019,1800,5,0, ,0.02, ,11, ,9, ,51.4, ,69, ,41.7, ,1, ,141, ,48.3, 
240,1/5/2019,1900,5,0, ,0, ,9, ,9.4, ,49.2, ,79, ,43, ,1.6, ,90, ,48.3, 
240,1/5/2019,2000,5,0, ,0, ,4, ,9.3, ,48.7, ,79, ,42.6, ,1.5, ,102, ,48.4, 
240,1/5/2019,2100,5,0, ,0.02, ,9, ,9.4, ,47.9, ,83, ,42.9, ,1.1, ,133, ,48.4, 
240,1/5/2019,2200,5,0,R,0.01, ,8, ,9.5, ,46.6, ,88, ,43.2, ,1,I,232, ,48.5, 
240,1/5/2019,2300,5,0,R,0.05, ,7, ,9.9, ,45.7, ,95, ,44.2, ,1,I,23, ,48.5, 
240,1/5/2019,2400,5,0, ,0.11, ,5, ,10.4, ,45.4, ,100, ,45.4, ,1, ,43, ,48.5, 
240,1/6/2019,0100,6,0, ,0.06, ,4, ,10.6, ,45.6, ,100, ,45.6, ,6.6, ,45, ,48.5, 
240,1/6/2019,0200,6,0, ,0, ,4, ,10.6, ,45.8, ,100, ,45.8, ,2, ,82, ,48.7, 
240,1/6/2019,0300,6,0, ,0.02, ,5, ,10.6, ,45.8, ,100, ,45.8, ,1, ,311, ,48.9, 
240,1/6/2019,0400,6,0, ,0.07, ,3, ,10.5, ,45.5, ,100, ,45.5, ,1.4, ,7, ,49.2, 
240,1/6/2019,0500,6,0, ,0.17, ,2, ,10.4, ,45.1, ,100, ,45.1, ,3, ,20, ,49.4, 
240,1/6/2019,0600,6,0, ,0.02, ,3, ,10.7, ,46, ,100, ,46, ,1.6, ,168, ,49.3, 
240,1/6/2019,0700,6,0, ,0, ,5, ,10.4, ,45.2, ,100, ,45.2, ,1.3, ,339, ,49.1, 
240,1/6/2019,0800,6,0,R,0, ,56, ,10.5, ,45.5, ,100, ,45.5, ,1,I,281, ,49, 
240,1/6/2019,0900,6,0,R,0, ,156, ,11.1, ,46.9, ,100, ,46.9, ,1,I,265, ,48.9, 
240,1/6/2019,1000,6,0,R,0, ,451, ,12.1, ,49.2, ,100, ,49.2, ,1,I,166, ,48.9, 
240,1/6/2019,1100,6,0.01, ,0, ,1048, ,13.2, ,52.9, ,97, ,52, ,1.7, ,324, ,48.8, 
240,1/6/2019,1200,6,0.01,R,0, ,1134, ,12.5, ,55, ,85, ,50.4, ,1,I,319, ,48.8, 
240,1/6/2019,1300,6,0.01, ,0, ,993, ,11.4, ,55.6, ,76, ,48, ,2.6, ,336, ,48.9, 
240,1/6/2019,1400,6,0.01, ,0, ,880, ,10.8, ,56.2, ,70, ,46.5, ,2, ,15, ,49, 
240,1/6/2019,1500,6,0.01, ,0, ,629, ,10.4, ,57.5, ,65, ,45.6, ,2.2, ,297, ,49.1, 
240,1/6/2019,1600,6,0, ,0, ,227, ,9.8, ,55.9, ,64, ,44, ,3.3, ,302, ,49.3, 
240,1/6/2019,1700,6,0, ,0, ,116, ,9.2, ,54, ,65, ,42.5, ,5.5, ,307, ,49.5, 
240,1/6/2019,1800,6,0,R,0, ,0, ,9, ,51.5, ,70, ,41.9, ,1,I,222, ,49.7, 
240,1/6/2019,1900,6,0,R,0, ,0, ,9.3, ,50.6, ,74, ,42.5, ,1,I,183, ,49.8, 
240,1/6/2019,2000,6,0, ,0, ,0, ,9.5, ,49.5, ,78, ,43.1, ,1.6, ,152, ,49.9, 
240,1/6/2019,2100,6,0, ,0, ,0, ,9.1, ,47.7, ,81, ,42.2, ,1.8, ,130, ,50, 
240,1/6/2019,2200,6,0, ,0, ,0, ,8.8, ,46.5, ,82, ,41.3, ,2.1, ,133, ,50, 
240,1/6/2019,2300,6,0, ,0, ,0, ,9.1, ,46.1, ,85, ,42, ,1, ,123, ,50, 
240,1/6/2019,2400,6,0, ,0, ,0, ,9.4, ,46.1, ,88, ,42.8, ,2.1, ,132, ,49.9, 
240,1/7/2019,0100,7,0, ,0, ,0, ,9.4, ,45.3, ,91, ,42.9, ,1, ,27, ,49.9, 
240,1/7/2019,0200,7,0, ,0, ,5, ,9.4, ,44, ,96, ,42.9, ,1.6, ,223, ,50, 
240,1/7/2019,0300,7,0, ,0, ,10, ,10, ,44.8, ,99, ,44.5, ,1.2, ,73, ,50.2, 
240,1/7/2019,0400,7,0,R,0, ,8, ,10, ,45.3, ,97, ,44.6, ,1,I,3, ,50.4, 
240,1/7/2019,0500,7,0, ,0, ,8, ,10.6, ,46.6, ,98, ,46.2, ,1.5, ,148, ,50.4, 
240,1/7/2019,0600,7,0, ,0, ,8, ,10.5, ,46.2, ,98, ,45.7, ,1.2, ,295, ,50.3, 
240,1/7/2019,0700,7,0,R,0, ,17, ,10.4, ,45.2, ,100, ,45.2, ,1,I,279, ,50.1, 
240,1/7/2019,0800,7,0,R,0, ,167, ,10.6, ,45.5, ,100, ,45.5, ,1,I,258, ,50, 
240,1/7/2019,0900,7,0,R,0, ,361, ,11.4, ,47.8, ,100, ,47.8, ,1,I,282, ,49.9, 
240,1/7/2019,1000,7,0.01, ,0, ,683, ,11.1, ,49.7, ,91, ,47.3, ,1.1, ,353, ,49.9, 
240,1/7/2019,1100,7,0.01, ,0, ,978, ,10.9, ,53.5, ,78, ,46.7, ,1, ,343, ,49.8, 
240,1/7/2019,1200,7,0.01, ,0, ,1113, ,11.3, ,57.6, ,70, ,47.7, ,1.2, ,297, ,49.8, 
240,1/7/2019,1300,7,0.01, ,0, ,869, ,10.7, ,59.4, ,62, ,46.4, ,1.2, ,237, ,49.8, 
240,1/7/2019,1400,7,0.01, ,0, ,804, ,11.1, ,60.9, ,61, ,47.4, ,1, ,183, ,49.8, 
240,1/7/2019,1500,7,0,R,0, ,324, ,11.2, ,60.4, ,62, ,47.5, ,1,I,207, ,49.9, 
240,1/7/2019,1600,7,0, ,0, ,156, ,11.3, ,60.1, ,63, ,47.7, ,1, ,304, ,50, 
240,1/7/2019,1700,7,0,R,0, ,42, ,11.6, ,59.7, ,66, ,48.5, ,1,I,346, ,50.1, 
240,1/7/2019,1800,7,0,R,0, ,0, ,11.9, ,57.7, ,73, ,49.2, ,1,I,341, ,50.3, 
240,1/7/2019,1900,7,0,R,0, ,0, ,11.4, ,54.4, ,79, ,47.9, ,1,I,354, ,50.4, 
240,1/7/2019,2000,7,0, ,0, ,1, ,11, ,51.5, ,85, ,47.1, ,3.6, ,26, ,50.5, 
240,1/7/2019,2100,7,0, ,0, ,1, ,10.5, ,49.8, ,86, ,45.8, ,4.6, ,10, ,50.6, 
240,1/7/2019,2200,7,0, ,0, ,1, ,10, ,48.5, ,86, ,44.7, ,4.3, ,328, ,50.7, 
240,1/7/2019,2300,7,0, ,0, ,4, ,9.6, ,47, ,88, ,43.5, ,1.1, ,4, ,50.7, 
240,1/7/2019,2400,7,0, ,0, ,9, ,9.9, ,47, ,90, ,44.4, ,1.1, ,159, ,50.7, 
240,1/8/2019,0100,8,0,R,0, ,10, ,9.4, ,43.9, ,96, ,42.9, ,1,I,270, ,50.7, 
240,1/8/2019,0200,8,0,R,0, ,8, ,9.6, ,43.4, ,100, ,43.3, ,1,I,347, ,50.7, 
240,1/8/2019,0300,8,0,R,0, ,7, ,9.5, ,43, ,100, ,43, ,1,I,189, ,50.7, 
240,1/8/2019,0400,8,0,R,0, ,8, ,9.3, ,42.4, ,100, ,42.4, ,1,I,239, ,50.6, 
240,1/8/2019,0500,8,0,R,0, ,7, ,9.3, ,42.3, ,100, ,42.3, ,1,I,192, ,50.6, 
240,1/8/2019,0600,8,0,R,0, ,7, ,9.3, ,42.3, ,100, ,42.3, ,1,I,166, ,50.5, 
240,1/8/2019,0700,8,0,R,0, ,12, ,9.3, ,42.3, ,100, ,42.3, ,1,I,163, ,50.4, 
240,1/8/2019,0800,8,0,R,0, ,134, ,9.4, ,43.1, ,100, ,43, ,1,I,164, ,50.3, 
240,1/8/2019,0900,8,0,R,0, ,506, ,10.1, ,47.7, ,90, ,44.8, ,1,I,228, ,50.2, 
240,1/8/2019,1000,8,0.01,R,0, ,821, ,11.6, ,54.7, ,79, ,48.4, ,1,I,340, ,50.1, 
240,1/8/2019,1100,8,0.01,R,0, ,970, ,12.2, ,61.3, ,66, ,49.9, ,1,I,315, ,50.1, 
240,1/8/2019,1200,8,0.01, ,0, ,1067, ,11.7, ,65.8, ,54, ,48.6, ,1.6, ,300, ,50, 
240,1/8/2019,1300,8,0.01,R,0, ,996, ,12.1, ,70.3, ,48, ,49.5, ,1,I,329, ,50, 
240,1/8/2019,1400,8,0.01,R,0, ,885, ,13.6, ,75, ,46, ,52.8, ,1,I,335, ,50.1, 
240,1/8/2019,1500,8,0.01, ,0, ,631, ,14.7, ,76.2, ,48, ,54.9, ,4.9, ,32, ,50.1, 
240,1/8/2019,1600,8,0.01, ,0, ,389, ,14, ,73.9, ,49, ,53.6, ,5, ,35, ,50.2, 
240,1/8/2019,1700,8,0, ,0, ,74, ,13.4, ,69.7, ,54, ,52.3, ,1, ,36, ,50.4, 
240,1/8/2019,1800,8,0, ,0, ,1, ,10.8, ,62.2, ,57, ,46.6, ,1.4, ,61, ,50.6, 
240,1/8/2019,1900,8,0, ,0, ,0, ,9.9, ,61.9, ,52, ,44.3, ,1.3, ,120, ,50.7, 
240,1/8/2019,2000,8,0, ,0, ,0, ,10, ,58.9, ,59, ,44.4, ,1.6, ,110, ,50.8, 
240,1/8/2019,2100,8,0,R,0, ,0, ,9.5, ,52.8, ,70, ,43.1, ,1,I,8, ,50.9, 
240,1/8/2019,2200,8,0,R,0, ,0, ,9.4, ,51.1, ,73, ,42.9, ,1,I,99, ,51, 
240,1/8/2019,2300,8,0,R,0, ,2, ,9.3, ,48.3, ,81, ,42.6, ,1,I,241, ,51.1, 
240,1/8/2019,2400,8,0,R,0, ,4, ,9.2, ,46.7, ,84, ,42.2, ,1,I,269, ,51.1, 
240,1/9/2019,0100,9,0,R,0, ,8, ,9.2, ,46.3, ,86, ,42.3, ,1,I,312, ,51.1, 
240,1/9/2019,0200,9,0,R,0, ,10, ,9.2, ,45.1, ,90, ,42.4, ,1,I,298, ,51.2, 
240,1/9/2019,0300,9,0,R,0, ,10, ,9.4, ,45, ,92, ,42.9, ,1,I,81, ,51.4, 
240,1/9/2019,0400,9,0,R,0, ,7, ,9.1, ,42.7, ,98, ,42.1, ,1,I,256, ,51.6, 
240,1/9/2019,0500,9,0,R,0, ,6, ,8.6, ,41.1, ,99, ,40.8, ,1,I,252, ,51.7, 
240,1/9/2019,0600,9,0,R,0, ,4, ,8.5, ,40.3, ,100, ,40.3, ,1,I,335, ,51.5, 
240,1/9/2019,0700,9,0,R,0, ,6, ,8.5, ,40, ,100, ,40, ,1,I,200, ,51.4, 
240,1/9/2019,0800,9,0,R,0, ,163, ,8.6, ,40.3, ,100, ,40.3, ,1,I,266, ,51.3, 
240,1/9/2019,0900,9,0,R,0, ,500, ,10.1, ,45.8, ,96, ,44.8, ,1,I,18, ,51.1, 
240,1/9/2019,1000,9,0.01,R,0, ,801, ,11.3, ,52.8, ,83, ,47.7, ,1,I,3, ,51, 
240,1/9/2019,1100,9,0.01,R,0, ,1043, ,11.7, ,57.8, ,72, ,48.7, ,1,I,315, ,50.8, 
240,1/9/2019,1200,9,0.01,R,0, ,1167, ,12.2, ,64, ,60, ,49.8, ,1,I,324, ,50.8, 
240,1/9/2019,1300,9,0.01,R,0, ,1162, ,11.3, ,69.1, ,46, ,47.7, ,1,I,298, ,50.7, 
240,1/9/2019,1400,9,0.01, ,0, ,1007, ,11.8, ,76.2, ,38, ,49, ,1.1, ,273, ,50.7, 
240,1/9/2019,1500,9,0.01, ,0, ,717, ,14.1, ,76.7, ,45, ,53.7, ,6.4, ,323, ,50.7, 
240,1/9/2019,1600,9,0.01, ,0, ,434, ,13.5, ,73.2, ,48, ,52.6, ,4.4, ,329, ,50.8, 
240,1/9/2019,1700,9,0,R,0, ,107, ,14.4, ,70.1, ,57, ,54.3, ,1,I,321, ,50.9, 
240,1/9/2019,1800,9,0, ,0, ,1, ,12.6, ,63.4, ,63, ,50.6, ,2.3, ,311, ,51.1, 
240,1/9/2019,1900,9,0, ,0, ,0, ,12.1, ,58.3, ,73, ,49.5, ,1, ,351, ,51.2, 
240,1/9/2019,2000,9,0, ,0, ,1, ,12.4, ,54.4, ,86, ,50.2, ,2.4, ,11, ,51.3, 
240,1/9/2019,2100,9,0,R,0, ,8, ,12, ,52.1, ,91, ,49.4, ,1,I,49, ,51.4, 
240,1/9/2019,2200,9,0, ,0, ,9, ,11.5, ,49.5, ,96, ,48.3, ,1, ,232, ,51.4, 
240,1/9/2019,2300,9,0,R,0, ,7, ,11.4, ,48.3, ,99, ,48.1, ,1,I,51, ,51.5, 
240,1/9/2019,2400,9,0,R,0, ,4, ,10.2, ,44.9, ,100, ,44.9, ,1,I,278, ,51.5, 
240,1/10/2019,0100,10,0,R,0, ,5, ,9.8, ,43.6, ,100, ,43.6, ,1,I,56, ,51.5, 
240,1/10/2019,0200,10,0,R,0, ,6, ,9.4, ,42.5, ,100, ,42.5, ,1,I,285, ,51.4, 
240,1/10/2019,0300,10,0,R,0, ,7, ,9.3, ,42.2, ,100, ,42.2, ,1,I,40, ,51.4, 
240,1/10/2019,0400,10,0,R,0, ,8, ,9, ,41.3, ,100, ,41.3, ,1,I,233, ,51.3, 
240,1/10/2019,0500,10,0,R,0, ,8, ,9.1, ,41.6, ,100, ,41.6, ,1,I,104, ,51.2, 
240,1/10/2019,0600,10,0,R,0, ,8, ,8.5, ,39.9, ,100, ,39.9, ,1,I,351, ,51.2, 
240,1/10/2019,0700,10,0,R,0, ,10, ,8.1, ,38.5, ,100, ,38.5, ,1,I,318, ,51.1, 
240,1/10/2019,0800,10,0,R,0, ,125, ,7.9, ,37.8, ,100, ,37.8, ,1,I,259, ,51, 
240,1/10/2019,0900,10,0, ,0, ,474, ,10.3, ,44.7, ,100, ,44.7, ,1, ,338, ,50.8, 
240,1/10/2019,1000,10,0.01,R,0, ,780, ,12, ,50.5, ,96, ,49.4, ,1,I,338, ,50.7, 
240,1/10/2019,1100,10,0.01, ,0, ,1029, ,12.2, ,56, ,80, ,49.8, ,1, ,153, ,50.6, 
240,1/10/2019,1200,10,0.01,R,0, ,1150, ,13.7, ,62.8, ,70, ,53, ,1,I,130, ,50.6, 
240,1/10/2019,1300,10,0.01, ,0, ,1135, ,13.4, ,64.7, ,65, ,52.4, ,1.1, ,182, ,50.5, 
240,1/10/2019,1400,10,0.01,R,0, ,994, ,14.5, ,68.3, ,61, ,54.5, ,1,I,329, ,50.5, 
240,1/10/2019,1500,10,0.01, ,0, ,735, ,15.2, ,71.6, ,57, ,55.7, ,2.2, ,152, ,50.6, 
240,1/10/2019,1600,10,0, ,0, ,431, ,15.6, ,72.4, ,57, ,56.5, ,4.1, ,349, ,50.6, 
240,1/10/2019,1700,10,0, ,0, ,102, ,15.4, ,69.4, ,63, ,56.2, ,6.6, ,347, ,50.8, 
240,1/10/2019,1800,10,0, ,0, ,1, ,12.6, ,61.1, ,68, ,50.7, ,1.3, ,309, ,51, 
240,1/10/2019,1900,10,0,R,0, ,1, ,11.1, ,56.9, ,70, ,47.2, ,1,I,142, ,51.1, 
240,1/10/2019,2000,10,0,R,0, ,9, ,10.7, ,53.9, ,76, ,46.4, ,1,I,230, ,51.3, 
240,1/10/2019,2100,10,0,R,0, ,9, ,10.9, ,52.9, ,80, ,46.9, ,1,I,81, ,51.4, 
240,1/10/2019,2200,10,0,R,0, ,11, ,10.6, ,49.4, ,88, ,46, ,1,I,274, ,51.4, 
240,1/10/2019,2300,10,0,R,0, ,9, ,10.8, ,48.1, ,95, ,46.7, ,1,I,340, ,51.4, 
240,1/10/2019,2400,10,0,R,0, ,8, ,9.9, ,45, ,97, ,44.2, ,1,I,332, ,51.4, 
240,1/11/2019,0100,11,0,R,0, ,10, ,10.3, ,45.1, ,100, ,45.1, ,1,I,54, ,51.4, 
240,1/11/2019,0200,11,0, ,0, ,11, ,11, ,46.9, ,100, ,46.9, ,1, ,56, ,51.5, 
240,1/11/2019,0300,11,0,R,0, ,11, ,11, ,46.6, ,100, ,46.6, ,1,I,24, ,51.8, 
240,1/11/2019,0400,11,0,R,0, ,10, ,10.2, ,44.7, ,100, ,44.7, ,1,I,314, ,52.1, 
240,1/11/2019,0500,11,0,R,0, ,10, ,9.5, ,42.6, ,100, ,42.6, ,1,I,354, ,52.2, 
240,1/11/2019,0600,11,0,R,0, ,10, ,9.1, ,41.5, ,100, ,41.5, ,1,I,13, ,52.1, 
240,1/11/2019,0700,11,0,R,0, ,13, ,8.5, ,40, ,100, ,40, ,1,I,19, ,51.9, 
240,1/11/2019,0800,11,0,R,0, ,172, ,8.1, ,38.4, ,100, ,38.4, ,1,I,355, ,51.8, 
240,1/11/2019,0900,11,0,R,0, ,367, ,9.1, ,41.4, ,100, ,41.4, ,1,I,346, ,51.7, 
240,1/11/2019,1000,11,0,R,0, ,583, ,10.8, ,45.9, ,100, ,45.9, ,1,I,99, ,51.6, 
240,1/11/2019,1100,11,0, ,0, ,549, ,13.1, ,51.3, ,100, ,51.3, ,1, ,329, ,51.6, 
240,1/11/2019,1200,11,0.01, ,0, ,720, ,11.7, ,53.8, ,83, ,48.8, ,1, ,9, ,51.5, 
240,1/11/2019,1300,11,0.01, ,0, ,836, ,12.9, ,60, ,73, ,51.3, ,1.4, ,117, ,51.5, 
240,1/11/2019,1400,11,0.01, ,0, ,941, ,12, ,63.6, ,60, ,49.3, ,4.5, ,155, ,51.5, 
240,1/11/2019,1500,11,0.01, ,0, ,478, ,11.2, ,65.8, ,52, ,47.5, ,3.2, ,159, ,51.5, 
240,1/11/2019,1600,11,0.01, ,0, ,467, ,10.3, ,66.7, ,46, ,45.4, ,4.1, ,145, ,51.5, 
240,1/11/2019,1700,11,0, ,0, ,76, ,9.9, ,65.3, ,46, ,44.2, ,4.2, ,139, ,51.6, 
240,1/11/2019,1800,11,0, ,0, ,0, ,9.7, ,62.5, ,50, ,43.9, ,1.1, ,106, ,51.7, 
240,1/11/2019,1900,11,0,R,0, ,0, ,9.5, ,57.1, ,60, ,43.3, ,1,I,105, ,51.9, 
240,1/11/2019,2000,11,0, ,0, ,0, ,9.3, ,51.6, ,71, ,42.6, ,1.1, ,269, ,51.9, 
240,1/11/2019,2100,11,0,R,0, ,0, ,9.5, ,50.1, ,77, ,43.2, ,1,I,304, ,52, 
240,1/11/2019,2200,11,0,R,0, ,6, ,9.3, ,48, ,82, ,42.7, ,1,I,207, ,52, 
240,1/11/2019,2300,11,0, ,0, ,4, ,9.1, ,47.2, ,82, ,42.1, ,1.1, ,282, ,52, 
240,1/11/2019,2400,11,0,R,0, ,4, ,9.3, ,46, ,87, ,42.5, ,1,I,51, ,52, 
240,1/12/2019,0100,12,0,R,0, ,5, ,9.5, ,46.5, ,88, ,43.1, ,1,I,229, ,52, 
240,1/12/2019,0200,12,0,R,0, ,3, ,9.8, ,47.5, ,88, ,44, ,1,I,142, ,52.1, 
240,1/12/2019,0300,12,0, ,0, ,0, ,9.7, ,47.4, ,86, ,43.6, ,1.9, ,171, ,52.3, 
240,1/12/2019,0400,12,0, ,0, ,4, ,10.6, ,49.5, ,88, ,46.2, ,8.2, ,131, ,52.4, 
240,1/12/2019,0500,12,0, ,0.04, ,13,Y,12.1, ,49.7, ,100, ,49.6, ,3.6, ,172, ,52.5, 
240,1/12/2019,0600,12,0, ,0.17, ,5, ,11.8, ,48.5, ,100, ,48.5, ,2, ,33, ,52.4, 
240,1/12/2019,0700,12,0, ,0.01, ,6, ,11.2, ,47, ,100, ,47, ,3.3, ,33, ,52.3, 
240,1/12/2019,0800,12,0, ,0, ,35, ,11.2, ,47.2, ,100, ,47.2, ,1.2, ,18, ,52.2, 
240,1/12/2019,0900,12,0, ,0, ,362, ,11.7, ,48.7, ,100, ,48.7, ,3.1, ,336, ,52.1, 
240,1/12/2019,1000,12,0, ,0, ,369, ,11.9, ,50.7, ,94, ,49.1, ,1.7, ,356, ,52, 
240,1/12/2019,1100,12,0, ,0, ,571, ,12.1, ,53.2, ,87, ,49.6, ,2, ,146, ,51.9, 
240,1/12/2019,1200,12,0.01, ,0, ,695, ,11.6, ,54, ,81, ,48.4, ,5.1, ,203, ,51.8, 
240,1/12/2019,1300,12,0, ,0.02, ,231, ,12.2, ,52.4, ,91, ,49.8, ,6.6, ,194, ,51.8, 
240,1/12/2019,1400,12,0, ,0, ,414, ,11.9, ,53.3, ,86, ,49.2, ,6, ,204, ,51.9, 
240,1/12/2019,1500,12,0, ,0, ,508, ,11.2, ,53.9, ,79, ,47.6, ,4, ,260, ,51.9, 
240,1/12/2019,1600,12,0, ,0, ,366, ,11.2, ,54, ,78, ,47.5, ,4.8, ,5, ,52, 
240,1/12/2019,1700,12,0, ,0, ,53, ,10.9, ,51.2, ,84, ,46.7, ,3.9, ,22, ,52.1, 
240,1/12/2019,1800,12,0,R,0, ,1, ,10.4, ,49.6, ,86, ,45.7, ,1,I,341, ,52.2, 
240,1/12/2019,1900,12,0,R,0, ,1, ,10.5, ,48.1, ,92, ,45.9, ,1,I,276, ,52.3, 
240,1/12/2019,2000,12,0,R,0, ,5, ,10.6, ,46.9, ,97, ,46.1, ,1,I,334, ,52.3, 
240,1/12/2019,2100,12,0,R,0, ,4, ,10.2, ,45, ,100, ,45, ,1,I,339, ,52.3, 
240,1/12/2019,2200,12,0,R,0, ,4, ,9.8, ,43.6, ,100, ,43.6, ,1,I,113, ,52.3, 
240,1/12/2019,2300,12,0,R,0, ,7, ,9.9, ,43.8, ,100, ,43.8, ,1,I,150, ,52.2, 
240,1/12/2019,2400,12,0,R,0, ,7, ,9, ,41.5, ,100, ,41.5, ,1,I,49, ,52.2, 
240,1/13/2019,0100,13,0,R,0, ,7, ,9.2, ,42, ,100, ,42, ,1,I,18, ,52.1, 
240,1/13/2019,0200,13,0, ,0, ,7, ,8.9, ,41, ,100, ,41, ,1, ,351, ,52.1, 
240,1/13/2019,0300,13,0,R,0, ,6, ,8.5, ,40.1, ,100, ,40.1, ,1,I,347, ,52.3, 
240,1/13/2019,0400,13,0, ,0, ,6, ,8.2, ,39.1, ,100, ,39.1, ,2.5, ,351, ,52.3, 
240,1/13/2019,0500,13,0, ,0, ,7, ,8.3, ,39.5, ,100, ,39.5, ,2.2, ,154, ,52.2, 
240,1/13/2019,0600,13,0, ,0, ,6, ,7.5, ,36.9, ,100, ,36.9, ,1.1, ,34, ,52, 
240,1/13/2019,0700,13,0, ,0, ,8, ,7.2, ,35.8, ,100, ,35.8, ,1.1, ,251, ,51.7, 
240,1/13/2019,0800,13,0, ,0, ,139, ,7.3, ,35.9, ,100, ,35.9, ,1.5, ,15, ,51.5, 
240,1/13/2019,0900,13,0, ,0, ,506, ,8.6, ,40.2, ,100, ,40.2, ,3.1, ,322, ,51.3, 
240,1/13/2019,1000,13,0.01, ,0, ,786, ,10.6, ,46.3, ,99, ,46.1, ,1.7, ,317, ,51.1, 
240,1/13/2019,1100,13,0.01, ,0, ,1009, ,10.7, ,51.3, ,83, ,46.2, ,1.1, ,188, ,51, 
240,1/13/2019,1200,13,0.01, ,0, ,909, ,11.8, ,56.1, ,76, ,48.8, ,1.1, ,152, ,50.9, 
240,1/13/2019,1300,13,0.01, ,0, ,989, ,11.8, ,60.9, ,65, ,48.9, ,2.1, ,213, ,50.9, 
240,1/13/2019,1400,13,0.01, ,0, ,781, ,10.3, ,60.5, ,57, ,45.4, ,2, ,146, ,50.9, 
240,1/13/2019,1500,13,0, ,0, ,400, ,9.3, ,59.5, ,54, ,42.7, ,1.1, ,158, ,51, 
240,1/13/2019,1600,13,0,R,0, ,148, ,9.2, ,59.4, ,53, ,42.4, ,1,I,182, ,51.1, 
240,1/13/2019,1700,13,0, ,0, ,33, ,9.5, ,58.3, ,57, ,43.3, ,1.2, ,185, ,51.2, 
240,1/13/2019,1800,13,0, ,0, ,1, ,9.1, ,57.1, ,57, ,42, ,1.7, ,160, ,51.3, 
240,1/13/2019,1900,13,0, ,0, ,0, ,9.4, ,54.8, ,64, ,43, ,1.1, ,49, ,51.5, 
240,1/13/2019,2000,13,0, ,0, ,0, ,9.7, ,52, ,73, ,43.7, ,1, ,224, ,51.5, 
240,1/13/2019,2100,13,0,R,0, ,0, ,9, ,48.9, ,76, ,41.8, ,1,I,319, ,51.6, 
240,1/13/2019,2200,13,0,R,0, ,0, ,9.2, ,48.8, ,78, ,42.3, ,1,I,54, ,51.7, 
240,1/13/2019,2300,13,0, ,0, ,0, ,8.8, ,48.6, ,76, ,41.3, ,1, ,306, ,51.7, 
240,1/13/2019,2400,13,0,R,0, ,0, ,9, ,47.1, ,82, ,41.8, ,1,I,12, ,51.7, 
240,1/14/2019,0100,14,0,R,0, ,0, ,9.1, ,46.6, ,85, ,42.2, ,1,I,273, ,51.7, 
240,1/14/2019,0200,14,0,R,0, ,0, ,9.5, ,47, ,86, ,43.2, ,1,I,23, ,51.8, 
240,1/14/2019,0300,14,0,R,0, ,0, ,9.5, ,45.9, ,90, ,43.1, ,1,I,308, ,52, 
240,1/14/2019,0400,14,0,R,0, ,0, ,9.3, ,45.5, ,89, ,42.6, ,1,I,322, ,52.2, 
240,1/14/2019,0500,14,0,R,0, ,0, ,8.9, ,45.2, ,87, ,41.6, ,1,I,297, ,52.2, 
240,1/14/2019,0600,14,0,R,0, ,0, ,8.9, ,45.4, ,86, ,41.4, ,1,I,330, ,52, 
240,1/14/2019,0700,14,0, ,0, ,1, ,8.2, ,49.4, ,69, ,39.5, ,1.4, ,108, ,51.9, 
240,1/14/2019,0800,14,0, ,0, ,46, ,8, ,50.9, ,63, ,38.6, ,5.4, ,103, ,51.7, 
240,1/14/2019,0900,14,0, ,0, ,125, ,8.3, ,51.5, ,63, ,39.6, ,2.2, ,98, ,51.6, 
240,1/14/2019,1000,14,0, ,0, ,151, ,8.2, ,53.5, ,58, ,39.3, ,3.8, ,89, ,51.5, 
240,1/14/2019,1100,14,0, ,0, ,129, ,8.9, ,53.5, ,64, ,41.4, ,1, ,317, ,51.5, 
240,1/14/2019,1200,14,0, ,0.05, ,189, ,9.6, ,53.1, ,69, ,43.4, ,11.2, ,142, ,51.5, 
240,1/14/2019,1300,14,0, ,0, ,385, ,9.4, ,52.6, ,70, ,43, ,12.7, ,122, ,51.4, 
240,1/14/2019,1400,14,0, ,0.07, ,176, ,9.4, ,52.5, ,69, ,42.8, ,5.1, ,105, ,51.4, 
240,1/14/2019,1500,14,0, ,0.09, ,130, ,10.3, ,50.5, ,82, ,45.3, ,6.9, ,162, ,51.5, 
240,1/14/2019,1600,14,0, ,0.06, ,68, ,10.4, ,48.5, ,90, ,45.7, ,7.5, ,137, ,51.5, 
240,1/14/2019,1700,14,0, ,0.02, ,34, ,11, ,47.8, ,97, ,47, ,5.5, ,130, ,51.5, 
240,1/14/2019,1800,14,0, ,0.02, ,3, ,11, ,47.5, ,98, ,46.9, ,2.4, ,67, ,51.5, 
240,1/14/2019,1900,14,0, ,0.02, ,2, ,11.1, ,47.1, ,100, ,47.1, ,1.7, ,11, ,51.6, 
240,1/14/2019,2000,14,0, ,0.01, ,2, ,11.2, ,47.2, ,100, ,47.2, ,1.4, ,31, ,51.6, 
240,1/14/2019,2100,14,0, ,0.01, ,2, ,11.2, ,47.3, ,100, ,47.3, ,1.1, ,322, ,51.6, 
240,1/14/2019,2200,14,0,R,0.02, ,2, ,11.2, ,47.4, ,100, ,47.4, ,1,I,340, ,51.6, 
240,1/14/2019,2300,14,0, ,0.01, ,2, ,11.3, ,47.4, ,100, ,47.4, ,1.5, ,20, ,51.6, 
240,1/14/2019,2400,14,0, ,0, ,2, ,11.3, ,47.6, ,100, ,47.6, ,3.3, ,30, ,51.6, 
240,1/15/2019,0100,15,0, ,0, ,2, ,11.4, ,47.7, ,100, ,47.7, ,2.9, ,46, ,51.6, 
240,1/15/2019,0200,15,0, ,0, ,2, ,11.5, ,47.9, ,100, ,47.9, ,2, ,51, ,51.6, 
240,1/15/2019,0300,15,0, ,0, ,2, ,11.6, ,48.2, ,100, ,48.2, ,3.3, ,119, ,51.6, 
240,1/15/2019,0400,15,0, ,0, ,2, ,11.3, ,47.6, ,100, ,47.6, ,1, ,81, ,51.6, 
240,1/15/2019,0500,15,0,R,0, ,2, ,11.3, ,47.6, ,100, ,47.6, ,1,I,83, ,51.6, 
240,1/15/2019,0600,15,0,R,0, ,2, ,11.3, ,47.4, ,100, ,47.4, ,1,I,331, ,51.6, 
240,1/15/2019,0700,15,0,R,0, ,3, ,11.4, ,47.8, ,100, ,47.8, ,1,I,25, ,51.6, 
240,1/15/2019,0800,15,0, ,0, ,36, ,11.6, ,48.4, ,100, ,48.4, ,3.7, ,133, ,51.6, 
240,1/15/2019,0900,15,0, ,0, ,94, ,10.3, ,48.6, ,88, ,45.2, ,6.5, ,143, ,51.6, 
240,1/15/2019,1000,15,0, ,0, ,186, ,10, ,48.1, ,88, ,44.7, ,5.7, ,126, ,51.5, 
240,1/15/2019,1100,15,0, ,0, ,476, ,9.7, ,48.9, ,82, ,43.7, ,6.6, ,126, ,51.5, 
240,1/15/2019,1200,15,0, ,0, ,380, ,9.5, ,49.6, ,78, ,43.1, ,6, ,128, ,51.5, 
240,1/15/2019,1300,15,0, ,0, ,474, ,9.3, ,50.9, ,73, ,42.7, ,3.6, ,150, ,51.6, 
240,1/15/2019,1400,15,0.01, ,0, ,633, ,9.5, ,52.6, ,70, ,43.3, ,3.4, ,156, ,51.6, 
240,1/15/2019,1500,15,0, ,0, ,180, ,9.5, ,53, ,69, ,43.3, ,7.7, ,180, ,51.6, 
240,1/15/2019,1600,15,0, ,0, ,111, ,9.8, ,52, ,74, ,43.9, ,6.7, ,174, ,51.7, 
240,1/15/2019,1700,15,0, ,0.06, ,14, ,10.2, ,50.9, ,80, ,45, ,5.5, ,196, ,51.8, 
240,1/15/2019,1800,15,0, ,0.08, ,2, ,10.9, ,49.5, ,91, ,46.9, ,4.4, ,125, ,51.9, 
240,1/15/2019,1900,15,0, ,0.06, ,2, ,11.3, ,49.3, ,95, ,47.9, ,5.7, ,128, ,51.9, 
240,1/15/2019,2000,15,0, ,0.16, ,0, ,11.8, ,49, ,100, ,49, ,7.6, ,127, ,52, 
240,1/15/2019,2100,15,0, ,0.05, ,1, ,11.6, ,49, ,98, ,48.5, ,5.1, ,119, ,52, 
240,1/15/2019,2200,15,0, ,0.04, ,1, ,11.2, ,49.7, ,92, ,47.6, ,7.7, ,135, ,52, 
240,1/15/2019,2300,15,0, ,0.02, ,1, ,12.2, ,50, ,99, ,49.7, ,9.5, ,152, ,52.1, 
240,1/15/2019,2400,15,0, ,0.02, ,1, ,12.4, ,50, ,100, ,50, ,8.6, ,162, ,52.1, 
240,1/16/2019,0100,16,0, ,0.05, ,1, ,12.3, ,49.8, ,100, ,49.8, ,6.3, ,111, ,52.1, 
240,1/16/2019,0200,16,0, ,0.07, ,0, ,12.4, ,50.1, ,100, ,50.1, ,6.2, ,115, ,52.1, 
240,1/16/2019,0300,16,0, ,0.05, ,1, ,12.5, ,50.3, ,100, ,50.3, ,4.6, ,107, ,52.4, 
240,1/16/2019,0400,16,0, ,0, ,1, ,12.5, ,50.4, ,100, ,50.4, ,6.5, ,129, ,52.6, 
240,1/16/2019,0500,16,0, ,0, ,1, ,12.7, ,50.6, ,100, ,50.6, ,8.2, ,135, ,52.8, 
240,1/16/2019,0600,16,0, ,0, ,1, ,12.6, ,50.5, ,100, ,50.5, ,8, ,145, ,52.8, 
240,1/16/2019,0700,16,0, ,0.01, ,2, ,12.8, ,50.8, ,100, ,50.8, ,7.7, ,134, ,52.7, 
240,1/16/2019,0800,16,0, ,0.08, ,22, ,12.8, ,50.9, ,100, ,50.9, ,1.7, ,73, ,52.6, 
240,1/16/2019,0900,16,0, ,0.02, ,149, ,13.1, ,51.6, ,100, ,51.6, ,4, ,123, ,52.5, 
240,1/16/2019,1000,16,0, ,0, ,413, ,13.8, ,53, ,100, ,53, ,6.4, ,135, ,52.5, 
240,1/16/2019,1100,16,0, ,0.03, ,264, ,14.3, ,53.9, ,100, ,53.9, ,8, ,165, ,52.4, 
240,1/16/2019,1200,16,0, ,0.07, ,433, ,14.3, ,53.8, ,100, ,53.8, ,7.7, ,187, ,52.4, 
240,1/16/2019,1300,16,0.01, ,0, ,720, ,15.5, ,56.2, ,100, ,56.2, ,6.8, ,173, ,52.5, 
240,1/16/2019,1400,16,0.01, ,0, ,735, ,15.5, ,57.8, ,95, ,56.3, ,6.8, ,177, ,52.5, 
240,1/16/2019,1500,16,0, ,0, ,525, ,14.9, ,58.6, ,89, ,55.3, ,6.2, ,174, ,52.6, 
240,1/16/2019,1600,16,0, ,0, ,294, ,14.5, ,58.8, ,86, ,54.6, ,4.6, ,210, ,52.7, 
240,1/16/2019,1700,16,0, ,0, ,67, ,14.4, ,58.1, ,87, ,54.2, ,3.8, ,218, ,52.8, 
240,1/16/2019,1800,16,0,R,0, ,1, ,14.7, ,57.5, ,91, ,54.8, ,1,I,240, ,53, 
240,1/16/2019,1900,16,0, ,0, ,0, ,14.2, ,57.6, ,87, ,53.9, ,5.2, ,167, ,53.1, 
240,1/16/2019,2000,16,0, ,0, ,0, ,13.6, ,56.9, ,86, ,52.7, ,9, ,155, ,53.3, 
240,1/16/2019,2100,16,0, ,0, ,0, ,13.6, ,55.6, ,90, ,52.7, ,8.5, ,152, ,53.4, 
240,1/16/2019,2200,16,0, ,0, ,0, ,14.2, ,55, ,96, ,54, ,8.2, ,161, ,53.5, 
240,1/16/2019,2300,16,0, ,0, ,0, ,14.5, ,54.3, ,100, ,54.3, ,7.3, ,153, ,53.5, 
240,1/16/2019,2400,16,0, ,0.01, ,0, ,14.7, ,54.5, ,100, ,54.5, ,8.3, ,163, ,53.6, 
240,1/17/2019,0100,17,0, ,0, ,2, ,14.7, ,54.5, ,100, ,54.5, ,7.8, ,164, ,53.6, 
240,1/17/2019,0200,17,0,Y,0.01, ,2, ,14.7, ,54.7,Y,100,Y,54.7,Y,7.6, ,157, ,53.6, 
240,1/17/2019,0300,17,0,Y,0, ,3, ,14.7, ,54.7,Y,100,Y,54.7,Y,7.6, ,152, ,53.6, 
240,1/17/2019,0400,17,0,Y,0, ,2, ,14.7, ,54.6,Y,100,Y,54.6,Y,7.5, ,138, ,53.6, 
240,1/17/2019,0500,17,0,Y,0, ,2, ,14.8, ,54.7,Y,100,Y,54.7,Y,7.4, ,145, ,53.6, 
240,1/17/2019,0600,17,0,Y,0, ,1, ,14.7, ,54.6,Y,100,Y,54.6,Y,8.5, ,159, ,53.7, 
240,1/17/2019,0700,17,0,Y,0, ,2, ,14.7, ,54.6,Y,100,Y,54.6,Y,9.5, ,157, ,53.7, 
240,1/17/2019,0800,17,0,Y,0.01, ,38, ,14.7, ,54.6,Y,100,Y,54.6,Y,9.8, ,176, ,53.7, 
240,1/17/2019,0900,17,0, ,0.02, ,96, ,14.9, ,55, ,100, ,55, ,8.6, ,183, ,53.7, 
240,1/17/2019,1000,17,0, ,0.04, ,185, ,15, ,55.1, ,100, ,55.1, ,10.1, ,179, ,53.7, 
240,1/17/2019,1100,17,0, ,0.02, ,217, ,15.1, ,55.3, ,100, ,55.3, ,8.4, ,172, ,53.7, 
240,1/17/2019,1200,17,0, ,0.03, ,239, ,15.2, ,55.6, ,100, ,55.6, ,8.6, ,172, ,53.7, 
240,1/17/2019,1300,17,0, ,0.15, ,230, ,15.5, ,56.1, ,100, ,56.1, ,9.1, ,166, ,53.8, 
240,1/17/2019,1400,17,0, ,0.03, ,348, ,16, ,56.9, ,100, ,56.9, ,11.1, ,181, ,53.8, 
240,1/17/2019,1500,17,0, ,0.01, ,349, ,16.2, ,57.3, ,100, ,57.3, ,9.9, ,183, ,53.9, 
240,1/17/2019,1600,17,0, ,0, ,216, ,16.7, ,58.1, ,100, ,58.1, ,5, ,180, ,53.9, 
240,1/17/2019,1700,17,0, ,0, ,41, ,16.8, ,58.3, ,100, ,58.3, ,4.5, ,130, ,54, 
240,1/17/2019,1800,17,0, ,0, ,1, ,16.4, ,57.6, ,100, ,57.6, ,5.6, ,131, ,54.1, 
240,1/17/2019,1900,17,0, ,0, ,0, ,15.7, ,56.5, ,100, ,56.5, ,4.6, ,113, ,54.2, 
240,1/17/2019,2000,17,0, ,0, ,1, ,14.9, ,54.9, ,100, ,54.9, ,3.7, ,236, ,54.3, 
240,1/17/2019,2100,17,0, ,0, ,0, ,14.4, ,54, ,100, ,54, ,5.9, ,338, ,54.4, 
240,1/17/2019,2200,17,0, ,0, ,0, ,14, ,53.3, ,100, ,53.3, ,2.9, ,22, ,54.4, 
240,1/17/2019,2300,17,0, ,0, ,1, ,13.4, ,52.1, ,100, ,52.1, ,1.8, ,142, ,54.4, 
240,1/17/2019,2400,17,0, ,0, ,1, ,13.3, ,51.9, ,100, ,51.9, ,1.4, ,315, ,54.5, 
240,1/18/2019,0100,18,0,R,0, ,1, ,13.2, ,51.7, ,100, ,51.7, ,1,I,223, ,54.5, 
240,1/18/2019,0200,18,0,R,0, ,1, ,12.7, ,50.7, ,100, ,50.7, ,1,I,254, ,54.6, 
240,1/18/2019,0300,18,0, ,0, ,1, ,12.1, ,49.3, ,100, ,49.3, ,2.3, ,263, ,54.8, 
240,1/18/2019,0400,18,0, ,0, ,2, ,12.2, ,49.5, ,100, ,49.5, ,3, ,193, ,55, 
240,1/18/2019,0500,18,0, ,0, ,2, ,12.3, ,49.7, ,100, ,49.7, ,3, ,133, ,55.1,Y
240,1/18/2019,0600,18,0, ,0, ,2, ,12, ,49.2, ,100, ,49.2, ,3.7, ,199, ,55,Y
240,1/18/2019,0700,18,0, ,0, ,4, ,11.7, ,48.4, ,100, ,48.4, ,1.7, ,236, ,54.8,Y
240,1/18/2019,0800,18,0, ,0, ,57, ,11.8, ,48.7, ,100, ,48.7, ,2.5, ,229, ,54.7,Y
240,1/18/2019,0900,18,0, ,0, ,333, ,12.6, ,50.4, ,100, ,50.4, ,2.9, ,137, ,54.6,Y
240,1/18/2019,1000,18,0, ,0, ,450, ,13.2, ,51.7, ,100, ,51.7, ,1.3, ,208, ,54.4,Y
240,1/18/2019,1100,18,0, ,0, ,642, ,14, ,53.4, ,100, ,53.4, ,3.5, ,147, ,54.4, 
240,1/18/2019,1200,18,0.01, ,0, ,781, ,12, ,55, ,81, ,49.3, ,6.1, ,138, ,54.3, 
240,1/18/2019,1300,18,0.01, ,0, ,848, ,11.4, ,56.5, ,73, ,48, ,4.6, ,148, ,54.3, 
240,1/18/2019,1400,18,0.01, ,0, ,827, ,12.3, ,58.8, ,73, ,50, ,4.1, ,34, ,54.3, 
240,1/18/2019,1500,18,0.01, ,0, ,754, ,12.1, ,59.6, ,70, ,49.6, ,2.8, ,16, ,54.4, 
240,1/18/2019,1600,18,0, ,0, ,403, ,11.7, ,59.6, ,67, ,48.8, ,3.5, ,25, ,54.5, 
240,1/18/2019,1700,18,0, ,0, ,104, ,11.8, ,58.9, ,69, ,48.9, ,3.2, ,26, ,54.6, 
240,1/18/2019,1800,18,0, ,0, ,4, ,11.9, ,56.5, ,76, ,49.1, ,1.8, ,13, ,54.7, 
240,1/18/2019,1900,18,0, ,0, ,0, ,11.7, ,53.9, ,82, ,48.7, ,2.6, ,342, ,54.8, 
240,1/18/2019,2000,18,0, ,0, ,0, ,11.4, ,51.6, ,88, ,48.1, ,3.8, ,6, ,54.9, 
240,1/18/2019,2100,18,0, ,0, ,0, ,11.5, ,51, ,90, ,48.3, ,2.9, ,338, ,54.9, 
240,1/18/2019,2200,18,0, ,0, ,0, ,11.2, ,49.5, ,93, ,47.4, ,2.1, ,92, ,54.9, 
240,1/18/2019,2300,18,0, ,0, ,1, ,10.7, ,47.6, ,96, ,46.4, ,1.3, ,327, ,54.9, 
240,1/18/2019,2400,18,0,R,0, ,1, ,10.7, ,46.4, ,100, ,46.3, ,1,I,350, ,54.9, 
240,1/19/2019,0100,19,0, ,0, ,0, ,10.2, ,44.9, ,100, ,44.9, ,1.6, ,348, ,54.8, 
240,1/19/2019,0200,19,0, ,0, ,0, ,9.9, ,44, ,100, ,44, ,1.5, ,164, ,54.8, 
240,1/19/2019,0300,19,0, ,0, ,1, ,9.7, ,43.5, ,100, ,43.5, ,1.8, ,205, ,54.9, 
240,1/19/2019,0400,19,0, ,0, ,2, ,9.6, ,43.2, ,100, ,43.2, ,1.8, ,279, ,55, 
240,1/19/2019,0500,19,0, ,0, ,2, ,9, ,41.4, ,100, ,41.4, ,1.5, ,42, ,54.9, 
240,1/19/2019,0600,19,0, ,0, ,3, ,9.3, ,42.4, ,100, ,42.4, ,2.7, ,151, ,54.7, 
240,1/19/2019,0700,19,0, ,0, ,7, ,9.6, ,43.2, ,100, ,43.2, ,2, ,99, ,54.4, 
240,1/19/2019,0800,19,0, ,0, ,172, ,9.4, ,42.5, ,100, ,42.5, ,2.1, ,311, ,54.2, 
240,1/19/2019,0900,19,0, ,0, ,521, ,11.4, ,47.6, ,100, ,47.6, ,1.6, ,10, ,54, 
240,1/19/2019,1000,19,0.01, ,0, ,834, ,11.8, ,53.5, ,84, ,49, ,2.4, ,216, ,53.9, 
240,1/19/2019,1100,19,0.01,R,0, ,1096, ,11.5, ,60.9, ,63, ,48.2, ,1,I,159, ,53.7, 
240,1/19/2019,1200,19,0.01,R,0, ,1217, ,12.4, ,66.3, ,56, ,50.2, ,1,I,312, ,53.7, 
240,1/19/2019,1300,19,0.01, ,0, ,1216, ,12.4, ,69.5, ,50, ,50.3, ,3.4, ,328, ,53.7, 
240,1/19/2019,1400,19,0.01, ,0, ,1091, ,12.3, ,73.8, ,43, ,50, ,1.2, ,320, ,53.7, 
240,1/19/2019,1500,19,0.01, ,0, ,849, ,11.4, ,75.2, ,38, ,48.1, ,2.2, ,335, ,53.7, 
240,1/19/2019,1600,19,0.01, ,0, ,519, ,11.3, ,71.6, ,43, ,47.9, ,7.6, ,27, ,53.8, 
240,1/19/2019,1700,19,0, ,0, ,138, ,10.2, ,66, ,47, ,45.1, ,7.1, ,20, ,53.9, 
240,1/19/2019,1800,19,0, ,0, ,4, ,11.1, ,65.3, ,52, ,47.3, ,6.1, ,23, ,54.1, 
240,1/19/2019,1900,19,0, ,0, ,0, ,10.7, ,61.8, ,57, ,46.4, ,5.8, ,10, ,54.2, 
240,1/19/2019,2000,19,0, ,0, ,0, ,9.8, ,57.4, ,61, ,44, ,3.8, ,353, ,54.3, 
240,1/19/2019,2100,19,0, ,0, ,0, ,9.5, ,53.8, ,67, ,43.1, ,1.3, ,356, ,54.4, 
240,1/19/2019,2200,19,0, ,0, ,0, ,9.5, ,53.2, ,69, ,43.2, ,2.3, ,22, ,54.4, 
240,1/19/2019,2300,19,0, ,0, ,0, ,10, ,50.9, ,79, ,44.5, ,1.9, ,273, ,54.4, 
240,1/19/2019,2400,19,0, ,0, ,0, ,9.7, ,50.4, ,78, ,43.8, ,1.1, ,300, ,54.4, 
240,1/20/2019,0100,20,0,R,0, ,0, ,9.4, ,49.9, ,77, ,42.9, ,1,I,8, ,54.4, 
240,1/20/2019,0200,20,0,R,0, ,0, ,9.4, ,47.7, ,83, ,42.9, ,1,I,269, ,54.4, 
240,1/20/2019,0300,20,0,R,0, ,0, ,9.3, ,46.5, ,86, ,42.6, ,1,I,303, ,54.6, 
240,1/20/2019,0400,20,0,R,0, ,0, ,9.4, ,46.9, ,85, ,42.8, ,1,I,33, ,54.7, 
240,1/20/2019,0500,20,0,R,0, ,0, ,9.4, ,46.1, ,89, ,43, ,1,I,151, ,54.7, 
240,1/20/2019,0600,20,0,R,0, ,0, ,9.7, ,45.8, ,93, ,43.8, ,1,I,31, ,54.5, 
240,1/20/2019,0700,20,0,R,0, ,6, ,9.5, ,44.7, ,94, ,43.1, ,1,I,284, ,54.3, 
240,1/20/2019,0800,20,0,R,0, ,110, ,10.1, ,45.6, ,97, ,44.7, ,1,I,8, ,54.1, 
240,1/20/2019,0900,20,0,R,0, ,345, ,11, ,48.4, ,95, ,47, ,1,I,292, ,54, 
240,1/20/2019,1000,20,0.01,R,0, ,712, ,11.4, ,52.9, ,83, ,47.9, ,1,I,334, ,53.8, 
240,1/20/2019,1100,20,0.01,R,0, ,979, ,11.9, ,60.2, ,67, ,49.1, ,1,I,88, ,53.7, 
240,1/20/2019,1200,20,0.01,R,0, ,976, ,12.5, ,68, ,53, ,50.5, ,1,I,176, ,53.6, 
240,1/20/2019,1300,20,0.01,R,0, ,1006, ,12.7, ,74.4, ,44, ,50.9, ,1,I,159, ,53.6, 
240,1/20/2019,1400,20,0.01,R,0, ,921, ,10.3, ,71.7, ,39, ,45.4, ,1,I,293, ,53.6, 
240,1/20/2019,1500,20,0.01, ,0, ,666, ,10.3, ,70.1, ,41, ,45.4, ,3.3, ,342, ,53.6, 
240,1/20/2019,1600,20,0, ,0, ,225, ,11.6, ,68.8, ,48, ,48.6, ,4.8, ,347, ,53.7, 
240,1/20/2019,1700,20,0, ,0, ,82, ,13.5, ,67.8, ,58, ,52.5, ,1.5, ,316, ,53.8, 
240,1/20/2019,1800,20,0, ,0, ,1, ,13.8, ,66.8, ,61, ,53.1, ,1.2, ,102, ,54, 
240,1/20/2019,1900,20,0, ,0, ,0, ,15, ,64.3, ,73, ,55.4, ,6.1, ,137, ,54.1, 
240,1/20/2019,2000,20,0, ,0, ,0, ,12.7, ,59.2, ,74, ,50.9, ,7, ,135, ,54.2, 
240,1/20/2019,2100,20,0, ,0, ,0, ,11.5, ,56.2, ,75, ,48.2, ,5.4, ,142, ,54.3, 
240,1/20/2019,2200,20,0, ,0, ,0, ,11.5, ,54.1, ,80, ,48.2, ,6.5, ,137, ,54.4, 
240,1/20/2019,2300,20,0, ,0, ,0, ,12.5, ,52.5, ,93, ,50.5, ,4.4, ,166, ,54.4, 
240,1/20/2019,2400,20,0, ,0, ,0, ,12.5, ,52.1, ,95, ,50.5, ,4.3, ,129, ,54.4, 
240,1/21/2019,0100,21,0, ,0, ,0, ,12.2, ,51.3, ,94, ,49.7, ,1.7, ,59, ,54.4, 
240,1/21/2019,0200,21,0, ,0, ,0, ,12, ,50.2, ,97, ,49.3, ,1.1, ,204, ,54.5, 
240,1/21/2019,0300,21,0, ,0, ,0, ,12.1, ,49.6, ,100, ,49.6, ,1.3, ,230, ,54.7, 
240,1/21/2019,0400,21,0, ,0, ,0, ,12.4, ,49.8, ,100, ,49.8, ,2.2, ,124, ,54.9, 
240,1/21/2019,0500,21,0, ,0, ,0, ,10.6, ,50.1, ,86, ,46.2, ,2.3, ,279, ,55, 
240,1/21/2019,0600,21,0, ,0, ,0, ,9.9, ,50, ,81, ,44.3, ,2.9, ,180, ,54.8, 
240,1/21/2019,0700,21,0, ,0, ,2, ,9.9, ,48.5, ,85, ,44.2, ,2.9, ,203, ,54.7, 
240,1/21/2019,0800,21,0, ,0, ,171, ,10, ,49, ,85, ,44.6, ,1.8, ,194, ,54.6, 
240,1/21/2019,0900,21,0, ,0, ,532, ,9.9, ,51.2, ,77, ,44.2, ,3, ,158, ,54.4, 
240,1/21/2019,1000,21,0.01, ,0, ,841, ,9.9, ,53, ,72, ,44.2, ,1.8, ,68, ,54.3, 
240,1/21/2019,1100,21,0.01, ,0, ,1110, ,7.8, ,54.2, ,54, ,38, ,7.2, ,284, ,54.2, 
240,1/21/2019,1200,21,0.02, ,0, ,1225, ,6.7, ,56.6, ,43, ,34.1, ,10.4, ,305, ,54.1, 
240,1/21/2019,1300,21,0.02, ,0, ,1245, ,6.1, ,57.8, ,37, ,32, ,11.4, ,323, ,54.1, 
240,1/21/2019,1400,21,0.02, ,0, ,1112, ,5.8, ,57.4, ,36, ,30.9, ,12.6, ,318, ,54.1, 
240,1/21/2019,1500,21,0.01, ,0, ,850, ,5.6, ,57.1, ,35, ,30, ,12.4, ,305, ,54.1, 
240,1/21/2019,1600,21,0.01, ,0, ,530, ,5.7, ,56.5, ,37, ,30.4, ,12.6, ,306, ,54.1, 
240,1/21/2019,1700,21,0, ,0, ,170, ,5.9, ,55.1, ,40, ,31, ,7.3, ,305, ,54.1, 
240,1/21/2019,1800,21,0, ,0, ,3, ,6.2, ,52.1, ,47, ,32.3, ,4.1, ,300, ,54.1, 
240,1/21/2019,1900,21,0,R,0, ,0, ,6.4, ,50.5, ,51, ,33.1, ,1,I,315, ,54.1, 
240,1/21/2019,2000,21,0,R,0, ,0, ,6.5, ,48.7, ,55, ,33.4, ,1,I,36, ,54, 
240,1/21/2019,2100,21,0, ,0, ,0, ,7.4, ,48.3, ,64, ,36.7, ,1.2, ,152, ,54, 
240,1/21/2019,2200,21,0, ,0, ,0, ,7.7, ,46.3, ,72, ,37.8, ,2.9, ,167, ,53.9, 
240,1/21/2019,2300,21,0, ,0, ,0, ,7.5, ,43.7, ,78, ,37.2, ,1.2, ,166, ,53.8, 
240,1/21/2019,2400,21,0, ,0, ,0, ,7.7, ,43.6, ,80, ,37.7, ,1.8, ,233, ,53.7, 
240,1/22/2019,0100,22,0, ,0, ,0, ,7.8, ,42.2, ,85, ,38, ,2.5, ,168, ,53.6, 
240,1/22/2019,0200,22,0, ,0, ,0, ,7.3, ,43.7, ,75, ,36.3, ,5, ,351, ,53.5, 
240,1/22/2019,0300,22,0, ,0, ,0, ,5.7, ,47.7, ,50, ,30.2, ,10.3, ,335, ,53.3, 
240,1/22/2019,0400,22,0, ,0, ,0, ,5.1, ,47.4, ,46, ,27.6, ,5.6, ,334, ,53.2, 
240,1/22/2019,0500,22,0, ,0, ,0, ,4.8, ,48.7, ,41, ,26.3, ,15, ,332, ,53, 
240,1/22/2019,0600,22,0, ,0, ,0, ,5.4, ,40.2, ,64, ,28.9, ,4, ,30, ,52.9, 
240,1/22/2019,0700,22,0, ,0, ,3, ,5.7, ,37.8, ,74, ,30.2, ,1.9, ,56, ,52.8, 
240,1/22/2019,0800,22,0, ,0, ,185, ,5.9, ,38.8, ,74, ,31.3, ,1.5, ,293, ,52.6, 
240,1/22/2019,0900,22,0, ,0, ,557, ,6.4, ,43.8, ,66, ,33.2, ,1.8, ,97, ,52.4, 
240,1/22/2019,1000,22,0.01, ,0, ,892, ,7, ,50.2, ,56, ,35.4, ,1, ,3, ,52.3, 
240,1/22/2019,1100,22,0.01, ,0, ,1136, ,5.7, ,54.3, ,39, ,30.2, ,2.8, ,186, ,52.2, 
240,1/22/2019,1200,22,0.01, ,0, ,1268, ,4.1, ,58.1, ,25, ,22.4, ,4, ,226, ,52.1, 
240,1/22/2019,1300,22,0.02, ,0, ,1273, ,3.8, ,61.6, ,21, ,20.8, ,9.9, ,326, ,52, 
240,1/22/2019,1400,22,0.02, ,0, ,1117, ,4, ,64.3, ,19, ,21.7, ,16.4, ,338, ,52, 
240,1/22/2019,1500,22,0.01, ,0, ,760, ,3.8, ,63.7, ,19, ,20.3, ,11.9, ,353, ,52, 
240,1/22/2019,1600,22,0.01, ,0, ,367, ,3.8, ,60.8, ,21, ,20.3, ,15.3, ,335, ,52.1, 
240,1/22/2019,1700,22,0.01, ,0, ,183, ,3.7, ,58.8, ,22, ,19.8, ,14.4, ,337, ,52.1, 
240,1/22/2019,1800,22,0, ,0, ,6, ,3.6, ,53.1, ,26, ,19.1, ,10.1, ,342, ,52.2, 
240,1/22/2019,1900,22,0, ,0, ,0, ,4.1, ,50.1, ,33, ,22.4, ,7.1, ,338, ,52.2, 
240,1/22/2019,2000,22,0, ,0, ,0, ,4.1, ,47.1, ,37, ,22.4, ,4.7, ,9, ,52.2, 
240,1/22/2019,2100,22,0, ,0, ,0, ,4.3, ,44.1, ,43, ,23.3, ,1.1, ,18, ,52.2, 
240,1/22/2019,2200,22,0,R,0, ,0, ,4.2, ,43.1, ,44, ,22.9, ,1,I,43, ,52.1, 
240,1/22/2019,2300,22,0, ,0, ,0, ,4.7, ,41.4, ,53, ,25.6, ,1.7, ,135, ,52, 
240,1/22/2019,2400,22,0, ,0, ,0, ,4.8, ,39.4, ,59, ,26.3, ,1.1, ,32, ,51.9, 
240,1/23/2019,0100,23,0,R,0, ,0, ,4.9, ,37, ,65, ,26.5, ,1,I,18, ,51.8, 
240,1/23/2019,0200,23,0, ,0, ,0, ,5.1, ,36.2, ,70, ,27.3, ,1.1, ,15, ,51.8, 
240,1/23/2019,0300,23,0,R,0, ,0, ,5, ,35.4, ,71, ,26.9, ,1,I,99, ,51.9, 
240,1/23/2019,0400,23,0, ,0, ,0, ,5.1, ,35.1, ,73, ,27.3, ,1.6, ,137, ,52, 
240,1/23/2019,0500,23,0, ,0, ,0, ,4.9, ,34.6, ,73, ,26.8, ,2.3, ,188, ,52, 
240,1/23/2019,0600,23,0, ,0, ,0, ,4.9, ,33, ,77, ,26.7, ,2.9, ,17, ,51.8, 
240,1/23/2019,0700,23,0, ,0, ,4, ,4.9, ,32.7, ,77, ,26.4, ,1.2, ,347, ,51.6, 
240,1/23/2019,0800,23,0, ,0, ,177, ,5.2, ,34.8, ,76, ,28, ,2.1, ,205, ,51.4, 
240,1/23/2019,0900,23,0, ,0, ,545, ,5.4, ,42.5, ,59, ,29.1, ,1.9, ,107, ,51.2, 
240,1/23/2019,1000,23,0.01,R,0, ,836, ,6.1, ,49.8, ,50, ,31.8, ,1,I,184, ,51.1, 
240,1/23/2019,1100,23,0.01, ,0, ,1129, ,5.1, ,55.3, ,34, ,27.7, ,1.4, ,321, ,51, 
240,1/23/2019,1200,23,0.01, ,0, ,1263, ,4.4, ,59, ,26, ,23.8, ,1, ,313, ,50.9, 
240,1/23/2019,1300,23,0.01,R,0, ,1265, ,5.2, ,64.5, ,25, ,28, ,1,I,308, ,50.8, 
240,1/23/2019,1400,23,0.01, ,0, ,1140, ,4.6, ,67.5, ,20, ,25, ,1.8, ,282, ,50.8, 
240,1/23/2019,1500,23,0.01, ,0, ,896, ,4.4, ,69.8, ,18, ,23.9, ,1.9, ,298, ,50.8, 
240,1/23/2019,1600,23,0.01, ,0, ,548, ,5.2, ,71.3, ,20, ,28.1, ,3, ,355, ,50.8, 
240,1/23/2019,1700,23,0, ,0, ,189, ,6.7, ,66.9, ,30, ,34.4, ,5, ,333, ,51, 
240,1/23/2019,1800,23,0, ,0, ,5, ,6.7, ,59, ,39, ,34.4, ,2.7, ,280, ,51.1, 
240,1/23/2019,1900,23,0,R,0, ,0, ,6.1, ,54.1, ,43, ,32, ,1,I,10, ,51.2, 
240,1/23/2019,2000,23,0, ,0, ,0, ,6.4, ,49.9, ,52, ,33, ,1, ,354, ,51.4, 
240,1/23/2019,2100,23,0, ,0, ,0, ,6.3, ,48.5, ,54, ,32.8, ,1.3, ,23, ,51.5, 
240,1/23/2019,2200,23,0, ,0, ,0, ,6.7, ,46.2, ,63, ,34.2, ,1.4, ,337, ,51.5, 
240,1/23/2019,2300,23,0, ,0, ,0, ,6.2, ,43.5, ,65, ,32.4, ,1, ,8, ,51.5, 
240,1/23/2019,2400,23,0, ,0, ,0, ,6.2, ,41.8, ,69, ,32.4, ,1.1, ,269, ,51.5, 
240,1/24/2019,0100,24,0, ,0, ,0, ,6.9, ,41.6, ,77, ,35, ,1.3, ,5, ,51.4, 
240,1/24/2019,0200,24,0, ,0, ,0, ,6.7, ,39.7, ,81, ,34.4, ,1, ,354, ,51.4, 
240,1/24/2019,0300,24,0,R,0, ,0, ,6.3, ,38.7, ,79, ,32.8, ,1,I,318, ,51.3, 
240,1/24/2019,0400,24,0, ,0, ,0, ,6.1, ,37.4, ,81, ,32.1, ,1.5, ,281, ,51.2, 
240,1/24/2019,0500,24,0, ,0, ,0, ,6.4, ,38.1, ,83, ,33.3, ,1.9, ,165, ,51.2, 
240,1/24/2019,0600,24,0, ,0, ,0, ,6.1, ,36.9, ,83, ,32, ,1.1, ,270, ,51.1, 
240,1/24/2019,0700,24,0, ,0, ,5, ,6, ,36.4, ,83, ,31.7, ,1.2, ,348, ,51, 
240,1/24/2019,0800,24,0, ,0, ,181, ,6.6, ,39.8, ,80, ,34.1, ,1.4, ,145, ,50.9, 
240,1/24/2019,0900,24,0, ,0, ,545, ,7.6, ,46.2, ,71, ,37.5, ,2.5, ,249, ,50.8, 
240,1/24/2019,1000,24,0.01, ,0, ,876, ,8.1, ,56.5, ,52, ,39.2, ,1.6, ,148, ,50.7, 
240,1/24/2019,1100,24,0.01,R,0, ,1129, ,9, ,64.5, ,43, ,41.7, ,1,I,110, ,50.6, 
240,1/24/2019,1200,24,0.02, ,0, ,1270, ,8.9, ,72.6, ,33, ,41.6, ,3, ,67, ,50.6, 
240,1/24/2019,1300,24,0.02, ,0, ,1237, ,8.7, ,75.2, ,29, ,41, ,6.3, ,40, ,50.6, 
240,1/24/2019,1400,24,0.02, ,0, ,1060, ,7.8, ,74.4, ,27, ,38, ,9.7, ,36, ,50.6, 
240,1/24/2019,1500,24,0.01, ,0, ,770, ,7.6, ,74, ,27, ,37.6, ,8, ,32, ,50.6, 
240,1/24/2019,1600,24,0.01, ,0, ,466, ,7.9, ,72.5, ,29, ,38.5, ,8, ,26, ,50.7, 
240,1/24/2019,1700,24,0, ,0, ,172, ,7.4, ,67.3, ,32, ,36.8, ,7.4, ,24, ,50.8, 
240,1/24/2019,1800,24,0, ,0, ,4, ,6.3, ,60.9, ,34, ,32.7, ,6.7, ,19, ,51, 
240,1/24/2019,1900,24,0, ,0, ,0, ,5.7, ,57.1, ,36, ,30.3, ,4.8, ,356, ,51.1, 
240,1/24/2019,2000,24,0, ,0, ,0, ,6.2, ,55, ,42, ,32.5, ,4, ,350, ,51.2, 
240,1/24/2019,2100,24,0, ,0, ,0, ,6.3, ,53.4, ,45, ,32.7, ,5.2, ,353, ,51.3, 
240,1/24/2019,2200,24,0, ,0, ,0, ,5.7, ,53.1, ,41, ,30.2, ,6.1, ,353, ,51.3, 
240,1/24/2019,2300,24,0, ,0, ,0, ,5.7, ,51.4, ,44, ,30.1, ,4.6, ,0, ,51.4, 
240,1/24/2019,2400,24,0, ,0, ,0, ,5.6, ,50.7, ,44, ,29.8, ,6.3, ,358, ,51.3, 
240,1/25/2019,0100,25,0, ,0, ,0, ,5.9, ,49.2, ,49, ,31.1, ,3.9, ,351, ,51.3, 
240,1/25/2019,0200,25,0, ,0, ,0, ,6.1, ,47.8, ,54, ,32, ,1.2, ,35, ,51.3, 
240,1/25/2019,0300,25,0,R,0, ,0, ,6.1, ,43.5, ,64, ,32, ,1,I,197, ,51.5, 
240,1/25/2019,0400,25,0, ,0, ,0, ,5.7, ,45.8, ,55, ,30.4, ,3.5, ,259, ,51.6, 
240,1/25/2019,0500,25,0, ,0, ,0, ,6.7, ,43.4, ,70, ,34.2, ,3.2, ,130, ,51.7, 
240,1/25/2019,0600,25,0, ,0, ,0, ,6, ,39.7, ,73, ,31.7, ,1, ,265, ,51.5, 
240,1/25/2019,0700,25,0, ,0, ,4, ,6.3, ,39.7, ,75, ,32.6, ,2.7, ,147, ,51.4, 
240,1/25/2019,0800,25,0, ,0, ,198, ,6.3, ,42.4, ,68, ,32.7, ,1.6, ,163, ,51.2, 
240,1/25/2019,0900,25,0, ,0, ,560, ,7.3, ,46.8, ,67, ,36.5, ,1.1, ,358, ,51.1, 
240,1/25/2019,1000,25,0.01, ,0, ,897, ,7.4, ,55.5, ,49, ,36.7, ,1.3, ,15, ,51, 
240,1/25/2019,1100,25,0.01, ,0, ,1146, ,6.5, ,64.9, ,31, ,33.5, ,5.6, ,24, ,50.8, 
240,1/25/2019,1200,25,0.02, ,0, ,1307, ,6.7, ,70.9, ,26, ,34.3, ,5.5, ,2, ,50.8, 
240,1/25/2019,1300,25,0.02, ,0, ,1295, ,6.7, ,72.6, ,25, ,34.4, ,7.6, ,322, ,50.7, 
240,1/25/2019,1400,25,0.02, ,0, ,1171, ,7.1, ,75.3, ,24, ,35.7, ,7, ,333, ,50.7, 
240,1/25/2019,1500,25,0.01, ,0, ,920, ,7.7, ,78.4, ,23, ,37.9, ,7.1, ,341, ,50.7, 
240,1/25/2019,1600,25,0.01, ,0, ,583, ,8.4, ,76.6, ,27, ,40.1, ,11.1, ,324, ,50.8, 
240,1/25/2019,1700,25,0, ,0, ,201, ,7.9, ,72.8, ,29, ,38.4, ,6.8, ,332, ,51, 
240,1/25/2019,1800,25,0, ,0, ,3, ,6.5, ,61.5, ,35, ,33.4, ,3.3, ,310, ,51.2, 
240,1/25/2019,1900,25,0, ,0, ,0, ,5.3, ,56.2, ,34, ,28.4, ,7.7, ,345, ,51.3, 
240,1/25/2019,2000,25,0, ,0, ,0, ,5.6, ,55.5, ,37, ,29.7, ,5.4, ,9, ,51.4, 
240,1/25/2019,2100,25,0, ,0, ,0, ,6, ,54.1, ,42, ,31.4, ,2.4, ,330, ,51.5, 
240,1/25/2019,2200,25,0, ,0, ,0, ,5.7, ,50.6, ,45, ,30.3, ,1, ,301, ,51.5, 
240,1/25/2019,2300,25,0,R,0, ,0, ,6.1, ,49.4, ,51, ,31.9, ,1,I,83, ,51.5, 
240,1/25/2019,2400,25,0,R,0, ,0, ,6.4, ,46.8, ,59, ,33, ,1,I,112, ,51.5, 
240,1/26/2019,0100,26,0,R,0, ,0, ,6.4, ,44.3, ,64, ,33.1, ,1,I,346, ,51.5, 
240,1/26/2019,0200,26,0, ,0, ,0, ,6.7, ,44.5, ,68, ,34.4, ,1.3, ,108, ,51.5, 
240,1/26/2019,0300,26,0, ,0, ,0, ,6.5, ,41.5, ,73, ,33.5, ,1.5, ,350, ,51.6, 
240,1/26/2019,0400,26,0, ,0, ,0, ,6.3, ,39.6, ,76, ,32.8, ,1, ,279, ,51.7, 
240,1/26/2019,0500,26,0, ,0, ,0, ,6.1, ,39.7, ,74, ,32, ,1.5, ,59, ,51.8, 
240,1/26/2019,0600,26,0, ,0, ,0, ,6, ,38.4, ,77, ,31.7, ,1.6, ,225, ,51.6, 
240,1/26/2019,0700,26,0, ,0, ,6, ,5.7, ,36.3, ,79, ,30.3, ,2.4, ,46, ,51.5, 
240,1/26/2019,0800,26,0, ,0, ,205, ,6.3, ,43.4, ,65, ,32.6, ,3.8, ,306, ,51.3, 
240,1/26/2019,0900,26,0.01, ,0, ,565, ,7.4, ,52.7, ,54, ,36.7, ,4, ,332, ,51.1, 
240,1/26/2019,1000,26,0.01, ,0, ,896, ,6.4, ,64.9, ,31, ,33.3, ,9.6, ,348, ,51, 
240,1/26/2019,1100,26,0.02,Y,0, ,1154, ,7, ,74.3,Y,24,Y,35.5,Y,10.7, ,15, ,50.8, 
240,1/26/2019,1200,26,0.02,Y,0, ,1207, ,7.4, ,80.1,Y,21,Y,36.8,Y,11.8, ,28, ,50.8, 
240,1/26/2019,1300,26,0.02,Y,0, ,1273, ,8, ,81.9,Y,21,Y,38.7,Y,10.7, ,41, ,50.7, 
240,1/26/2019,1400,26,0.02,Y,0, ,1060, ,8.8, ,84.2,Y,22,Y,41.1,Y,10.6, ,30, ,50.8, 
240,1/26/2019,1500,26,0.02, ,0, ,891, ,6.6, ,80.7, ,18, ,33.8, ,9.9, ,18, ,50.8, 
240,1/26/2019,1600,26,0.01, ,0, ,529, ,6.4, ,79, ,19, ,33.1, ,10.2, ,359, ,50.9, 
240,1/26/2019,1700,26,0.01, ,0, ,188, ,7.2, ,76.5, ,23, ,36, ,10.5, ,350, ,51, 
240,1/26/2019,1800,26,0, ,0, ,5, ,6.4, ,68.5, ,27, ,33.2, ,8.8, ,336, ,51.2, 
240,1/26/2019,1900,26,0, ,0, ,0, ,5, ,65.1, ,24, ,27, ,11, ,352, ,51.3, 
240,1/26/2019,2000,26,0, ,0, ,0, ,5, ,58.8, ,30, ,27.1, ,4.9, ,7, ,51.4, 
240,1/26/2019,2100,26,0, ,0, ,0, ,5.9, ,57, ,37, ,31.2, ,2.8, ,244, ,51.5, 
240,1/26/2019,2200,26,0, ,0, ,0, ,6.7, ,55.3, ,45, ,34.3, ,1.5, ,191, ,51.5, 
240,1/26/2019,2300,26,0, ,0, ,0, ,6.8, ,52.8, ,50, ,34.7, ,1.3, ,261, ,51.5, 
240,1/26/2019,2400,26,0,R,0, ,0, ,7, ,51.4, ,54, ,35.5, ,1,I,126, ,51.5, 
240,1/27/2019,0100,27,0, ,0, ,0, ,6.8, ,50.3, ,55, ,34.7, ,1.9, ,164, ,51.5, 
240,1/27/2019,0200,27,0,R,0, ,0, ,7.8, ,49.2, ,66, ,38.3, ,1,I,217, ,51.5, 
240,1/27/2019,0300,27,0,R,0, ,0, ,7.7, ,47.5, ,69, ,37.7, ,1,I,98, ,51.6, 
240,1/27/2019,0400,27,0, ,0, ,0, ,7.2, ,44.2, ,73, ,36.2, ,1, ,220, ,51.8, 
240,1/27/2019,0500,27,0, ,0, ,0, ,7.1, ,43.6, ,74, ,35.9, ,1.2, ,263, ,51.8, 
240,1/27/2019,0600,27,0, ,0, ,0, ,7.5, ,45.5, ,72, ,37.1, ,1.9, ,149, ,51.7, 
240,1/27/2019,0700,27,0, ,0, ,4, ,7.1, ,44.5, ,72, ,35.9, ,1.8, ,128, ,51.6, 
240,1/27/2019,0800,27,0, ,0, ,195, ,7.4, ,44.2, ,75, ,36.8, ,1, ,276, ,51.4, 
240,1/27/2019,0900,27,0,R,0, ,548, ,9.3, ,53.3, ,67, ,42.7, ,1,I,254, ,51.3, 
240,1/27/2019,1000,27,0.01, ,0, ,881, ,9, ,60.7, ,49, ,41.7, ,1, ,159, ,51.2, 
240,1/27/2019,1100,27,0.01,R,0, ,1066, ,9.7, ,72.3, ,36, ,43.8, ,1,I,300, ,51.1, 
240,1/27/2019,1200,27,0.02,R,0, ,1245, ,10.3, ,79.6,Y,30,Y,45.2,Y,1,I,328, ,51, 
240,1/27/2019,1300,27,0.02,R,0, ,1271, ,8, ,80.4, ,23, ,38.9, ,1,I,219, ,51, 
240,1/27/2019,1400,27,0.01,R,0, ,1150, ,6.3, ,77.7, ,19, ,32.7, ,1,I,181, ,51.1, 
240,1/27/2019,1500,27,0.01,R,0, ,931, ,8.3, ,83.6,Y,21,Y,39.7,Y,1,I,180, ,51.1, 
240,1/27/2019,1600,27,0.01,R,0, ,561, ,7.6, ,81.4, ,21, ,37.6, ,1,I,318, ,51.3, 
240,1/27/2019,1700,27,0,R,0, ,210, ,7.9, ,77.6, ,25, ,38.6, ,1,I,257, ,51.5, 
240,1/27/2019,1800,27,0,R,0, ,7, ,11, ,73.4,Y,39,Y,47,Y,1,I,262, ,51.7, 
240,1/27/2019,1900,27,0,R,0, ,0, ,8.3, ,66.7,Y,37,Y,39.6,Y,1,I,47, ,51.9, 
240,1/27/2019,2000,27,0,R,0, ,0, ,8.3, ,61.8, ,44, ,39.7, ,1,I,268, ,52.1, 
240,1/27/2019,2100,27,0,R,0, ,0, ,8.9, ,59.2, ,52, ,41.4, ,1,I,327, ,52.2, 
240,1/27/2019,2200,27,0,R,0, ,0, ,10.7, ,58.2,Y,65,Y,46.3,Y,1,I,251, ,52.3, 
240,1/27/2019,2300,27,0,R,0, ,0, ,10.1, ,54, ,71, ,44.8, ,1,I,274, ,52.4, 
240,1/27/2019,2400,27,0,R,0, ,0, ,10.8, ,55.1, ,73, ,46.6, ,1,I,356, ,52.4, 
240,1/28/2019,0100,28,0,R,0, ,0, ,9, ,48.5, ,78, ,41.9, ,1,I,267, ,52.4, 
240,1/28/2019,0200,28,0,R,0, ,0, ,8.2, ,45.4, ,80, ,39.5, ,1,I,285, ,52.4, 
240,1/28/2019,0300,28,0,R,0, ,0, ,8.1, ,44.7, ,81, ,39.1, ,1,I,283, ,52.6, 
240,1/28/2019,0400,28,0,R,0, ,0, ,7.9, ,43.4, ,83, ,38.6, ,1,I,245, ,52.7, 
240,1/28/2019,0500,28,0,R,0, ,0, ,7.9, ,42.8, ,84, ,38.4, ,1,I,301, ,52.9, 
240,1/28/2019,0600,28,0,R,0, ,0, ,7.8, ,42.6, ,84, ,38, ,1,I,302, ,52.8, 
240,1/28/2019,0700,28,0,R,0, ,5, ,7.5, ,41.4, ,85, ,37.1, ,1,I,335, ,52.6, 
240,1/28/2019,0800,28,0,R,0, ,200, ,7.8, ,42.2, ,86, ,38.2, ,1,I,242, ,52.4, 
240,1/28/2019,0900,28,0,R,0, ,383, ,10, ,50.8, ,79, ,44.4, ,1,I,337, ,52.3, 
240,1/28/2019,1000,28,0, ,0, ,465, ,10.8, ,55.3, ,72, ,46.5, ,1, ,15, ,52.1, 
240,1/28/2019,1100,28,0.01, ,0, ,818, ,10.8, ,60, ,61, ,46.6, ,1.2, ,342, ,52, 
240,1/28/2019,1200,28,0.01, ,0, ,1000, ,13.2, ,70.8, ,51, ,52, ,1.2, ,66, ,51.9, 
240,1/28/2019,1300,28,0,R,0, ,434, ,13.7, ,75.8, ,45, ,52.9, ,1,I,251, ,51.9, 
240,1/28/2019,1400,28,0.01, ,0, ,685, ,12.5, ,76, ,41, ,50.4, ,2.2, ,257, ,51.9, 
240,1/28/2019,1500,28,0.01,Y,0, ,754, ,18.7, ,84.9,Y,46,Y,61.6,Y,1.2, ,74, ,51.9, 
240,1/28/2019,1600,28,0.01, ,0, ,528, ,12.7, ,79.3, ,37, ,50.8, ,1.3, ,90, ,52, 
240,1/28/2019,1700,28,0,R,0, ,182, ,11.9, ,78.4, ,36, ,49.2, ,1,I,102, ,52.1, 
240,1/28/2019,1800,28,0,R,0, ,5, ,14.1, ,72.6,Y,52,Y,53.8,Y,1,I,340, ,52.2, 
240,1/28/2019,1900,28,0, ,0, ,0, ,11.6, ,63.2, ,58, ,48.4, ,1.7, ,24, ,52.4, 
240,1/28/2019,2000,28,0,R,0, ,0, ,10.6, ,60.6, ,59, ,46, ,1,I,104, ,52.5, 
240,1/28/2019,2100,28,0,R,0, ,0, ,12.9, ,61.5,Y,69,Y,51.3,Y,1,I,338, ,52.6, 
240,1/28/2019,2200,28,0,R,0, ,0, ,12.2, ,59.1,Y,71,Y,49.8,Y,1,I,180, ,52.7, 
240,1/28/2019,2300,28,0,R,0, ,0, ,11.7, ,56.7, ,75, ,48.8, ,1,I,275, ,52.8, 
240,1/28/2019,2400,28,0,R,0, ,0, ,11.4, ,55.3, ,76, ,48, ,1,I,234, ,52.8, 
240,1/29/2019,0100,29,0,R,0, ,0, ,11.9, ,55.1, ,81, ,49.2, ,1,I,252, ,52.8, 
240,1/29/2019,0200,29,0,R,0, ,0, ,12.3, ,55.9,Y,81,Y,50,Y,1,I,157, ,52.8, 
240,1/29/2019,0300,29,0, ,0, ,0, ,11.7, ,54.1, ,82, ,48.8, ,1.3, ,34, ,52.8, 
240,1/29/2019,0400,29,0,R,0, ,0, ,11.7, ,53.4, ,84, ,48.8, ,1,I,230, ,52.8, 
240,1/29/2019,0500,29,0,R,0, ,0, ,11.6, ,53.4,Y,83,Y,48.5,Y,1,I,228, ,52.8, 
240,1/29/2019,0600,29,0,R,0, ,0, ,11.4, ,52.8, ,83, ,48, ,1,I,243, ,52.8, 
240,1/29/2019,0700,29,0,R,0, ,3, ,11.2, ,51.9, ,85, ,47.5, ,1,I,65, ,52.8, 
240,1/29/2019,0800,29,0,R,0, ,135, ,11.2, ,51.2, ,87, ,47.5, ,1,I,337, ,52.7, 
240,1/29/2019,0900,29,0,R,0, ,283, ,11.6, ,53.6, ,83, ,48.5, ,1,I,267, ,52.7, 
240,1/29/2019,1000,29,0,R,0, ,551, ,12.4, ,59.5, ,72, ,50.3, ,1,I,82, ,52.7, 
240,1/29/2019,1100,29,0,R,0, ,532, ,11, ,61.3, ,59, ,47, ,1,I,218, ,52.6, 
240,1/29/2019,1200,29,0.01, ,0, ,659, ,10.7, ,65.9, ,49, ,46.4, ,2.9, ,18, ,52.6, 
240,1/29/2019,1300,29,0.01, ,0, ,845, ,12.2, ,72.5, ,45, ,49.9, ,1.3, ,22, ,52.6, 
240,1/29/2019,1400,29,0.01,R,0, ,1051, ,14.7, ,81.9, ,40, ,55, ,1,I,172, ,52.7, 
240,1/29/2019,1500,29,0.01,R,0, ,824, ,10.8, ,78.9, ,32, ,46.6, ,1,I,162, ,52.8, 
240,1/29/2019,1600,29,0.01, ,0, ,462, ,11.1, ,76.5, ,36, ,47.4, ,2.5, ,160, ,52.9, 
240,1/29/2019,1700,29,0, ,0, ,133, ,14.1, ,73.7, ,50, ,53.8, ,5.4, ,166, ,53.1, 
240,1/29/2019,1800,29,0,Y,0, ,5, ,16.6, ,73.6,Y,59,Y,58.2,Y,4, ,148, ,53.3, 
240,1/29/2019,1900,29,0,R,0, ,0, ,12.9, ,66.2, ,59, ,51.3, ,1,I,114, ,53.4, 
240,1/29/2019,2000,29,0,Y,0, ,0, ,12.2, ,64.3,Y,60,Y,49.9,Y,2.5, ,126, ,53.6, 
240,1/29/2019,2100,29,0,Y,0, ,0, ,11.9, ,60.5,Y,66,Y,49.1,Y,5.9, ,133, ,53.7, 
240,1/29/2019,2200,29,0,Y,0, ,0, ,12.4, ,58.8,Y,73,Y,50.2,Y,2.8, ,131, ,53.8, 
240,1/29/2019,2300,29,0,R,0, ,0, ,13.3, ,59.4,Y,77,Y,52.2,Y,1,I,139, ,53.8, 
240,1/29/2019,2400,29,0,R,0, ,0, ,12.2, ,54.9, ,83, ,49.7, ,1,I,231, ,53.9, 
240,1/30/2019,0100,30,0,R,0, ,0, ,12.1, ,52.8, ,89, ,49.5, ,1,I,207, ,53.9, 
240,1/30/2019,0200,30,0,R,0, ,0, ,12.2, ,52.9, ,89, ,49.8, ,1,I,156, ,54, 
240,1/30/2019,0300,30,0,R,0, ,0, ,11.9, ,52.7, ,88, ,49.2, ,1,I,349, ,54.2, 
240,1/30/2019,0400,30,0,R,0, ,0, ,11.9, ,52.7, ,87, ,49.1, ,1,I,322, ,54.5, 
240,1/30/2019,0500,30,0,R,0, ,0, ,11.8, ,51.9, ,90, ,49, ,1,I,64, ,54.7,Y
240,1/30/2019,0600,30,0,R,0, ,0, ,11, ,48.9, ,94, ,47.2, ,1,I,332, ,54.6,Y
240,1/30/2019,0700,30,0,R,0, ,5, ,11.6, ,50.6, ,92, ,48.4, ,1,I,103, ,54.4,Y
240,1/30/2019,0800,30,0,R,0, ,97, ,11.9, ,51.1, ,93, ,49, ,1,I,309, ,54.3,Y
240,1/30/2019,0900,30,0,R,0, ,395, ,11.9, ,54.3, ,83, ,49.1, ,1,I,84, ,54.2,Y
240,1/30/2019,1000,30,0.01,R,0, ,595, ,12.9, ,56.7, ,82, ,51.3, ,1,I,330, ,54.1,Y
240,1/30/2019,1100,30,0.01,R,0, ,708, ,13.6, ,60.3, ,76, ,52.8, ,1,I,332, ,54, 
240,1/30/2019,1200,30,0.01,R,0, ,985, ,13, ,63.1, ,66, ,51.5, ,1,I,331, ,53.9, 
240,1/30/2019,1300,30,0.01, ,0, ,640, ,13.3, ,65.9, ,61, ,52.1, ,6.7, ,2, ,53.9, 
240,1/30/2019,1400,30,0.01, ,0, ,880, ,13.2, ,65.9, ,61, ,51.9, ,7.6, ,338, ,53.9, 
240,1/30/2019,1500,30,0.01, ,0, ,765, ,13.1, ,68.2, ,56, ,51.7, ,4.7, ,338, ,54, 
240,1/30/2019,1600,30,0.01, ,0, ,519, ,12.6, ,70.5, ,50, ,50.8, ,2.1, ,322, ,54.1, 
240,1/30/2019,1700,30,0, ,0, ,162, ,13.1, ,69.3, ,54, ,51.7, ,2.7, ,340, ,54.2, 
240,1/30/2019,1800,30,0, ,0, ,5, ,13.2, ,64.1, ,64, ,51.8, ,1.2, ,51, ,54.3, 
240,1/30/2019,1900,30,0,R,0, ,0, ,13.6, ,60.4, ,76, ,52.8, ,1,I,149, ,54.5, 
240,1/30/2019,2000,30,0,R,0, ,0, ,12.8, ,56.6, ,82, ,51.2, ,1,I,144, ,54.6, 
240,1/30/2019,2100,30,0,R,0, ,0, ,12.9, ,54.9, ,88, ,51.3, ,1,I,84, ,54.6, 
240,1/30/2019,2200,30,0,R,0, ,0, ,13.3, ,54.7, ,91, ,52.1, ,1,I,122, ,54.7, 
240,1/30/2019,2300,30,0,R,0, ,0, ,13.5, ,53.4, ,97, ,52.6, ,1,I,205, ,54.7, 
240,1/30/2019,2400,30,0,R,0, ,0, ,13, ,51.1, ,100, ,51.1, ,1,I,251, ,54.7, 
240,1/31/2019,0100,31,0,R,0, ,2, ,12.6, ,50.2, ,100, ,50.2, ,1,I,336, ,54.6, 
240,1/31/2019,0200,31,0,R,0, ,3, ,12.4, ,49.6, ,100, ,49.6, ,1,I,352, ,54.6, 
240,1/31/2019,0300,31,0,R,0, ,3, ,11.5, ,47.7, ,100, ,47.7, ,1,I,278, ,54.6, 
240,1/31/2019,0400,31,0,R,0, ,3, ,11.6, ,48, ,100, ,48, ,1,I,153, ,54.5, 
240,1/31/2019,0500,31,0,R,0, ,4, ,11.5, ,47.8, ,100, ,47.8, ,1,I,42, ,54.5,Y
240,1/31/2019,0600,31,0,R,0, ,4, ,11.3, ,47.3, ,100, ,47.3, ,1,I,355, ,54.4,Y
240,1/31/2019,0700,31,0,R,0, ,6, ,11.5, ,47.6, ,100, ,47.6, ,1,I,19, ,54.4,Y
240,1/31/2019,0800,31,0,R,0, ,78, ,11.8, ,48.5, ,100, ,48.5, ,1,I,30, ,54.3,Y
240,1/31/2019,0900,31,0, ,0, ,176, ,12.9, ,50.8, ,100, ,50.8, ,4.2, ,118, ,54.2,Y
240,1/31/2019,1000,31,0, ,0, ,374, ,13.6, ,52.3, ,100, ,52.3, ,6.4, ,146, ,54.2,Y
240,1/31/2019,1100,31,0.01, ,0, ,888, ,15, ,56.5, ,96, ,55.5, ,9, ,171, ,54.2,Y
240,1/31/2019,1200,31,0, ,0, ,528, ,14, ,58.1, ,85, ,53.5, ,7.8, ,177, ,54.1,Y
240,1/31/2019,1300,31,0, ,0, ,151, ,13.3, ,57.2, ,83, ,52.1, ,7.6, ,223, ,54.1, 
240,1/31/2019,1400,31,0, ,0.06, ,40, ,13.6, ,55.8, ,89, ,52.7, ,3.9, ,273, ,54.2, 
240,1/31/2019,1500,31,0, ,0.09, ,60, ,14, ,54.5, ,96, ,53.5, ,1.4, ,272, ,54.2, 
240,1/31/2019,1600,31,0,R,0.08, ,40, ,13.7, ,53.2, ,99, ,53, ,1,I,224, ,54.2, 
240,1/31/2019,1700,31,0,R,0.07, ,43, ,13.4, ,52.5, ,99, ,52.4, ,1,I,48, ,54.3, 
240,1/31/2019,1800,31,0, ,0.06, ,11, ,13.2, ,52.1, ,99, ,51.9, ,5.6, ,102, ,54.3, 
240,1/31/2019,1900,31,0, ,0.04, ,1, ,12.2, ,51.9, ,93, ,49.8, ,3.5, ,84, ,54.3, 
240,1/31/2019,2000,31,0, ,0.04, ,1, ,11.7, ,50.6, ,93, ,48.7, ,3.7, ,242, ,54.3, 
240,1/31/2019,2100,31,0, ,0.03, ,2, ,11.5, ,48.8, ,98, ,48.3, ,1.7, ,224, ,54.3, 
240,1/31/2019,2200,31,0, ,0.02, ,2, ,11.4, ,47.7, ,100, ,47.7, ,2.5, ,226, ,54.3, 
240,1/31/2019,2300,31,0, ,0.02, ,2, ,10.6, ,45.6, ,100, ,45.6, ,2.3, ,255, ,54.3, 
240,1/31/2019,2400,31,0, ,0.02, ,2, ,10.6, ,45.7, ,100, ,45.7, ,3.1, ,149, ,54.2, 
240,2/1/2019,0100,32,0, ,0.02, ,2, ,10, ,44.1, ,100, ,44.1, ,1.4, ,7, ,54.1, 
240,2/1/2019,0200,32,0, ,0.01, ,1, ,9.3, ,42.3, ,100, ,42.3, ,2.2, ,254, ,54.2, 
240,2/1/2019,0300,32,0, ,0.01, ,2, ,9.1, ,41.8, ,100, ,41.8, ,1.8, ,259, ,54.4, 
240,2/1/2019,0400,32,0, ,0.01, ,2, ,9.5, ,42.5, ,100, ,42.5, ,1.8, ,216, ,54.5, 
240,2/1/2019,0500,32,0, ,0.01, ,3, ,9.7, ,43, ,100, ,43, ,1.8, ,123, ,54.5, 
240,2/1/2019,0600,32,0, ,0.01, ,2, ,9.3, ,41.9, ,100, ,41.9, ,1.7, ,214, ,54.3, 
240,2/1/2019,0700,32,0, ,0, ,9, ,9.2, ,41.8, ,100, ,41.8, ,1.1, ,2, ,54.1, 
240,2/1/2019,0800,32,0, ,0.01, ,101, ,9.4, ,42.4, ,100, ,42.4, ,4.1, ,5, ,53.9, 
240,2/1/2019,0900,32,0, ,0, ,245, ,10.9, ,46.2, ,100, ,46.2, ,3.8, ,4, ,53.7, 
240,2/1/2019,1000,32,0.01, ,0, ,873, ,12.2, ,49.4, ,100, ,49.4, ,3.2, ,305, ,53.5, 
240,2/1/2019,1100,32,0.01, ,0, ,1057, ,13, ,51.9, ,99, ,51.6, ,5, ,230, ,53.4, 
240,2/1/2019,1200,32,0.01, ,0, ,956, ,12.4, ,54.3, ,86, ,50.2, ,5.8, ,204, ,53.3, 
240,2/1/2019,1300,32,0.01, ,0, ,1015, ,12.6, ,58.7, ,74, ,50.6, ,8, ,187, ,53.3, 
240,2/1/2019,1400,32,0.01, ,0, ,1118, ,12.8, ,60.9, ,70, ,51.1, ,8.4, ,172, ,53.3, 
240,2/1/2019,1500,32,0.01, ,0, ,726, ,12.7, ,61.9, ,67, ,50.8, ,7.9, ,187, ,53.3, 
240,2/1/2019,1600,32,0, ,0, ,334, ,12.4, ,61.1, ,68, ,50.3, ,7.8, ,190, ,53.4, 
240,2/1/2019,1700,32,0, ,0, ,111, ,12.2, ,60, ,69, ,49.9, ,6.3, ,185, ,53.5, 
240,2/1/2019,1800,32,0, ,0, ,5, ,12.6, ,58.8, ,74, ,50.6, ,4.6, ,184, ,53.6, 
240,2/1/2019,1900,32,0, ,0, ,0, ,12.6, ,58, ,77, ,50.8, ,4.2, ,173, ,53.7, 
240,2/1/2019,2000,32,0, ,0, ,0, ,12.6, ,57, ,79, ,50.7, ,3.1, ,170, ,53.8, 
240,2/1/2019,2100,32,0,R,0, ,0, ,12.4, ,56.2, ,81, ,50.3, ,1,I,122, ,53.9, 
240,2/1/2019,2200,32,0,R,0, ,0, ,12.4, ,55.6, ,82, ,50.2, ,1,I,113, ,53.9, 
240,2/1/2019,2300,32,0,R,0, ,0, ,12.3, ,55.1, ,83, ,50.1, ,1,I,198, ,53.9, 
240,2/1/2019,2400,32,0,R,0, ,0, ,12.4, ,53.8, ,88, ,50.3, ,1,I,264, ,54, 
240,2/2/2019,0100,33,0,R,0.02, ,4, ,12.8, ,53.5, ,91, ,51.1, ,1,I,168, ,54, 
240,2/2/2019,0200,33,0,R,0, ,5, ,13.2, ,53.6, ,94, ,52, ,1,I,119, ,54.1, 
240,2/2/2019,0300,33,0,R,0.01, ,5, ,13.4, ,53.5, ,96, ,52.4, ,1,I,123, ,54.4, 
240,2/2/2019,0400,33,0,R,0.01, ,5, ,13.6, ,52.9,Y,99,Y,52.7,Y,1,I,55, ,54.6, 
240,2/2/2019,0500,33,0,R,0, ,5, ,13.7, ,52.5,Y,100,Y,52.5,Y,1,I,306, ,54.7,Y
240,2/2/2019,0600,33,0,R,0.01, ,4, ,13.5, ,52.1, ,100, ,52.1, ,1,I,254, ,54.6,Y
240,2/2/2019,0700,33,0,R,0.01, ,5, ,13.5, ,52,Y,100,Y,52,Y,1,I,71, ,54.5,Y
240,2/2/2019,0800,33,0, ,0, ,51, ,13.3, ,52.1, ,100, ,52.1, ,1, ,104, ,54.4,Y
240,2/2/2019,0900,33,0, ,0, ,80, ,13.1, ,52.8, ,96, ,51.7, ,1, ,180, ,54.4,Y
240,2/2/2019,1000,33,0, ,0.01, ,127, ,13, ,53.3, ,93, ,51.5, ,5.5, ,141, ,54.3,Y
240,2/2/2019,1100,33,0, ,0, ,240, ,12.7, ,55, ,86, ,50.9, ,11.2, ,153, ,54.2,Y
240,2/2/2019,1200,33,0, ,0.01, ,329, ,12.4, ,55.9, ,82, ,50.3, ,11.5, ,167, ,54.2,Y
240,2/2/2019,1300,33,0, ,0.01, ,276, ,13.1, ,56, ,86, ,51.8, ,11.2, ,164, ,54.2, 
240,2/2/2019,1400,33,0, ,0.02, ,474, ,13.8, ,56.2, ,90, ,53.1, ,17, ,168, ,54.2, 
240,2/2/2019,1500,33,0, ,0.04, ,144, ,14, ,55, ,95, ,53.5, ,16.4, ,169, ,54.2, 
240,2/2/2019,1600,33,0, ,0.09, ,30, ,14.1, ,53.9, ,99, ,53.8, ,8.7, ,203, ,54.2, 
240,2/2/2019,1700,33,0, ,0.14, ,10, ,13.2, ,51.5, ,100, ,51.5, ,5.3, ,281, ,54.2, 
240,2/2/2019,1800,33,0, ,0.14, ,4, ,12.2, ,49.8, ,100, ,49.8, ,6.2, ,172, ,54.2, 
240,2/2/2019,1900,33,0, ,0.11, ,1, ,11.7, ,49, ,99, ,48.6, ,8.4, ,149, ,54.3, 
240,2/2/2019,2000,33,0, ,0.09, ,1, ,11.6, ,48.1, ,100, ,48.1, ,9.6, ,151, ,54.3, 
240,2/2/2019,2100,33,0, ,0.07, ,1, ,11.5, ,48, ,100, ,48, ,6.9, ,159, ,54.3, 
240,2/2/2019,2200,33,0, ,0.06, ,0, ,11.6, ,48.1, ,100, ,48.1, ,6.8, ,153, ,54.3, 
240,2/2/2019,2300,33,0, ,0.02, ,1, ,11.5, ,47.9, ,100, ,47.9, ,6.8, ,152, ,54.2, 
240,2/2/2019,2400,33,0, ,0, ,1, ,11.2, ,47.3, ,100, ,47.3, ,6.9, ,148, ,54.2, 
240,2/3/2019,0100,34,0, ,0, ,1, ,11.3, ,47.5, ,100, ,47.5, ,5.8, ,165, ,54.1, 
240,2/3/2019,0200,34,0, ,0, ,1, ,11.3, ,47.5, ,100, ,47.5, ,5.6, ,152, ,54.2, 
240,2/3/2019,0300,34,0, ,0, ,1, ,11.1, ,46.9, ,100, ,46.9, ,4.3, ,108, ,54.3, 
240,2/3/2019,0400,34,0, ,0, ,2, ,11.1, ,46.9, ,100, ,46.9, ,5.5, ,132, ,54.5, 
240,2/3/2019,0500,34,0, ,0, ,1, ,11, ,46.7, ,100, ,46.7, ,7.2, ,146, ,54.5, 
240,2/3/2019,0600,34,0, ,0, ,2, ,11.1, ,46.9, ,100, ,46.9, ,6.4, ,134, ,54.3, 
240,2/3/2019,0700,34,0, ,0, ,7, ,11.2, ,47.1, ,100, ,47.1, ,7.1, ,146, ,54.2,Y
240,2/3/2019,0800,34,0, ,0, ,188, ,11.4, ,47.5, ,100, ,47.5, ,3.7, ,131, ,54,Y
240,2/3/2019,0900,34,0, ,0, ,239, ,12.3, ,49.4, ,100, ,49.4, ,5.7, ,141, ,53.9,Y
240,2/3/2019,1000,34,0, ,0, ,541, ,12.3, ,50.7, ,98, ,50.1, ,7.4, ,146, ,53.8,Y
240,2/3/2019,1100,34,0, ,0, ,505, ,11.7, ,51.3, ,91, ,48.7, ,8, ,150, ,53.7, 
240,2/3/2019,1200,34,0.01, ,0, ,782, ,11.4, ,52.4, ,85, ,48, ,8.3, ,190, ,53.6, 
240,2/3/2019,1300,34,0, ,0, ,500, ,11, ,52.5, ,81, ,47, ,8.2, ,193, ,53.5, 
240,2/3/2019,1400,34,0, ,0, ,527, ,11, ,52.6, ,81, ,46.9, ,7.8, ,193, ,53.5, 
240,2/3/2019,1500,34,0, ,0, ,416, ,10.9, ,51.6, ,84, ,46.9, ,7.5, ,208, ,53.6, 
240,2/3/2019,1600,34,0, ,0, ,145, ,10.8, ,52, ,81, ,46.5, ,5.7, ,203, ,53.7, 
240,2/3/2019,1700,34,0, ,0, ,60, ,10.7, ,51.6, ,82, ,46.2, ,6.6, ,206, ,53.7, 
240,2/3/2019,1800,34,0, ,0, ,4, ,10.4, ,51, ,82, ,45.6, ,7.7, ,201, ,53.8, 
240,2/3/2019,1900,34,0, ,0, ,0, ,10.6, ,50.2, ,85, ,46, ,5.5, ,177, ,53.8, 
240,2/3/2019,2000,34,0, ,0, ,0, ,10.2, ,49.8, ,84, ,45.1, ,6.1, ,177, ,53.9, 
240,2/3/2019,2100,34,0, ,0, ,0, ,10.4, ,49.2, ,87, ,45.6, ,4.9, ,163, ,53.9, 
240,2/3/2019,2200,34,0, ,0, ,0, ,10.8, ,49, ,91, ,46.6, ,6.2, ,158, ,53.9, 
240,2/3/2019,2300,34,0, ,0, ,0, ,11, ,48.6, ,94, ,47, ,6.4, ,165, ,53.9, 
240,2/3/2019,2400,34,0, ,0, ,1, ,11, ,48.4, ,95, ,47.2, ,6.1, ,164, ,53.9, 
240,2/4/2019,0100,35,0, ,0, ,2, ,11, ,48.2, ,96, ,47.1, ,5.6, ,141, ,53.9, 
240,2/4/2019,0200,35,0, ,0, ,2, ,10.9, ,48.2, ,95, ,46.8, ,6.5, ,158, ,54, 
240,2/4/2019,0300,35,0, ,0, ,1, ,11, ,47.9, ,97, ,47.1, ,7.3, ,150, ,54.2, 
240,2/4/2019,0400,35,0, ,0, ,2, ,10.9, ,47.8, ,97, ,46.9, ,7.4, ,147, ,54.3, 
240,2/4/2019,0500,35,0, ,0, ,3, ,11.3, ,47.9, ,99, ,47.7, ,4.9, ,175, ,54.4, 
240,2/4/2019,0600,35,0, ,0, ,2, ,10.9, ,47.6, ,97, ,46.8, ,5.7, ,188, ,54.3, 
240,2/4/2019,0700,35,0, ,0, ,4, ,10.2, ,47.6, ,91, ,45, ,6.8, ,165, ,54.1, 
240,2/4/2019,0800,35,0, ,0.01, ,50, ,10.8, ,47.9, ,95, ,46.6, ,6.4, ,152, ,54,Y
240,2/4/2019,0900,35,0, ,0, ,380, ,11, ,48.8, ,94, ,47.2, ,6.4, ,155, ,53.9,Y
240,2/4/2019,1000,35,0, ,0.01, ,451, ,11.3, ,50.2, ,91, ,47.8, ,8.6, ,170, ,53.8,Y
240,2/4/2019,1100,35,0.01, ,0.01, ,675, ,11.2, ,51.3, ,87, ,47.5, ,10.2, ,192, ,53.7,Y
240,2/4/2019,1200,35,0.01, ,0, ,1041, ,10.5, ,53.4, ,76, ,45.9, ,11.6, ,204, ,53.7, 
240,2/4/2019,1300,35,0.01, ,0.01, ,725, ,11.4, ,54.1, ,80, ,48.1, ,11.7, ,201, ,53.7, 
240,2/4/2019,1400,35,0, ,0.03, ,418, ,11.5, ,52.4, ,86, ,48.2, ,13.7, ,205, ,53.7, 
240,2/4/2019,1500,35,0, ,0.04, ,161, ,11.8, ,51.9, ,90, ,49, ,8.7, ,195, ,53.7, 
240,2/4/2019,1600,35,0, ,0.07, ,68, ,11.6, ,50.5, ,92, ,48.4, ,5, ,223, ,53.7, 
240,2/4/2019,1700,35,0, ,0.09, ,45, ,11.4, ,49.7, ,94, ,48, ,7.7, ,226, ,53.8, 
240,2/4/2019,1800,35,0, ,0.08, ,10, ,10.1, ,48.5, ,86, ,44.7, ,5.4, ,220, ,53.8, 
240,2/4/2019,1900,35,0, ,0.06, ,0, ,9.5, ,48.8, ,81, ,43.2, ,3.9, ,121, ,53.9, 
240,2/4/2019,2000,35,0, ,0.05, ,0, ,9.7, ,48.5, ,84, ,43.9, ,5.3, ,145, ,53.9, 
240,2/4/2019,2100,35,0, ,0.04, ,1, ,10.3, ,48, ,90, ,45.3, ,6.3, ,194, ,53.9, 
240,2/4/2019,2200,35,0, ,0.04, ,1, ,9.9, ,48, ,87, ,44.3, ,8.5, ,198, ,53.9, 
240,2/4/2019,2300,35,0, ,0.02, ,0, ,9.1, ,47.5, ,82, ,42.2, ,6.2, ,226, ,53.9, 
240,2/4/2019,2400,35,0, ,0, ,0, ,8.8, ,46.9, ,80, ,41.2, ,3.8, ,234, ,53.8, 
240,2/5/2019,0100,36,0, ,0, ,1, ,8.9, ,47.3, ,80, ,41.6, ,5.1, ,134, ,53.8, 
240,2/5/2019,0200,36,0, ,0.02, ,1, ,8.9, ,46.7, ,82, ,41.6, ,6.8, ,205, ,53.7, 
240,2/5/2019,0300,36,0, ,0.01, ,1, ,9.2, ,46.7, ,85, ,42.3, ,6.1, ,191, ,53.6, 
240,2/5/2019,0400,36,0, ,0.01, ,1, ,9.6, ,46.4, ,90, ,43.5, ,5.8, ,178, ,53.6, 
240,2/5/2019,0500,36,0, ,0.04, ,1, ,9.7, ,45.4, ,94, ,43.7, ,3.8, ,270, ,53.5, 
240,2/5/2019,0600,36,0, ,0.04, ,0, ,9.7, ,45.1, ,95, ,43.7, ,2.7, ,355, ,53.4, 
240,2/5/2019,0700,36,0, ,0.04, ,9, ,9.6, ,45.1, ,94, ,43.5, ,3.8, ,134, ,53.3, 
240,2/5/2019,0800,36,0, ,0.03, ,113, ,9.8, ,45.2, ,95, ,44, ,3.2, ,91, ,53.3, 
240,2/5/2019,0900,36,0, ,0.01, ,253, ,9.9, ,46.1, ,93, ,44.2, ,3, ,163, ,53.2, 
240,2/5/2019,1000,36,0, ,0, ,401, ,9.3, ,47.1, ,84, ,42.6, ,5.3, ,194, ,53.2, 
240,2/5/2019,1100,36,0.01, ,0, ,752, ,8.8, ,48.7, ,75, ,41.1, ,5.3, ,218, ,53.1, 
240,2/5/2019,1200,36,0.01, ,0, ,587, ,8.6, ,48.1, ,75, ,40.5, ,9.4, ,231, ,53.1, 
240,2/5/2019,1300,36,0.01, ,0, ,967, ,8.5, ,49.5, ,70, ,40.3, ,8, ,250, ,53, 
240,2/5/2019,1400,36,0.01, ,0, ,645, ,8.2, ,48.2, ,71, ,39.3, ,10.4, ,232, ,53, 
240,2/5/2019,1500,36,0, ,0, ,461, ,8.9, ,47.1, ,81, ,41.5, ,7.5, ,301, ,53.1, 
240,2/5/2019,1600,36,0, ,0, ,331, ,8, ,47.3, ,72, ,38.7, ,7.4, ,235, ,53.1, 
240,2/5/2019,1700,36,0, ,0, ,187, ,7.6, ,47.4, ,68, ,37.3, ,6.6, ,235, ,53.2, 
240,2/5/2019,1800,36,0, ,0, ,12, ,6.8, ,45.2, ,66, ,34.5, ,8.1, ,223, ,53.2, 
240,2/5/2019,1900,36,0, ,0, ,0, ,6.4, ,44.2, ,65, ,33.1, ,4.7, ,212, ,53.2, 
240,2/5/2019,2000,36,0, ,0, ,0, ,7.2, ,44.2, ,73, ,36, ,5.3, ,206, ,53.2, 
240,2/5/2019,2100,36,0, ,0, ,1, ,7.4, ,42.5, ,79, ,36.6, ,1.8, ,204, ,53.2, 
240,2/5/2019,2200,36,0, ,0, ,1, ,7.4, ,42.6, ,80, ,36.8, ,1.8, ,186, ,53.1, 
240,2/5/2019,2300,36,0, ,0.01, ,2, ,7.5, ,42.8, ,80, ,37.1, ,1.5, ,175, ,53, 
240,2/5/2019,2400,36,0, ,0, ,2, ,7.6, ,42, ,84, ,37.5, ,2.1, ,195, ,52.9, 
240,2/6/2019,0100,37,0, ,0, ,2, ,7.5, ,40.8, ,87, ,37.2, ,4.9, ,130, ,52.8, 
240,2/6/2019,0200,37,0, ,0, ,2, ,7.1, ,38.9, ,88, ,35.8, ,3, ,93, ,52.9, 
240,2/6/2019,0300,37,0, ,0, ,3, ,6.8, ,37, ,91, ,34.7, ,1.1, ,17, ,53, 
240,2/6/2019,0400,37,0,R,0, ,3, ,6.8, ,36.4, ,93, ,34.7, ,1,I,38, ,53.1, 
240,2/6/2019,0500,37,0, ,0, ,3, ,6.6, ,35.2, ,95, ,33.8, ,1.8, ,212, ,53, 
240,2/6/2019,0600,37,0, ,0, ,3, ,6.3, ,33.7, ,96, ,32.7, ,1.2, ,258, ,52.8, 
240,2/6/2019,0700,37,0,R,0, ,12, ,6.1, ,32.7, ,97, ,31.8, ,1,I,58, ,52.6, 
240,2/6/2019,0800,37,0, ,0, ,265, ,6.5, ,34.4, ,97, ,33.7, ,1.1, ,221, ,52.4, 
240,2/6/2019,0900,37,0,R,0, ,613, ,7.4, ,37.9, ,96, ,36.9, ,1,I,66, ,52.2, 
240,2/6/2019,1000,37,0.01,R,0, ,945, ,7, ,42, ,77, ,35.3, ,1,I,188, ,52, 
240,2/6/2019,1100,37,0.01,R,0, ,1225, ,6.2, ,45, ,61, ,32.5, ,1,I,115, ,51.8, 
240,2/6/2019,1200,37,0.01, ,0, ,1361, ,6.1, ,47.8, ,54, ,31.9, ,2.7, ,202, ,51.7, 
240,2/6/2019,1300,37,0.01, ,0, ,1370, ,5.2, ,49.2, ,44, ,28, ,8.1, ,291, ,51.6, 
240,2/6/2019,1400,37,0.01, ,0, ,1247, ,4.6, ,49.8, ,37, ,24.8, ,7.2, ,306, ,51.6, 
240,2/6/2019,1500,37,0.01, ,0, ,983, ,4.3, ,50.4, ,34, ,23.4, ,5.7, ,313, ,51.6, 
240,2/6/2019,1600,37,0.01, ,0, ,659, ,4.3, ,50.6, ,34, ,23.5, ,3.9, ,282, ,51.6, 
240,2/6/2019,1700,37,0, ,0, ,265, ,4.8, ,49.7, ,39, ,25.9, ,4.5, ,245, ,51.7, 
240,2/6/2019,1800,37,0, ,0, ,17, ,5.4, ,45.3, ,52, ,28.9, ,5.3, ,255, ,51.8, 
240,2/6/2019,1900,37,0, ,0, ,0, ,5.5, ,43.1, ,58, ,29.4, ,3.7, ,251, ,51.9, 
240,2/6/2019,2000,37,0,R,0, ,0, ,5.6, ,42.4, ,61, ,30, ,1,I,146, ,51.9, 
240,2/6/2019,2100,37,0, ,0, ,0, ,6, ,42.3, ,65, ,31.6, ,2, ,109, ,51.9, 
240,2/6/2019,2200,37,0, ,0, ,0, ,5.9, ,40.8, ,68, ,31.1, ,1.2, ,76, ,51.9, 
240,2/6/2019,2300,37,0,R,0, ,0, ,5.7, ,37.1, ,76, ,30.3, ,1,I,270, ,51.9, 
240,2/6/2019,2400,37,0,R,0, ,0, ,5.7, ,34.7, ,84, ,30.3, ,1,I,244, ,51.8, 
240,2/7/2019,0100,38,0,R,0, ,0, ,5.8, ,34.7, ,86, ,30.9, ,1,I,1, ,51.7, 
240,2/7/2019,0200,38,0,R,0, ,0, ,5.7, ,34.5, ,84, ,30.1, ,1,I,53, ,51.6, 
240,2/7/2019,0300,38,0,R,0, ,0, ,5.5, ,33.5, ,85, ,29.6, ,1,I,341, ,51.5, 
240,2/7/2019,0400,38,0,R,0, ,0, ,5.3, ,32.1, ,87, ,28.6, ,1,I,286, ,51.4, 
240,2/7/2019,0500,38,0,R,0, ,0, ,5.3, ,31.3, ,89, ,28.6, ,1,I,315, ,51.3, 
240,2/7/2019,0600,38,0,R,0, ,0, ,5.3, ,31, ,91, ,28.6, ,1,I,281, ,51.2, 
240,2/7/2019,0700,38,0, ,0, ,12, ,5.4, ,30.7, ,92, ,28.7, ,1.3, ,249, ,51, 
240,2/7/2019,0800,38,0,R,0, ,278, ,5.9, ,33.6, ,91, ,31.2, ,1,I,298, ,50.9, 
240,2/7/2019,0900,38,0, ,0, ,647, ,6.2, ,37.1, ,83, ,32.4, ,1.5, ,241, ,50.8, 
240,2/7/2019,1000,38,0.01, ,0, ,984, ,6.4, ,43, ,68, ,33, ,1.5, ,240, ,50.6, 
240,2/7/2019,1100,38,0.01, ,0, ,1240, ,6.2, ,48.8, ,52, ,32.3, ,1.2, ,300, ,50.5, 
240,2/7/2019,1200,38,0.01,R,0, ,1374, ,5.6, ,51.8, ,42, ,29.6, ,1,I,328, ,50.4, 
240,2/7/2019,1300,38,0.01, ,0, ,1354, ,5.6, ,54.4, ,38, ,29.7, ,1.9, ,330, ,50.3, 
240,2/7/2019,1400,38,0.01, ,0, ,1248, ,5.3, ,54.8, ,36, ,28.5, ,4.7, ,3, ,50.3, 
240,2/7/2019,1500,38,0.01, ,0, ,996, ,5.3, ,55.2, ,36, ,28.6, ,5.3, ,15, ,50.3, 
240,2/7/2019,1600,38,0.01, ,0, ,663, ,5.3, ,55, ,36, ,28.5, ,6.8, ,25, ,50.4, 
240,2/7/2019,1700,38,0, ,0, ,279, ,5.6, ,52.8, ,41, ,29.7, ,7.7, ,27, ,50.5, 
240,2/7/2019,1800,38,0, ,0, ,17, ,5.3, ,47.2, ,48, ,28.6, ,8, ,28, ,50.6, 
240,2/7/2019,1900,38,0, ,0, ,0, ,5.4, ,44.9, ,53, ,28.8, ,4, ,49, ,50.8, 
240,2/7/2019,2000,38,0, ,0, ,0, ,5.1, ,44.4, ,52, ,27.8, ,1.4, ,34, ,50.8, 
240,2/7/2019,2100,38,0,R,0, ,0, ,5.5, ,41.6, ,61, ,29.2, ,1,I,285, ,50.9, 
240,2/7/2019,2200,38,0,R,0, ,0, ,5.5, ,38, ,70, ,29.2, ,1,I,274, ,50.9, 
240,2/7/2019,2300,38,0,R,0, ,0, ,5.5, ,36.2, ,75, ,29.2, ,1,I,264, ,50.9, 
240,2/7/2019,2400,38,0,R,0, ,0, ,5.3, ,35.3, ,76, ,28.6, ,1,I,270, ,50.9, 
240,2/8/2019,0100,39,0,R,0, ,0, ,5.4, ,35.2, ,78, ,29, ,1,I,246, ,50.8, 
240,2/8/2019,0200,39,0,R,0, ,0, ,5.2, ,34, ,78, ,28, ,1,I,243, ,50.8, 
240,2/8/2019,0300,39,0,R,0, ,0, ,5.2, ,33.4, ,81, ,28.1, ,1,I,257, ,51, 
240,2/8/2019,0400,39,0,R,0, ,0, ,5.1, ,32.6, ,81, ,27.6, ,1,I,242, ,51.1, 
240,2/8/2019,0500,39,0,R,0, ,0, ,5.3, ,33.2, ,82, ,28.3, ,1,I,143, ,51.2, 
240,2/8/2019,0600,39,0,R,0, ,0, ,5.3, ,32.7, ,84, ,28.5, ,1,I,136, ,51, 
240,2/8/2019,0700,39,0,R,0, ,14, ,5, ,31.4, ,85, ,27.3, ,1,I,229, ,50.8, 
240,2/8/2019,0800,39,0,R,0, ,282, ,5.6, ,33.9, ,84, ,29.7, ,1,I,191, ,50.6, 
240,2/8/2019,0900,39,0,R,0, ,650, ,5.9, ,40.8, ,68, ,31.2, ,1,I,163, ,50.5, 
240,2/8/2019,1000,39,0.01,R,0, ,996, ,6.1, ,45.6, ,58, ,31.9, ,1,I,284, ,50.3, 
240,2/8/2019,1100,39,0.01,R,0, ,1253, ,6.2, ,51.2, ,48, ,32.4, ,1,I,256, ,50.1, 
240,2/8/2019,1200,39,0.01,R,0, ,1394, ,5.7, ,54, ,40, ,30.1, ,1,I,246, ,50, 
240,2/8/2019,1300,39,0.01, ,0, ,1403, ,5.4, ,57, ,34, ,29.1, ,1.1, ,273, ,49.9, 
240,2/8/2019,1400,39,0.01,R,0, ,1268, ,5.4, ,59.3, ,31, ,28.7, ,1,I,213, ,49.9, 
240,2/8/2019,1500,39,0.01, ,0, ,1023, ,5.6, ,62.4, ,29, ,29.6, ,1.5, ,225, ,49.9, 
240,2/8/2019,1600,39,0.01, ,0, ,646, ,6.3, ,61.3, ,34, ,32.6, ,5.4, ,189, ,49.9, 
240,2/8/2019,1700,39,0, ,0, ,259, ,7.4, ,59.1, ,43, ,36.9, ,6.4, ,186, ,50.1, 
240,2/8/2019,1800,39,0, ,0, ,13, ,7, ,54, ,49, ,35.3, ,2.3, ,216, ,50.2, 
240,2/8/2019,1900,39,0, ,0, ,0, ,6.8, ,51, ,53, ,34.7, ,3.1, ,149, ,50.4, 
240,2/8/2019,2000,39,0, ,0, ,0, ,7.5, ,47.9, ,66, ,37.1, ,4.4, ,155, ,50.6, 
240,2/8/2019,2100,39,0, ,0, ,0, ,7.9, ,46.1, ,75, ,38.6, ,2.8, ,139, ,50.7, 
240,2/8/2019,2200,39,0, ,0, ,0, ,8.3, ,45.2, ,81, ,39.7, ,4.4, ,157, ,50.7, 
240,2/8/2019,2300,39,0, ,0, ,0, ,8.1, ,43.5, ,84, ,39.1, ,1, ,65, ,50.8, 
240,2/8/2019,2400,39,0, ,0, ,1, ,7.9, ,41.8, ,88, ,38.4, ,2.1, ,156, ,50.8, 
240,2/9/2019,0100,40,0,R,0, ,1, ,7.3, ,38.6, ,91, ,36.3, ,1,I,308, ,50.8, 
240,2/9/2019,0200,40,0, ,0, ,1, ,7.5, ,39, ,93, ,37.2, ,1.5, ,41, ,50.9, 
240,2/9/2019,0300,40,0, ,0, ,1, ,7.3, ,38.1, ,94, ,36.5, ,1.7, ,340, ,51.1, 
240,2/9/2019,0400,40,0, ,0, ,1, ,7.5, ,38.4, ,95, ,37, ,1.2, ,168, ,51.3, 
240,2/9/2019,0500,40,0,R,0, ,1, ,7.4, ,37.9, ,96, ,36.7, ,1,I,239, ,51.4, 
240,2/9/2019,0600,40,0,R,0, ,0, ,7.7, ,38.6, ,97, ,37.8, ,1,I,214, ,51.2, 
240,2/9/2019,0700,40,0,R,0, ,4, ,8.2, ,40, ,97, ,39.3, ,1,I,100, ,51.1, 
240,2/9/2019,0800,40,0, ,0, ,51, ,8.4, ,42.3, ,92, ,40.1, ,6.1, ,144, ,50.9, 
240,2/9/2019,0900,40,0, ,0, ,84, ,8.1, ,43.4, ,84, ,39, ,4.8, ,130, ,50.8, 
240,2/9/2019,1000,40,0, ,0.02, ,152, ,8.5, ,44.1, ,87, ,40.5, ,6.5, ,287, ,50.7, 
240,2/9/2019,1100,40,0, ,0.02, ,349, ,8.9, ,44.1, ,91, ,41.5, ,4.2, ,65, ,50.6, 
240,2/9/2019,1200,40,0, ,0.01, ,485, ,9, ,44.9, ,88, ,41.7, ,5.6, ,133, ,50.6, 
240,2/9/2019,1300,40,0.01, ,0, ,1332, ,10.2, ,48.9, ,87, ,45.1, ,5.5, ,141, ,50.6, 
240,2/9/2019,1400,40,0.01, ,0, ,822, ,9.5, ,50.6, ,75, ,43.2, ,2.4, ,173, ,50.6, 
240,2/9/2019,1500,40,0, ,0, ,565, ,9, ,50.5, ,72, ,41.9, ,1.8, ,67, ,50.6, 
240,2/9/2019,1600,40,0, ,0, ,260, ,8.5, ,51.1, ,66, ,40.2, ,1.5, ,69, ,50.7, 
240,2/9/2019,1700,40,0, ,0, ,345, ,8.1, ,52.2, ,60, ,38.9, ,2, ,57, ,50.8, 
240,2/9/2019,1800,40,0, ,0, ,32, ,7.9, ,49.6, ,65, ,38.5, ,1.1, ,224, ,50.9, 
240,2/9/2019,1900,40,0, ,0, ,0, ,7.7, ,46.2, ,73, ,37.9, ,1, ,242, ,51, 
240,2/9/2019,2000,40,0,R,0, ,0, ,7.8, ,45.1, ,77, ,38.2, ,1,I,8, ,51.1, 
240,2/9/2019,2100,40,0, ,0, ,0, ,7.8, ,44.9, ,77, ,38.2, ,1, ,87, ,51.2, 
240,2/9/2019,2200,40,0, ,0, ,0, ,7.8, ,44, ,80, ,38.2, ,3.1, ,137, ,51.2, 
240,2/9/2019,2300,40,0, ,0, ,0, ,7.9, ,43, ,83, ,38.4, ,1.1, ,319, ,51.2, 
240,2/9/2019,2400,40,0, ,0, ,1, ,7.4, ,39.9, ,88, ,36.8, ,1.9, ,271, ,51.2, 
240,2/10/2019,0100,41,0, ,0, ,1, ,7.2, ,37.9, ,93, ,36, ,2.4, ,252, ,51.2, 
240,2/10/2019,0200,41,0, ,0, ,1, ,7.2, ,37.5, ,95, ,36.2, ,1.8, ,256, ,51.3, 
240,2/10/2019,0300,41,0,R,0, ,1, ,7.8, ,39.3, ,96, ,38.3, ,1,I,87, ,51.5, 
240,2/10/2019,0400,41,0, ,0, ,0, ,7.7, ,38.8, ,96, ,37.9, ,1, ,209, ,51.7, 
240,2/10/2019,0500,41,0,R,0, ,0, ,7.4, ,37.2, ,98, ,36.7, ,1,I,199, ,51.7, 
240,2/10/2019,0600,41,0,R,0, ,0, ,7.2, ,36.5, ,99, ,36.2, ,1,I,86, ,51.6, 
240,2/10/2019,0700,41,0,R,0, ,8, ,6.7, ,34.3, ,100, ,34.3, ,1,I,312, ,51.4, 
240,2/10/2019,0800,41,0,R,0, ,130, ,7.4, ,36.5, ,100, ,36.5, ,1,I,259, ,51.3, 
240,2/10/2019,0900,41,0,R,0, ,312, ,8.5, ,40.1, ,100, ,40.1, ,1,I,220, ,51.2, 
240,2/10/2019,1000,41,0,R,0, ,664, ,9.3, ,42.9, ,99, ,42.7, ,1,I,355, ,51, 
240,2/10/2019,1100,41,0, ,0, ,413, ,9.4, ,45.3, ,91, ,42.8, ,1.4, ,226, ,50.9, 
240,2/10/2019,1200,41,0.01, ,0, ,1122, ,10.2, ,48.7, ,87, ,45.1, ,6.9, ,177, ,50.8, 
240,2/10/2019,1300,41,0.01, ,0, ,782, ,9.3, ,49.7, ,76, ,42.5, ,9.8, ,213, ,50.8, 
240,2/10/2019,1400,41,0.01, ,0, ,1106, ,9.2, ,51.2, ,72, ,42.5, ,9.9, ,208, ,50.8, 
240,2/10/2019,1500,41,0.01, ,0.01, ,673, ,9.2, ,49.8, ,75, ,42.3, ,11.1, ,217, ,50.8, 
240,2/10/2019,1600,41,0, ,0, ,320, ,9.1, ,48.1, ,79, ,42, ,11.4, ,207, ,50.9, 
240,2/10/2019,1700,41,0, ,0, ,65, ,8.5, ,48, ,75, ,40.4, ,9.4, ,203, ,51, 
240,2/10/2019,1800,41,0, ,0.01, ,11, ,9.2, ,46.6, ,85, ,42.3, ,7.6, ,192, ,51.1, 
240,2/10/2019,1900,41,0, ,0.01, ,3, ,9.5, ,45.5, ,92, ,43.2, ,5.3, ,209, ,51.2, 
240,2/10/2019,2000,41,0, ,0, ,2, ,9, ,44.9, ,89, ,41.9, ,3.4, ,195, ,51.2, 
240,2/10/2019,2100,41,0, ,0, ,1, ,8.2, ,44.9, ,81, ,39.5, ,3.4, ,271, ,51.2, 
240,2/10/2019,2200,41,0, ,0, ,0, ,7.4, ,43.4, ,77, ,36.7, ,4.5, ,324, ,51.3, 
240,2/10/2019,2300,41,0, ,0, ,0, ,6.8, ,40.9, ,78, ,34.6, ,1.2, ,233, ,51.3, 
240,2/10/2019,2400,41,0, ,0, ,1, ,6.7, ,38.4, ,85, ,34.4, ,1.1, ,260, ,51.2, 
240,2/11/2019,0100,42,0, ,0, ,1, ,6.6, ,37.2, ,88, ,34, ,2.1, ,226, ,51.2, 
240,2/11/2019,0200,42,0, ,0, ,0, ,6.3, ,36.2, ,86, ,32.6, ,1.8, ,180, ,51.3, 
240,2/11/2019,0300,42,0, ,0, ,1, ,6.4, ,36.1, ,89, ,33.3, ,3.4, ,186, ,51.5, 
240,2/11/2019,0400,42,0, ,0, ,0, ,5.9, ,33.6, ,90, ,31, ,1.9, ,186, ,51.7, 
240,2/11/2019,0500,42,0, ,0, ,0, ,6, ,34.2, ,90, ,31.6, ,2.2, ,136, ,51.7, 
240,2/11/2019,0600,42,0, ,0, ,0, ,5.5, ,31.9, ,90, ,29.2, ,1.2, ,11, ,51.5, 
240,2/11/2019,0700,42,0, ,0, ,17, ,5, ,29.5, ,91, ,27.2, ,1.9, ,276, ,51.3, 
240,2/11/2019,0800,42,0,R,0, ,300, ,5.4, ,31.8, ,89, ,29, ,1,I,0, ,51.1, 
240,2/11/2019,0900,42,0,R,0, ,680, ,5.9, ,35.5, ,83, ,31, ,1,I,320, ,51, 
240,2/11/2019,1000,42,0.01, ,0, ,1043, ,6.5, ,41.3, ,74, ,33.6, ,1.8, ,343, ,50.8, 
240,2/11/2019,1100,42,0.01, ,0, ,1305, ,5.7, ,45.4, ,55, ,30.3, ,1, ,343, ,50.6, 
240,2/11/2019,1200,42,0.01, ,0, ,1446, ,5.1, ,49.1, ,43, ,27.8, ,1.7, ,204, ,50.5, 
240,2/11/2019,1300,42,0.01, ,0, ,1454, ,5.1, ,51.2, ,40, ,27.5, ,2.3, ,232, ,50.4, 
240,2/11/2019,1400,42,0.01, ,0, ,1320, ,4.3, ,53.7, ,31, ,23.4, ,2.6, ,210, ,50.4, 
240,2/11/2019,1500,42,0.01, ,0, ,1082, ,4.1, ,55.3, ,27, ,22.3, ,1.5, ,311, ,50.3, 
240,2/11/2019,1600,42,0.01, ,0, ,728, ,4.2, ,57.5, ,26, ,23.1, ,1.6, ,326, ,50.4, 
240,2/11/2019,1700,42,0, ,0, ,328, ,4, ,56.9, ,25, ,21.8, ,1.3, ,32, ,50.5, 
240,2/11/2019,1800,42,0, ,0, ,24, ,5, ,51.2, ,39, ,26.9, ,4.2, ,19, ,50.6, 
240,2/11/2019,1900,42,0, ,0, ,0, ,5.1, ,45.4, ,49, ,27.3, ,2.9, ,12, ,50.7, 
240,2/11/2019,2000,42,0, ,0, ,0, ,4.5, ,45.2, ,44, ,24.6, ,5.6, ,350, ,50.8, 
240,2/11/2019,2100,42,0, ,0, ,0, ,4.4, ,43.6, ,46, ,24, ,6.3, ,7, ,50.9, 
240,2/11/2019,2200,42,0, ,0, ,0, ,4.9, ,40, ,59, ,26.8, ,1.7, ,61, ,50.9, 
240,2/11/2019,2300,42,0, ,0, ,0, ,5.1, ,37, ,68, ,27.4, ,1, ,263, ,50.9, 
240,2/11/2019,2400,42,0,R,0, ,0, ,4.9, ,36.2, ,68, ,26.6, ,1,I,268, ,50.9, 
240,2/12/2019,0100,43,0,R,0, ,0, ,5, ,34.5, ,74, ,27.1, ,1,I,248, ,50.8, 
240,2/12/2019,0200,43,0, ,0, ,0, ,4.9, ,33.5, ,75, ,26.5, ,1.2, ,243, ,50.8, 
240,2/12/2019,0300,43,0, ,0, ,0, ,4.9, ,32.4, ,78, ,26.4, ,1, ,218, ,50.7, 
240,2/12/2019,0400,43,0, ,0, ,0, ,5.2, ,33.6, ,79, ,27.9, ,1.2, ,113, ,50.6, 
240,2/12/2019,0500,43,0, ,0, ,0, ,4.9, ,31.9, ,81, ,26.8, ,1, ,265, ,50.5, 
240,2/12/2019,0600,43,0, ,0, ,0, ,5.1, ,32.3, ,83, ,27.6, ,1, ,196, ,50.3, 
240,2/12/2019,0700,43,0,R,0, ,26, ,5, ,32.5, ,80, ,27, ,1,I,201, ,50.2, 
240,2/12/2019,0800,43,0,R,0, ,313, ,5.3, ,36.1, ,74, ,28.5, ,1,I,108, ,50.1, 
240,2/12/2019,0900,43,0, ,0, ,692, ,5.7, ,42.1, ,63, ,30.5, ,1, ,198, ,50, 
240,2/12/2019,1000,43,0.01,R,0,Y,1009, ,5.7, ,48.6, ,49, ,30.2, ,1,I,261, ,49.8, 
240,2/12/2019,1100,43,0.01, ,0, ,1207, ,6, ,55.5, ,40, ,31.6, ,1.1, ,330, ,49.7, 
240,2/12/2019,1200,43,0.02, ,0, ,1356, ,4.9, ,59.8, ,28, ,26.6, ,3.5, ,23, ,49.7, 
240,2/12/2019,1300,43,0.02, ,0, ,1340, ,4.6, ,61.9, ,24, ,25.1, ,5.5, ,1, ,49.6, 
240,2/12/2019,1400,43,0.01, ,0, ,983, ,4.6, ,62.1, ,24, ,25, ,6.9, ,21, ,49.6, 
240,2/12/2019,1500,43,0.01, ,0, ,561, ,5.1, ,60.1, ,29, ,27.7, ,7.5, ,33, ,49.6, 
240,2/12/2019,1600,43,0.01, ,0, ,352, ,5.5, ,57.7, ,34, ,29.3, ,7.7, ,32, ,49.7, 
240,2/12/2019,1700,43,0, ,0, ,147, ,5.2, ,54.3, ,36, ,28, ,8, ,34, ,49.8, 
240,2/12/2019,1800,43,0, ,0, ,14, ,4.5, ,50.5, ,36, ,24.6, ,7.2, ,39, ,49.9, 
240,2/12/2019,1900,43,0, ,0, ,0, ,4.3, ,48.2, ,37, ,23.2, ,5.6, ,37, ,50, 
240,2/12/2019,2000,43,0, ,0, ,0, ,4.6, ,46.6, ,43, ,25.2, ,1.3, ,29, ,50.1, 
240,2/12/2019,2100,43,0,R,0, ,0, ,5.5, ,44.7, ,55, ,29.6, ,1,I,235, ,50.2, 
240,2/12/2019,2200,43,0,R,0, ,0, ,5.8, ,44, ,59, ,30.7, ,1,I,146, ,50.2, 
240,2/12/2019,2300,43,0,R,0, ,0, ,5.8, ,43.1, ,62, ,30.8, ,1,I,239, ,50.2, 
240,2/12/2019,2400,43,0,R,0, ,0, ,5.9, ,44.3, ,59, ,31.1, ,1,I,199, ,50.2, 
240,2/13/2019,0100,44,0,R,0, ,0, ,6.3, ,43.7, ,66, ,32.9, ,1,I,274, ,50.2, 
240,2/13/2019,0200,44,0,R,0, ,0, ,6.2, ,44.3, ,63, ,32.4, ,1,I,190, ,50.3, 
240,2/13/2019,0300,44,0,R,0, ,0, ,6.4, ,44.6, ,64, ,33.2, ,1,I,88, ,50.5, 
240,2/13/2019,0400,44,0,R,0, ,0, ,6.7, ,44.9, ,66, ,34.2, ,1,I,211, ,50.7, 
240,2/13/2019,0500,44,0,R,0, ,0, ,6.8, ,44.4, ,68, ,34.7, ,1,I,315, ,50.8, 
240,2/13/2019,0600,44,0,R,0, ,0, ,6.7, ,44.9, ,67, ,34.4, ,1,I,100, ,50.7, 
240,2/13/2019,0700,44,0,R,0, ,7, ,7.1, ,43.2, ,75, ,35.9, ,1,I,358, ,50.6, 
240,2/13/2019,0800,44,0, ,0, ,73, ,7.3, ,44.8, ,72, ,36.5, ,1.5, ,165, ,50.6, 
240,2/13/2019,0900,44,0, ,0, ,203, ,7.4, ,47, ,67, ,36.8, ,1, ,328, ,50.5, 
240,2/13/2019,1000,44,0,R,0, ,470, ,7.7, ,49.7, ,63, ,37.6, ,1,I,277, ,50.5, 
240,2/13/2019,1100,44,0, ,0, ,393, ,7, ,53.9, ,49, ,35.3, ,1.7, ,223, ,50.4, 
240,2/13/2019,1200,44,0, ,0, ,248, ,6.3, ,55.6, ,42, ,32.6, ,2.7, ,332, ,50.4, 
240,2/13/2019,1300,44,0, ,0, ,123, ,6.5, ,54.4, ,45, ,33.7, ,5.1, ,90, ,50.4, 
240,2/13/2019,1400,44,0, ,0.07, ,208, ,7.9, ,49, ,67, ,38.6, ,6.5, ,232, ,50.4, 
240,2/13/2019,1500,44,0, ,0, ,292, ,8.5, ,47.9, ,75, ,40.3, ,5.3, ,346, ,50.5, 
240,2/13/2019,1600,44,0, ,0, ,185, ,8.4, ,48.2, ,73, ,40.1, ,2.8, ,125, ,50.5, 
240,2/13/2019,1700,44,0, ,0, ,72, ,8.7, ,48.1, ,76, ,40.8, ,2.6, ,139, ,50.6, 
240,2/13/2019,1800,44,0, ,0, ,10, ,8.9, ,47.8, ,79, ,41.5, ,2.9, ,195, ,50.6, 
240,2/13/2019,1900,44,0, ,0, ,0, ,9.4, ,47.3, ,85, ,42.9, ,2.8, ,222, ,50.7, 
240,2/13/2019,2000,44,0, ,0.05, ,3, ,10.1, ,46.6, ,94, ,44.9, ,3.8, ,186, ,50.8, 
240,2/13/2019,2100,44,0, ,0.05, ,2, ,10.7, ,46.9, ,98, ,46.3, ,3.6, ,141, ,50.8, 
240,2/13/2019,2200,44,0, ,0.02, ,3, ,11.2, ,47.5, ,100, ,47.5, ,3.7, ,185, ,50.8, 
240,2/13/2019,2300,44,0, ,0.01, ,3, ,11.4, ,47.7, ,100, ,47.7, ,1.2, ,42, ,50.9, 
240,2/13/2019,2400,44,0,R,0.02, ,3, ,11.6, ,48.1, ,100, ,48.1, ,1,I,36, ,50.9, 
240,2/14/2019,0100,45,0, ,0.09, ,2, ,11.7, ,48.5, ,100, ,48.5, ,1.1, ,15, ,50.9, 
240,2/14/2019,0200,45,0, ,0.22, ,0, ,11.4, ,47.9, ,100, ,47.9, ,7.3, ,29, ,50.9, 
240,2/14/2019,0300,45,0, ,0.18, ,0, ,11.1, ,47.1, ,100, ,47.1, ,6.6, ,37, ,50.9, 
240,2/14/2019,0400,45,0, ,0.16, ,0, ,11, ,46.7, ,100, ,46.7, ,6.9, ,20, ,50.9, 
240,2/14/2019,0500,45,0, ,0.18, ,0, ,11.1, ,47.1, ,100, ,47.1, ,4.6, ,60, ,51, 
240,2/14/2019,0600,45,0, ,0.18, ,0, ,11.4, ,47.7, ,100, ,47.7, ,5.6, ,57, ,51, 
240,2/14/2019,0700,45,0, ,0.19, ,1, ,13.3, ,51.8, ,100, ,51.8, ,7.1, ,148, ,51, 
240,2/14/2019,0800,45,0,Y,0.2, ,11, ,14.6, ,54.4,Y,100,Y,54.4,Y,5.8, ,188, ,51, 
240,2/14/2019,0900,45,0, ,0.21, ,25, ,15.1, ,55.4, ,100, ,55.4, ,4.8, ,185, ,51, 
240,2/14/2019,1000,45,0, ,0.21, ,52, ,15.6, ,56.4, ,100, ,56.4, ,6.6, ,198, ,51, 
240,2/14/2019,1100,45,0, ,0.19, ,97, ,15.8, ,56.6, ,100, ,56.6, ,8.8, ,179, ,51.1, 
240,2/14/2019,1200,45,0, ,0.15, ,104, ,15.5, ,56.2, ,100, ,56.2, ,13, ,174, ,51.1, 
240,2/14/2019,1300,45,0, ,0.15, ,90, ,15.5, ,56.2, ,100, ,56.2, ,12, ,197, ,51.2, 
240,2/14/2019,1400,45,0, ,0.13, ,99, ,14.1, ,55, ,96, ,53.8, ,11.3, ,261, ,51.2, 
240,2/14/2019,1500,45,0, ,0.09, ,49, ,13.6, ,53.3, ,98, ,52.8, ,4.6, ,27, ,51.4, 
240,2/14/2019,1600,45,0, ,0.02, ,82, ,13.4, ,52.6, ,99, ,52.3, ,6.8, ,174, ,51.4, 
240,2/14/2019,1700,45,0, ,0, ,90, ,12.6, ,52.7, ,93, ,50.8, ,7, ,178, ,51.6, 
240,2/14/2019,1800,45,0, ,0, ,11, ,10.5, ,51.5, ,81, ,45.8, ,9.1, ,201, ,51.7, 
240,2/14/2019,1900,45,0, ,0, ,0, ,9.8, ,50.3, ,79, ,44, ,6.9, ,191, ,51.7, 
240,2/14/2019,2000,45,0, ,0, ,0, ,9.9, ,50.2, ,80, ,44.3, ,6.7, ,189, ,51.8, 
240,2/14/2019,2100,45,0, ,0, ,0, ,10.2, ,49.3, ,85, ,44.9, ,3.7, ,231, ,51.9, 
240,2/14/2019,2200,45,0, ,0, ,0, ,10.3, ,48.8, ,88, ,45.4, ,3.3, ,138, ,51.9, 
240,2/14/2019,2300,45,0, ,0, ,0, ,10.2, ,46.9, ,93, ,45, ,2.6, ,71, ,51.9, 
240,2/14/2019,2400,45,0,R,0, ,0, ,10.3, ,45.7, ,98, ,45.2, ,1,I,19, ,52, 
240,2/15/2019,0100,46,0,R,0, ,0, ,10.5, ,45.7, ,100, ,45.7, ,1,I,95, ,52, 
240,2/15/2019,0200,46,0,R,0, ,0, ,10.4, ,45.3, ,100, ,45.3, ,1,I,232, ,52.1, 
240,2/15/2019,0300,46,0,R,0, ,0, ,10.5, ,45.5, ,100, ,45.5, ,1,I,255, ,52.3, 
240,2/15/2019,0400,46,0,R,0, ,0, ,10.4, ,45.4, ,100, ,45.4, ,1,I,237, ,52.5, 
240,2/15/2019,0500,46,0,R,0, ,1, ,10.2, ,44.8, ,100, ,44.8, ,1,I,237, ,52.6, 
240,2/15/2019,0600,46,0,R,0, ,1, ,9.9, ,44.2, ,100, ,44.2, ,1,I,97, ,52.5, 
240,2/15/2019,0700,46,0,R,0, ,12, ,9.9, ,44, ,100, ,44, ,1,I,226, ,52.4, 
240,2/15/2019,0800,46,0, ,0, ,175, ,9.9, ,44.1, ,100, ,44.1, ,1.6, ,138, ,52.3, 
240,2/15/2019,0900,46,0, ,0, ,440, ,10.5, ,45.5, ,100, ,45.5, ,2.8, ,164, ,52.2, 
240,2/15/2019,1000,46,0.01, ,0, ,852, ,11.1, ,47.1, ,100, ,47.1, ,2.6, ,225, ,52.1, 
240,2/15/2019,1100,46,0.01, ,0, ,1181, ,11.9, ,49.8, ,98, ,49.2, ,3.2, ,179, ,52, 
240,2/15/2019,1200,46,0.01, ,0, ,1216, ,9.6, ,51.6, ,73, ,43.3, ,4.6, ,191, ,52, 
240,2/15/2019,1300,46,0.01, ,0, ,665, ,9.1, ,52.3, ,68, ,42.1, ,5.9, ,320, ,52, 
240,2/15/2019,1400,46,0.01, ,0, ,598, ,9, ,52.5, ,67, ,41.9, ,4.7, ,333, ,52.1, 
240,2/15/2019,1500,46,0.01, ,0, ,521, ,9, ,53.1, ,65, ,41.8, ,8.8, ,224, ,52.2, 
240,2/15/2019,1600,46,0, ,0, ,362, ,8.7, ,52.2, ,65, ,40.8, ,9.5, ,232, ,52.3, 
240,2/15/2019,1700,46,0, ,0, ,110, ,8.8, ,51.1, ,69, ,41.1, ,9.3, ,220, ,52.4, 
240,2/15/2019,1800,46,0, ,0, ,14, ,8.9, ,49.7, ,73, ,41.6, ,9.5, ,211, ,52.5, 
240,2/15/2019,1900,46,0, ,0, ,0, ,9.1, ,49.1, ,77, ,42.1, ,8, ,202, ,52.6, 
240,2/15/2019,2000,46,0, ,0, ,0, ,9.9, ,48.4, ,86, ,44.3, ,8.6, ,175, ,52.6, 
240,2/15/2019,2100,46,0, ,0.01, ,1, ,10.6, ,47.5, ,95, ,46.2, ,8.6, ,194, ,52.6, 
240,2/15/2019,2200,46,0, ,0, ,1, ,10.5, ,46.9, ,96, ,45.7, ,6.4, ,220, ,52.6, 
240,2/15/2019,2300,46,0, ,0, ,0, ,10.1, ,46.7, ,93, ,44.9, ,4.1, ,310, ,52.6, 
240,2/15/2019,2400,46,0, ,0, ,0, ,9.5, ,46.3, ,89, ,43.1, ,5.6, ,337, ,52.6, 
240,2/16/2019,0100,47,0, ,0.02, ,1, ,9.3, ,45.9, ,88, ,42.7, ,3.2, ,330, ,52.6, 
240,2/16/2019,0200,47,0, ,0.02, ,1, ,9.6, ,45.4, ,93, ,43.4, ,1.6, ,108, ,52.7, 
240,2/16/2019,0300,47,0, ,0, ,1, ,9.5, ,44.9, ,94, ,43.3, ,3.9, ,149, ,52.9, 
240,2/16/2019,0400,47,0, ,0, ,1, ,9.3, ,44, ,95, ,42.7, ,1.8, ,100, ,53, 
240,2/16/2019,0500,47,0, ,0, ,1, ,9.1, ,43.4, ,95, ,42, ,2.4, ,178, ,53.1, 
240,2/16/2019,0600,47,0, ,0, ,2, ,8.6, ,41.3, ,97, ,40.6, ,1.4, ,281, ,53, 
240,2/16/2019,0700,47,0, ,0, ,27, ,8.2, ,40.7, ,96, ,39.5, ,1.4, ,143, ,52.8, 
240,2/16/2019,0800,47,0, ,0, ,333, ,8.8, ,42.7, ,95, ,41.3, ,1.1, ,129, ,52.7, 
240,2/16/2019,0900,47,0.01, ,0, ,706, ,8.8, ,45, ,86, ,41.2, ,4.6, ,150, ,52.6, 
240,2/16/2019,1000,47,0.01, ,0, ,1070, ,8.1, ,47.5, ,73, ,39.1, ,2.2, ,172, ,52.4, 
240,2/16/2019,1100,47,0.01, ,0, ,1317, ,7.2, ,49.1, ,61, ,36.1, ,3.3, ,296, ,52.3, 
240,2/16/2019,1200,47,0.01, ,0, ,1476, ,7, ,50.5, ,56, ,35.3, ,4.1, ,253, ,52.3, 
240,2/16/2019,1300,47,0.02, ,0, ,1462, ,7.1, ,51.7, ,54, ,35.7, ,6.8, ,278, ,52.3, 
240,2/16/2019,1400,47,0.01, ,0, ,1337, ,6.6, ,52, ,50, ,33.9, ,7.9, ,313, ,52.2, 
240,2/16/2019,1500,47,0.01, ,0, ,1021, ,6.5, ,52.9, ,47, ,33.4, ,6.9, ,320, ,52.3, 
240,2/16/2019,1600,47,0, ,0, ,415, ,6.1, ,52.5, ,45, ,31.8, ,5.9, ,278, ,52.3, 
240,2/16/2019,1700,47,0, ,0, ,241, ,7.5, ,50.8, ,59, ,37, ,11.1, ,231, ,52.4, 
240,2/16/2019,1800,47,0, ,0, ,49, ,7.3, ,48.3, ,63, ,36.4, ,10.5, ,227, ,52.5, 
240,2/16/2019,1900,47,0, ,0, ,0, ,7.2, ,46.3, ,68, ,36.2, ,8.2, ,229, ,52.6, 
240,2/16/2019,2000,47,0, ,0, ,0, ,7.3, ,45.2, ,71, ,36.5, ,4.1, ,210, ,52.6, 
240,2/16/2019,2100,47,0, ,0, ,0, ,7.3, ,44.6, ,73, ,36.4, ,4.1, ,140, ,52.6, 
240,2/16/2019,2200,47,0, ,0, ,0, ,7.6, ,42.8, ,81, ,37.5, ,3.9, ,95, ,52.6, 
240,2/16/2019,2300,47,0, ,0, ,0, ,7.7, ,42.9, ,82, ,37.8, ,5.9, ,112, ,52.6, 
240,2/16/2019,2400,47,0, ,0, ,0, ,7.6, ,41.8, ,84, ,37.5, ,3.6, ,107, ,52.5, 
240,2/17/2019,0100,48,0, ,0, ,0, ,7.2, ,39, ,89, ,35.9, ,1.1, ,285, ,52.5, 
240,2/17/2019,0200,48,0,R,0, ,0, ,7.3, ,38.3, ,93, ,36.6, ,1,I,192, ,52.5, 
240,2/17/2019,0300,48,0, ,0, ,0, ,7.7, ,39.3, ,94, ,37.6, ,1.3, ,173, ,52.7, 
240,2/17/2019,0400,48,0, ,0, ,0, ,6.9, ,36.6, ,94, ,35, ,1.4, ,150, ,52.8, 
240,2/17/2019,0500,48,0, ,0, ,0, ,6.9, ,35.8, ,96, ,34.9, ,1.2, ,327, ,52.8, 
240,2/17/2019,0600,48,0, ,0, ,0, ,6.8, ,35.1, ,99, ,34.7, ,2.2, ,234, ,52.6, 
240,2/17/2019,0700,48,0, ,0, ,26, ,6.9, ,34.9, ,100, ,34.9, ,1.7, ,134, ,52.4, 
240,2/17/2019,0800,48,0, ,0, ,354, ,7.4, ,38.8, ,93, ,36.9, ,3.9, ,107, ,52.3, 
240,2/17/2019,0900,48,0.01, ,0, ,727, ,7.3, ,42.8, ,78, ,36.5, ,5.7, ,119, ,52.1, 
240,2/17/2019,1000,48,0.01, ,0, ,1093, ,7.4, ,46.7, ,68, ,36.8, ,5.2, ,182, ,52, 
240,2/17/2019,1100,48,0.01, ,0, ,1048, ,6.7, ,48.7, ,57, ,34.3, ,4.4, ,200, ,51.8, 
240,2/17/2019,1200,48,0.01, ,0, ,1209, ,6.4, ,50.2, ,51, ,33, ,9.5, ,234, ,51.7, 
240,2/17/2019,1300,48,0.01, ,0, ,873, ,6.3, ,50.1, ,51, ,32.7, ,11.2, ,233, ,51.7, 
240,2/17/2019,1400,48,0.01, ,0, ,716, ,6.6, ,49, ,56, ,34, ,12.7, ,239, ,51.7, 
240,2/17/2019,1500,48,0.01, ,0, ,834, ,7.9, ,46.9, ,72, ,38.6, ,8.8, ,233, ,51.7, 
240,2/17/2019,1600,48,0, ,0.01, ,430, ,8.6, ,45.8, ,82, ,40.7, ,9.9, ,209, ,51.7, 
240,2/17/2019,1700,48,0, ,0.01, ,222, ,9, ,45.5, ,87, ,41.8, ,8.4, ,217, ,51.7, 
240,2/17/2019,1800,48,0, ,0, ,15, ,7.5, ,45, ,73, ,37, ,7.1, ,231, ,51.8, 
240,2/17/2019,1900,48,0, ,0, ,1, ,7.3, ,44.2, ,74, ,36.4, ,5.4, ,237, ,51.8, 
240,2/17/2019,2000,48,0, ,0, ,0, ,7.2, ,43.9, ,74, ,36.2, ,6.4, ,221, ,51.8, 
240,2/17/2019,2100,48,0, ,0, ,0, ,7.1, ,43.1, ,75, ,35.8, ,2.8, ,257, ,51.8, 
240,2/17/2019,2200,48,0,R,0, ,2, ,7.2, ,42.7, ,78, ,36.2, ,1,I,259, ,51.8, 
240,2/17/2019,2300,48,0, ,0.01, ,4, ,7.3, ,42, ,80, ,36.4, ,4.9, ,233, ,51.8, 
240,2/17/2019,2400,48,0, ,0, ,4, ,7.1, ,40.3, ,83, ,35.6, ,2.4, ,156, ,51.8, 
240,2/18/2019,0100,49,0, ,0, ,4, ,7.1, ,39.5, ,86, ,35.7, ,3.5, ,110, ,51.7, 
240,2/18/2019,0200,49,0, ,0, ,3, ,6.9, ,38.4, ,88, ,35.1, ,3, ,123, ,51.8, 
240,2/18/2019,0300,49,0, ,0, ,3, ,6.6, ,36.6, ,90, ,33.8, ,1.7, ,47, ,52, 
240,2/18/2019,0400,49,0, ,0, ,3, ,6.6, ,35.6, ,93, ,33.8, ,1.8, ,170, ,52.1, 
240,2/18/2019,0500,49,0,R,0, ,2, ,6.2, ,33.8, ,95, ,32.5, ,1,I,22, ,52.1, 
240,2/18/2019,0600,49,0,R,0, ,3, ,6.3, ,33.4, ,97, ,32.7, ,1,I,205, ,52, 
240,2/18/2019,0700,49,0,R,0, ,25, ,6.2, ,32.4, ,99, ,32.2, ,1,I,241, ,51.8, 
240,2/18/2019,0800,49,0,R,0, ,328, ,6.8, ,34.7, ,100, ,34.7, ,1,I,224, ,51.7, 
240,2/18/2019,0900,49,0,R,0, ,698, ,7.6, ,39.3, ,93, ,37.4, ,1,I,198, ,51.5, 
240,2/18/2019,1000,49,0.01, ,0, ,1021, ,7.2, ,42.9, ,76, ,35.9, ,2.3, ,189, ,51.3, 
240,2/18/2019,1100,49,0.01, ,0, ,1167, ,5.8, ,44.1, ,59, ,30.6, ,1.9, ,223, ,51.2, 
240,2/18/2019,1200,49,0.01, ,0, ,1456, ,5.7, ,46.5, ,53, ,30.2, ,2, ,346, ,51.1, 
240,2/18/2019,1300,49,0.01, ,0, ,1456, ,5.6, ,47.8, ,50, ,29.8, ,2.3, ,58, ,51, 
240,2/18/2019,1400,49,0.01, ,0, ,1335, ,5.6, ,49.5, ,47, ,30, ,2.5, ,79, ,51, 
240,2/18/2019,1500,49,0.01, ,0, ,603, ,5, ,49.5, ,41, ,27, ,2.6, ,40, ,51, 
240,2/18/2019,1600,49,0.01, ,0, ,466, ,5.6, ,46.6, ,51, ,29.7, ,9.7, ,85, ,51, 
240,2/18/2019,1700,49,0, ,0, ,244, ,5.8, ,43.5, ,60, ,30.7, ,10.6, ,119, ,51.1, 
240,2/18/2019,1800,49,0, ,0, ,18, ,5.9, ,42.4, ,64, ,31.1, ,4.5, ,194, ,51.2, 
240,2/18/2019,1900,49,0, ,0, ,0, ,5.9, ,40.7, ,68, ,31.1, ,1.9, ,230, ,51.3, 
240,2/18/2019,2000,49,0, ,0, ,0, ,5.9, ,40.2, ,69, ,31, ,4, ,151, ,51.3, 
240,2/18/2019,2100,49,0, ,0, ,0, ,6, ,39.2, ,73, ,31.4, ,5.3, ,126, ,51.4, 
240,2/18/2019,2200,49,0, ,0, ,0, ,5.8, ,37.9, ,75, ,30.7, ,1.8, ,162, ,51.3, 
240,2/18/2019,2300,49,0, ,0, ,3, ,5.7, ,34.2, ,85, ,30.1, ,2.3, ,238, ,51.3, 
240,2/18/2019,2400,49,0, ,0, ,3, ,5.7, ,33.8, ,87, ,30.4, ,1.7, ,234, ,51.2, 
240,2/19/2019,0100,50,0, ,0, ,3, ,5.6, ,33.2, ,88, ,29.9, ,1.9, ,150, ,51.2, 
240,2/19/2019,0200,50,0, ,0, ,2, ,5.6, ,33, ,88, ,29.9, ,1.9, ,161, ,51.1, 
240,2/19/2019,0300,50,0, ,0, ,1, ,5.1, ,34.4, ,76, ,27.7, ,3.8, ,352, ,51, 
240,2/19/2019,0400,50,0, ,0, ,0, ,4.3, ,36.8, ,58, ,23.5, ,9.4, ,334, ,50.9, 
240,2/19/2019,0500,50,0, ,0, ,0, ,4.1, ,37.1, ,55, ,22.5, ,8.1, ,345, ,50.7, 
240,2/19/2019,0600,50,0, ,0, ,0, ,4.1, ,36.2, ,57, ,22.4, ,3.2, ,355, ,50.6, 
240,2/19/2019,0700,50,0, ,0, ,32, ,4.1, ,34.7, ,61, ,22.5, ,2.4, ,353, ,50.5, 
240,2/19/2019,0800,50,0, ,0, ,350, ,4.6, ,36.2, ,63, ,24.9, ,4.9, ,128, ,50.3, 
240,2/19/2019,0900,50,0.01, ,0, ,737, ,4.7, ,40.2, ,56, ,25.7, ,1.4, ,162, ,50.2, 
240,2/19/2019,1000,50,0.01, ,0, ,1086, ,4.1, ,44.1, ,42, ,22.6, ,1.4, ,340, ,50.1, 
240,2/19/2019,1100,50,0.01, ,0, ,1320, ,4, ,46.5, ,37, ,21.7, ,2.5, ,352, ,50, 
240,2/19/2019,1200,50,0.01, ,0, ,1472, ,3.9, ,48.8, ,33, ,21.2, ,4.5, ,327, ,49.9, 
240,2/19/2019,1300,50,0.02, ,0, ,1476, ,3.5, ,49.5, ,29, ,18.4, ,7.6, ,314, ,49.9, 
240,2/19/2019,1400,50,0.01, ,0, ,1343, ,3.5, ,50.3, ,28, ,18.5, ,6.6, ,331, ,49.9, 
240,2/19/2019,1500,50,0.01, ,0, ,1097, ,3.5, ,51.4, ,27, ,18.7, ,4, ,349, ,49.9, 
240,2/19/2019,1600,50,0.01, ,0, ,757, ,3.5, ,51.8, ,27, ,18.9, ,4.8, ,313, ,49.9, 
240,2/19/2019,1700,50,0, ,0, ,370, ,3.4, ,51.3, ,26, ,17.6, ,4.2, ,332, ,50, 
240,2/19/2019,1800,50,0, ,0, ,41, ,4.4, ,48.6, ,37, ,23.8, ,4.9, ,325, ,50.1, 
240,2/19/2019,1900,50,0, ,0, ,0, ,5.3, ,44.2, ,54, ,28.6, ,2.5, ,270, ,50.3, 
240,2/19/2019,2000,50,0, ,0, ,0, ,6.1, ,43.2, ,65, ,32.1, ,2.3, ,131, ,50.4, 
240,2/19/2019,2100,50,0, ,0, ,0, ,6.1, ,41.8, ,68, ,32, ,4.3, ,114, ,50.4, 
240,2/19/2019,2200,50,0, ,0, ,0, ,5.9, ,40.7, ,68, ,31.1, ,2.8, ,122, ,50.5, 
240,2/19/2019,2300,50,0,R,0, ,0, ,5.8, ,38.1, ,74, ,30.7, ,1,I,51, ,50.5, 
240,2/19/2019,2400,50,0,R,0, ,0, ,5.8, ,36, ,81, ,30.6, ,1,I,230, ,50.4, 
240,2/20/2019,0100,51,0, ,0, ,2, ,5.6, ,33.7, ,86, ,29.9, ,1.5, ,297, ,50.4, 
240,2/20/2019,0200,51,0, ,0, ,2, ,5.6, ,32.9, ,88, ,29.7, ,1, ,253, ,50.5, 
240,2/20/2019,0300,51,0,R,0, ,1, ,5.7, ,32.5, ,91, ,30.1, ,1,I,217, ,50.6, 
240,2/20/2019,0400,51,0,R,0, ,1, ,5.5, ,31.6, ,92, ,29.6, ,1,I,234, ,50.8, 
240,2/20/2019,0500,51,0, ,0, ,1, ,5.6, ,32, ,92, ,30, ,1, ,57, ,50.8, 
240,2/20/2019,0600,51,0, ,0, ,1, ,5.2, ,30.3, ,91, ,28.1, ,1, ,283, ,50.6, 
240,2/20/2019,0700,51,0,R,0, ,34, ,5.2, ,29.6, ,93, ,27.9, ,1,I,288, ,50.5, 
240,2/20/2019,0800,51,0,R,0, ,370, ,5.7, ,31.8, ,94, ,30.4, ,1,I,294, ,50.3, 
240,2/20/2019,0900,51,0,R,0, ,533, ,6.4, ,36, ,89, ,33.1, ,1,I,5, ,50.1, 
240,2/20/2019,1000,51,0.01, ,0, ,1081, ,7.1, ,42, ,78, ,35.7, ,1.5, ,4, ,49.9, 
240,2/20/2019,1100,51,0.01, ,0, ,737, ,6.8, ,45.2, ,67, ,34.8, ,5.5, ,186, ,49.8, 
240,2/20/2019,1200,51,0, ,0, ,313, ,6.7, ,45.8, ,63, ,34.1, ,7.2, ,201, ,49.7, 
240,2/20/2019,1300,51,0, ,0, ,219, ,7.1, ,45.5, ,68, ,35.7, ,8, ,183, ,49.7, 
240,2/20/2019,1400,51,0, ,0, ,326, ,7.5, ,45.8, ,71, ,37, ,9.2, ,182, ,49.7, 
240,2/20/2019,1500,51,0.01, ,0, ,541, ,7.6, ,47.1, ,69, ,37.5, ,9.2, ,181, ,49.7, 
240,2/20/2019,1600,51,0, ,0, ,289, ,6.7, ,46.8, ,61, ,34.3, ,11.7, ,219, ,49.7, 
240,2/20/2019,1700,51,0, ,0, ,90, ,6.9, ,45.8, ,66, ,35.1, ,10.2, ,226, ,49.7, 
240,2/20/2019,1800,51,0, ,0, ,10, ,7, ,45, ,69, ,35.5, ,6, ,221, ,49.8, 
240,2/20/2019,1900,51,0, ,0, ,0, ,7.4, ,45, ,73, ,36.7, ,5.9, ,185, ,49.8, 
240,2/20/2019,2000,51,0, ,0, ,0, ,8.1, ,43.8, ,84, ,39.2, ,6.5, ,131, ,49.9, 
240,2/20/2019,2100,51,0, ,0, ,0, ,8, ,43.4, ,84, ,38.8, ,5.6, ,179, ,49.9, 
240,2/20/2019,2200,51,0, ,0.02, ,3, ,7.8, ,42.5, ,84, ,38, ,5.4, ,191, ,49.9, 
240,2/20/2019,2300,51,0, ,0.02, ,4, ,8, ,41.8, ,89, ,38.9, ,6.3, ,159, ,49.9, 
240,2/20/2019,2400,51,0, ,0.01, ,3, ,8.4, ,42.1, ,92, ,40, ,5.1, ,139, ,49.9, 
240,2/21/2019,0100,52,0, ,0.02, ,3, ,8.3, ,41.7, ,92, ,39.6, ,4.2, ,179, ,49.9, 
240,2/21/2019,0200,52,0, ,0.02, ,2, ,8.1, ,41.4, ,91, ,39, ,6.7, ,155, ,49.9, 
240,2/21/2019,0300,52,0, ,0.02, ,2, ,7.8, ,41.3, ,88, ,38.1, ,7.6, ,192, ,49.8, 
240,2/21/2019,0400,52,0, ,0.06, ,1, ,7.6, ,40.3, ,89, ,37.3, ,7.5, ,221, ,49.8, 
240,2/21/2019,0500,52,0, ,0.06, ,2, ,7.2, ,40.2, ,85, ,36.1, ,6.7, ,204, ,49.8, 
240,2/21/2019,0600,52,0, ,0, ,2, ,7.2, ,40.8, ,83, ,36, ,6.3, ,180, ,49.8, 
240,2/21/2019,0700,52,0, ,0, ,15, ,7.1, ,40.9, ,81, ,35.6, ,5.2, ,165, ,49.7, 
240,2/21/2019,0800,52,0, ,0, ,168, ,7, ,41, ,81, ,35.5, ,3.3, ,151, ,49.7, 
240,2/21/2019,0900,52,0, ,0, ,450, ,6.4, ,42.9, ,68, ,33, ,5, ,204, ,49.6, 
240,2/21/2019,1000,52,0, ,0, ,586, ,6.6, ,44.3, ,66, ,33.8, ,3.1, ,214, ,49.6, 
240,2/21/2019,1100,52,0.01, ,0, ,681, ,6.2, ,45.2, ,61, ,32.5, ,1.9, ,303, ,49.6, 
240,2/21/2019,1200,52,0.01, ,0, ,1186, ,6.1, ,47.4, ,55, ,32, ,7.2, ,237, ,49.6, 
240,2/21/2019,1300,52,0.01, ,0, ,720, ,5.8, ,47.4, ,52, ,30.7, ,6.9, ,243, ,49.6, 
240,2/21/2019,1400,52,0.01, ,0, ,883, ,5.7, ,47.6, ,51, ,30.2, ,7.8, ,253, ,49.6, 
240,2/21/2019,1500,52,0, ,0, ,253, ,6.5, ,43.1, ,69, ,33.4, ,14.7, ,6, ,49.6, 
240,2/21/2019,1600,52,0, ,0, ,244, ,6.5, ,41.3, ,73, ,33.4, ,15.7, ,355, ,49.7, 
240,2/21/2019,1700,52,0,Y,0, ,62, ,6.3, ,39.4,Y,77,Y,32.7,Y,7.6, ,334, ,49.8, 
240,2/21/2019,1800,52,0,Y,0, ,3, ,6.3, ,37.9,Y,81,Y,32.6,Y,8.3, ,225, ,49.8, 
240,2/21/2019,1900,52,0,Y,0, ,1, ,6.3, ,35.5,Y,89,Y,32.7,Y,5.2, ,166, ,49.9, 
240,2/21/2019,2000,52,0,Y,0, ,1, ,6.2, ,34.9,Y,91,Y,32.5,Y,1.8, ,46, ,49.9, 
240,2/21/2019,2100,52,0,Y,0, ,1, ,6.3, ,35,Y,91,Y,32.7,Y,1.5, ,270, ,49.8, 
240,2/21/2019,2200,52,0,R,0, ,2, ,6.3, ,34.9, ,92, ,32.8, ,1,I,243, ,49.8, 
240,2/21/2019,2300,52,0, ,0, ,2, ,6.1, ,33.6, ,93, ,31.8, ,1, ,253, ,49.7, 
240,2/21/2019,2400,52,0, ,0, ,1, ,6, ,33, ,95, ,31.7, ,1.2, ,209, ,49.7, 
240,2/22/2019,0100,53,0,R,0, ,1, ,6, ,32.6, ,96, ,31.6, ,1,I,347, ,49.6, 
240,2/22/2019,0200,53,0,R,0, ,1, ,5.8, ,31.4, ,97, ,30.8, ,1,I,52, ,49.7, 
240,2/22/2019,0300,53,0,R,0, ,1, ,5.9, ,31.4, ,98, ,30.9, ,1,I,58, ,49.8, 
240,2/22/2019,0400,53,0, ,0, ,0, ,5.5, ,29.7, ,99, ,29.5, ,1.2, ,299, ,49.9, 
240,2/22/2019,0500,53,0, ,0, ,0, ,5.8, ,30.5, ,100, ,30.5, ,1.8, ,73, ,49.9, 
240,2/22/2019,0600,53,0, ,0, ,0, ,5.6, ,29.9, ,100, ,29.9, ,1.2, ,46, ,49.7, 
240,2/22/2019,0700,53,0, ,0, ,21, ,5.4, ,28.7, ,100, ,28.7, ,2.4, ,295, ,49.6, 
240,2/22/2019,0800,53,0, ,0, ,329, ,5.9, ,30.8, ,100, ,30.8, ,2.5, ,139, ,49.4, 
240,2/22/2019,0900,53,0, ,0, ,752, ,7.3, ,37.1, ,98, ,36.5, ,3.5, ,120, ,49.2, 
240,2/22/2019,1000,53,0.01, ,0, ,1123, ,4.5, ,44.8, ,45, ,24.8, ,14, ,331, ,49.1, 
240,2/22/2019,1100,53,0.02, ,0, ,1389, ,4.3, ,47.2, ,39, ,23.3, ,15.8, ,330, ,49, 
240,2/22/2019,1200,53,0.02, ,0, ,1524, ,4.2, ,48.9, ,36, ,23.1, ,18.6, ,324, ,48.9, 
240,2/22/2019,1300,53,0.02, ,0, ,1536, ,4, ,50.4, ,32, ,21.7, ,18.4, ,334, ,48.9, 
240,2/22/2019,1400,53,0.02, ,0, ,1406, ,3.8, ,51.3, ,29, ,20.6, ,16.2, ,332, ,48.9, 
240,2/22/2019,1500,53,0.02, ,0, ,1152, ,3.8, ,52.1, ,28, ,20.3, ,14.4, ,330, ,48.8, 
240,2/22/2019,1600,53,0.01, ,0, ,796, ,3.8, ,52.4, ,28, ,20.3, ,9.8, ,305, ,48.9, 
240,2/22/2019,1700,53,0.01, ,0, ,389, ,4.7, ,51.8, ,35, ,25.4, ,6.9, ,279, ,48.9, 
240,2/22/2019,1800,53,0, ,0, ,44, ,5.2, ,47.5, ,47, ,28.1, ,5.4, ,293, ,49, 
240,2/22/2019,1900,53,0,R,0, ,0, ,5.3, ,44.5, ,53, ,28.6, ,1,I,214, ,49.1, 
240,2/22/2019,2000,53,0, ,0, ,0, ,5.5, ,44.2, ,56, ,29.6, ,3, ,122, ,49.1, 
240,2/22/2019,2100,53,0, ,0, ,0, ,5.7, ,42.6, ,61, ,30.2, ,6.5, ,124, ,49.2, 
240,2/22/2019,2200,53,0, ,0, ,0, ,5.5, ,41, ,63, ,29.4, ,3.6, ,132, ,49.2, 
240,2/22/2019,2300,53,0,R,0, ,0, ,5.3, ,35.2, ,76, ,28.6, ,1,I,248, ,49.2, 
240,2/22/2019,2400,53,0,R,0, ,0, ,5.4, ,34.2, ,81, ,28.8, ,1,I,316, ,49.1, 
240,2/23/2019,0100,54,0,R,0, ,0, ,5.3, ,33.1, ,83, ,28.5, ,1,I,264, ,49.1, 
240,2/23/2019,0200,54,0,R,0, ,1, ,5.2, ,31.6, ,87, ,28.1, ,1,I,332, ,49.2, 
240,2/23/2019,0300,54,0,R,0, ,0, ,5.1, ,30.6, ,88, ,27.5, ,1,I,344, ,49.4, 
240,2/23/2019,0400,54,0,R,0, ,0, ,5, ,29.7, ,90, ,27.2, ,1,I,256, ,49.4, 
240,2/23/2019,0500,54,0,R,0, ,0, ,5.1, ,29.7, ,91, ,27.5, ,1,I,2, ,49.4, 
240,2/23/2019,0600,54,0,R,0, ,0, ,5, ,28.8, ,92, ,26.9, ,1,I,301, ,49.2, 
240,2/23/2019,0700,54,0,R,0, ,42, ,4.8, ,27.9, ,93, ,26.2, ,1,I,256, ,49, 
240,2/23/2019,0800,54,0,R,0, ,390, ,5.4, ,31.1, ,92, ,29.1, ,1,I,269, ,48.8, 
240,2/23/2019,0900,54,0,R,0, ,793, ,6, ,36.5, ,81, ,31.4, ,1,I,351, ,48.7, 
240,2/23/2019,1000,54,0.01,R,0, ,1138, ,6.2, ,42.5, ,67, ,32.5, ,1,I,310, ,48.5, 
240,2/23/2019,1100,54,0.01, ,0, ,1401, ,6.2, ,49, ,52, ,32.4, ,1.1, ,318, ,48.4, 
240,2/23/2019,1200,54,0.01, ,0, ,1540, ,5.2, ,52.4, ,39, ,28, ,1.5, ,300, ,48.3, 
240,2/23/2019,1300,54,0.01, ,0, ,1553, ,4.2, ,54.3, ,29, ,23.2, ,1.2, ,332, ,48.3, 
240,2/23/2019,1400,54,0.01, ,0, ,1404, ,4.1, ,55.8, ,27, ,22.5, ,2.7, ,325, ,48.3, 
240,2/23/2019,1500,54,0.01, ,0, ,1145, ,4.6, ,57.3, ,29, ,25.2, ,2.4, ,175, ,48.3, 
240,2/23/2019,1600,54,0.01, ,0, ,780, ,5.1, ,56.8, ,32, ,27.4, ,6.9, ,337, ,48.4, 
240,2/23/2019,1700,54,0.01, ,0, ,411, ,5.7, ,54.7, ,39, ,30.2, ,10, ,318, ,48.6, 
240,2/23/2019,1800,54,0, ,0, ,55, ,5.4, ,50.5, ,43, ,28.8, ,5.7, ,313, ,48.7, 
240,2/23/2019,1900,54,0, ,0, ,0, ,5.7, ,46.8, ,52, ,30.3, ,1.6, ,314, ,48.9, 
240,2/23/2019,2000,54,0,R,0, ,0, ,5.3, ,45.6, ,51, ,28.7, ,1,I,49, ,49.1, 
240,2/23/2019,2100,54,0,R,0, ,0, ,5.1, ,44.3, ,51, ,27.4, ,1,I,39, ,49.2, 
240,2/23/2019,2200,54,0, ,0, ,0, ,5.5, ,43.2, ,58, ,29.6, ,1.3, ,353, ,49.3, 
240,2/23/2019,2300,54,0, ,0, ,0, ,5.5, ,40.5, ,64, ,29.3, ,1, ,262, ,49.3, 
240,2/23/2019,2400,54,0,R,0, ,0, ,5.5, ,39.5, ,67, ,29.4, ,1,I,320, ,49.3, 
240,2/24/2019,0100,55,0,R,0, ,0, ,5.7, ,37.4, ,75, ,30.1, ,1,I,314, ,49.3, 
240,2/24/2019,0200,55,0,R,0, ,0, ,5.8, ,36.1, ,80, ,30.5, ,1,I,257, ,49.5, 
240,2/24/2019,0300,55,0,R,0, ,0, ,5.7, ,35.1, ,83, ,30.4, ,1,I,276, ,49.7, 
240,2/24/2019,0400,55,0,R,0, ,0, ,5.8, ,34.8, ,85, ,30.8, ,1,I,236, ,49.8, 
240,2/24/2019,0500,55,0,R,0, ,0, ,5.9, ,35.1, ,85, ,31.1, ,1,I,32, ,49.8, 
240,2/24/2019,0600,55,0,R,0, ,0, ,5.8, ,34.3, ,87, ,30.7, ,1,I,240, ,49.7, 
240,2/24/2019,0700,55,0,R,0, ,38, ,5.8, ,33.8, ,89, ,30.8, ,1,I,292, ,49.5, 
240,2/24/2019,0800,55,0,R,0, ,258, ,6, ,34.9, ,87, ,31.5, ,1,I,278, ,49.4, 
240,2/24/2019,0900,55,0,R,0, ,455, ,6.6, ,39, ,81, ,33.8, ,1,I,275, ,49.2, 
240,2/24/2019,1000,55,0.01, ,0, ,1131, ,6.5, ,46.4, ,60, ,33.5, ,1, ,186, ,49.1, 
240,2/24/2019,1100,55,0.01, ,0, ,1379, ,6.1, ,52, ,46, ,31.9, ,1, ,337, ,49, 
240,2/24/2019,1200,55,0.02, ,0, ,1516, ,5.8, ,56.1, ,38, ,30.7, ,2.5, ,253, ,49, 
240,2/24/2019,1300,55,0.02, ,0, ,1518, ,5.3, ,58.8, ,31, ,28.4, ,2.2, ,199, ,48.9, 
240,2/24/2019,1400,55,0.02, ,0, ,1387, ,4.9, ,60.5, ,27, ,26.5, ,2.3, ,259, ,49, 
240,2/24/2019,1500,55,0.01, ,0, ,1134, ,5, ,61.6, ,27, ,27.1, ,3.3, ,321, ,49, 
240,2/24/2019,1600,55,0.01, ,0, ,792, ,5, ,62.8, ,26, ,27.3, ,2.3, ,353, ,49.1, 
240,2/24/2019,1700,55,0, ,0, ,405, ,5.6, ,62.1, ,30, ,30, ,2.1, ,294, ,49.3, 
240,2/24/2019,1800,55,0, ,0, ,50, ,7.2, ,56.8, ,46, ,36, ,1.6, ,316, ,49.5, 
240,2/24/2019,1900,55,0, ,0, ,0, ,7.1, ,53, ,52, ,35.6, ,2.2, ,2, ,49.7, 
240,2/24/2019,2000,55,0, ,0, ,0, ,6.4, ,50, ,52, ,33, ,2.6, ,20, ,49.9, 
240,2/24/2019,2100,55,0, ,0, ,0, ,6.4, ,47.9, ,57, ,33.3, ,1.4, ,278, ,50.1, 
240,2/24/2019,2200,55,0,R,0, ,0, ,6.5, ,46.8, ,60, ,33.5, ,1,I,82, ,50.2, 
240,2/24/2019,2300,55,0, ,0, ,0, ,7.1, ,45, ,69, ,35.6, ,1, ,117, ,50.3, 
240,2/24/2019,2400,55,0, ,0, ,0, ,6.8, ,41.6, ,76, ,34.7, ,1.1, ,306, ,50.3, 
240,2/25/2019,0100,56,0, ,0, ,0, ,6.8, ,40, ,81, ,34.6, ,1.5, ,261, ,50.3, 
240,2/25/2019,0200,56,0,R,0, ,0, ,6.8, ,39.6, ,82, ,34.7, ,1,I,31, ,50.5, 
240,2/25/2019,0300,56,0, ,0, ,0, ,6.7, ,39.2, ,82, ,34.2, ,1.3, ,341, ,50.7, 
240,2/25/2019,0400,56,0, ,0, ,0, ,6.6, ,37.6, ,87, ,34, ,2.2, ,259, ,50.8, 
240,2/25/2019,0500,56,0, ,0, ,0, ,6.8, ,37.8, ,88, ,34.6, ,1.1, ,231, ,50.8, 
240,2/25/2019,0600,56,0,R,0, ,0, ,6.7, ,37.6, ,87, ,34.2, ,1,I,350, ,50.7, 
240,2/25/2019,0700,56,0,R,0, ,32, ,6.7, ,36.7, ,90, ,34.2, ,1,I,238, ,50.5, 
240,2/25/2019,0800,56,0,R,0, ,401, ,7.4, ,40.1, ,88, ,36.9, ,1,I,226, ,50.4, 
240,2/25/2019,0900,56,0.01, ,0, ,774, ,7.9, ,46.1, ,75, ,38.6, ,1, ,281, ,50.3, 
240,2/25/2019,1000,56,0.01,R,0, ,1133, ,8.4, ,52, ,63, ,40, ,1,I,163, ,50.2, 
240,2/25/2019,1100,56,0.01, ,0, ,1385, ,8, ,56.1, ,52, ,38.7, ,1.1, ,334, ,50.1, 
240,2/25/2019,1200,56,0.02, ,0, ,1503, ,7.6, ,59.6, ,43, ,37.4, ,1.3, ,298, ,50, 
240,2/25/2019,1300,56,0.02,R,0, ,1505, ,7.5, ,61.6, ,40, ,37.1, ,1,I,328, ,50, 
240,2/25/2019,1400,56,0.02, ,0, ,1369, ,7.2, ,62.9, ,37, ,35.9, ,2, ,359, ,50.1, 
240,2/25/2019,1500,56,0.01, ,0, ,1115, ,7.3, ,64.1, ,36, ,36.6, ,1.3, ,336, ,50.1, 
240,2/25/2019,1600,56,0.01, ,0, ,770, ,7.5, ,64.9, ,36, ,37.2, ,1.9, ,345, ,50.3, 
240,2/25/2019,1700,56,0.01, ,0, ,365, ,8.1, ,63.2, ,41, ,39.2, ,5.6, ,338, ,50.4, 
240,2/25/2019,1800,56,0, ,0, ,51, ,9.4, ,58.9, ,55, ,43, ,2.5, ,322, ,50.6, 
240,2/25/2019,1900,56,0,R,0, ,0, ,8.8, ,56.6, ,56, ,41.2, ,1,I,43, ,50.9, 
240,2/25/2019,2000,56,0,R,0, ,0, ,9.1, ,52.4, ,68, ,42.1, ,1,I,275, ,51.1, 
240,2/25/2019,2100,56,0,R,0, ,0, ,8.9, ,50.1, ,72, ,41.5, ,1,I,194, ,51.2, 
240,2/25/2019,2200,56,0,R,0, ,0, ,8.4, ,48.4, ,72, ,39.9, ,1,I,24, ,51.3, 
240,2/25/2019,2300,56,0,R,0, ,0, ,8.4, ,46.1, ,79, ,40.1, ,1,I,324, ,51.4, 
240,2/25/2019,2400,56,0,R,0, ,0, ,8.1, ,44.1, ,82, ,39, ,1,I,213, ,51.4, 
240,2/26/2019,0100,57,0,R,0, ,0, ,8, ,43.2, ,84, ,38.7, ,1,I,352, ,51.4, 
240,2/26/2019,0200,57,0,R,0, ,0, ,7.8, ,41.5, ,87, ,38, ,1,I,27, ,51.4, 
240,2/26/2019,0300,57,0,R,0, ,0, ,7.7, ,40.1, ,91, ,37.8, ,1,I,190, ,51.4, 
240,2/26/2019,0400,57,0,R,0, ,0, ,7.6, ,40.4, ,90, ,37.6, ,1,I,40, ,51.4, 
240,2/26/2019,0500,57,0,R,0, ,0, ,7.4, ,38.7, ,93, ,36.8, ,1,I,4, ,51.3, 
240,2/26/2019,0600,57,0,R,0, ,0, ,7.2, ,37.5, ,95, ,36.1, ,1,I,295, ,51.2, 
240,2/26/2019,0700,57,0,R,0, ,56, ,7.4, ,37.5, ,97, ,36.8, ,1,I,256, ,51.1, 
240,2/26/2019,0800,57,0,R,0, ,390, ,8.3, ,41.1, ,94, ,39.6, ,1,I,330, ,51, 
240,2/26/2019,0900,57,0.01, ,0, ,713, ,8.7, ,47, ,79, ,41, ,1, ,10, ,51, 
240,2/26/2019,1000,57,0.01, ,0, ,925, ,9.2, ,51.5, ,71, ,42.3, ,1.7, ,21, ,50.9, 
240,2/26/2019,1100,57,0.01, ,0, ,1251, ,9.1, ,58.6, ,54, ,42.1, ,1.1, ,161, ,50.8, 
240,2/26/2019,1200,57,0.01, ,0, ,1075, ,8.7, ,60.5, ,48, ,40.9, ,4.7, ,140, ,50.8, 
240,2/26/2019,1300,57,0.02, ,0, ,1437, ,8.7, ,62.2, ,46, ,41, ,3.2, ,145, ,50.8, 
240,2/26/2019,1400,57,0.02, ,0, ,1384, ,8.5, ,64.5, ,41, ,40.3, ,3.4, ,183, ,50.8, 
240,2/26/2019,1500,57,0.01, ,0, ,913, ,6.9, ,64.6, ,33, ,35.1, ,6.2, ,185, ,50.9, 
240,2/26/2019,1600,57,0.01, ,0, ,444, ,7.2, ,63.1, ,36, ,36, ,6.4, ,176, ,51.1, 
240,2/26/2019,1700,57,0.01, ,0, ,378, ,7.5, ,62.6, ,39, ,37.2, ,6.2, ,168, ,51.2, 
240,2/26/2019,1800,57,0, ,0, ,26, ,8.3, ,59.9, ,47, ,39.6, ,7.8, ,154, ,51.4, 
240,2/26/2019,1900,57,0, ,0, ,0, ,8.6, ,57.8, ,53, ,40.6, ,5.8, ,166, ,51.7, 
240,2/26/2019,2000,57,0, ,0, ,0, ,9.1, ,56.4, ,59, ,42.1, ,4.8, ,167, ,51.8, 
240,2/26/2019,2100,57,0, ,0, ,0, ,9.1, ,54.8, ,62, ,42.2, ,7, ,138, ,52, 
240,2/26/2019,2200,57,0, ,0, ,0, ,8.8, ,53, ,64, ,41.2, ,7, ,143, ,52.1, 
240,2/26/2019,2300,57,0, ,0, ,0, ,8.6, ,50.7, ,68, ,40.6, ,6, ,142, ,52.1, 
240,2/26/2019,2400,57,0, ,0, ,0, ,8.7, ,50, ,71, ,40.9, ,6.2, ,134, ,52.2, 
240,2/27/2019,0100,58,0, ,0, ,0, ,9.1, ,48.8, ,77, ,42.1, ,5.4, ,141, ,52.2, 
240,2/27/2019,0200,58,0, ,0, ,0, ,9.2, ,47.6, ,82, ,42.3, ,3.2, ,157, ,52.5, 
240,2/27/2019,0300,58,0,R,0, ,0, ,8.8, ,45, ,86, ,41.2, ,1,I,274, ,52.8, 
240,2/27/2019,0400,58,0,R,0, ,0, ,8.4, ,42.5, ,91, ,40.1, ,1,I,22, ,53, 
240,2/27/2019,0500,58,0,R,0, ,0, ,8.3, ,40.8, ,95, ,39.6, ,1,I,309, ,53, 
240,2/27/2019,0600,58,0,R,0, ,0, ,8.6, ,41, ,98, ,40.5, ,1,I,54, ,52.8, 
240,2/27/2019,0700,58,0,R,0, ,14, ,9.3, ,42.5, ,100, ,42.5, ,1,I,174, ,52.6, 
240,2/27/2019,0800,58,0, ,0, ,96, ,9.6, ,43.3, ,100, ,43.3, ,2, ,206, ,52.4, 
240,2/27/2019,0900,58,0,R,0, ,277, ,10.5, ,45.5, ,100, ,45.5, ,1,I,219, ,52.3, 
240,2/27/2019,1000,58,0, ,0, ,486, ,11, ,47.4, ,99, ,47.1, ,1.1, ,203, ,52.2, 
240,2/27/2019,1100,58,0.01, ,0, ,1295, ,10.9, ,51.1, ,86, ,46.9, ,1.3, ,163, ,52.1, 
240,2/27/2019,1200,58,0.02,R,0, ,1497, ,10.7, ,54.5, ,74, ,46.4, ,1,I,251, ,52.1, 
240,2/27/2019,1300,58,0.02, ,0, ,1444, ,10.5, ,58, ,64, ,45.8, ,1.8, ,305, ,52, 
240,2/27/2019,1400,58,0.02, ,0, ,1371, ,10.2, ,61.1, ,55, ,45, ,1.2, ,250, ,52.1, 
240,2/27/2019,1500,58,0.01, ,0, ,876, ,9.9, ,61.8, ,53, ,44.4, ,2.5, ,332, ,52.1, 
240,2/27/2019,1600,58,0.01, ,0, ,769, ,9.6, ,62.6, ,50, ,43.5, ,4.9, ,1, ,52.2, 
240,2/27/2019,1700,58,0.01, ,0, ,354, ,10.6, ,60.6, ,58, ,46, ,8.5, ,321, ,52.3, 
240,2/27/2019,1800,58,0, ,0, ,50, ,10.4, ,57.1, ,65, ,45.5, ,5.7, ,317, ,52.5, 
240,2/27/2019,1900,58,0,R,0, ,0, ,9.7, ,54.3, ,67, ,43.6, ,1,I,278, ,52.7, 
240,2/27/2019,2000,58,0,R,0, ,0, ,9, ,53, ,66, ,41.8, ,1,I,248, ,52.9, 
240,2/27/2019,2100,58,0,R,0, ,0, ,9.2, ,53.2, ,66, ,42.3, ,1,I,136, ,53, 
240,2/27/2019,2200,58,0,R,0, ,0, ,9.8, ,53, ,71, ,44, ,1,I,180, ,53.1, 
240,2/27/2019,2300,58,0, ,0, ,0, ,10.3, ,52, ,78, ,45.3, ,2.1, ,310, ,53.2, 
240,2/27/2019,2400,58,0, ,0, ,0, ,10.3, ,52.1, ,77, ,45.3, ,4.1, ,318, ,53.2, 
240,2/28/2019,0100,59,0,R,0, ,0, ,10.6, ,51.1, ,83, ,46.1, ,1,I,32, ,53.2, 
240,2/28/2019,0200,59,0, ,0, ,0, ,10.7, ,51.1, ,83, ,46.2, ,1, ,357, ,53.2, 
240,2/28/2019,0300,59,0, ,0, ,0, ,11, ,50.8, ,87, ,46.9, ,1.4, ,314, ,53.2, 
240,2/28/2019,0400,59,0, ,0, ,0, ,11.1, ,50.4, ,89, ,47.3, ,1.1, ,215, ,53.2, 
240,2/28/2019,0500,59,0, ,0, ,0, ,11.1, ,50.3, ,89, ,47.3, ,1, ,290, ,53.2, 
240,2/28/2019,0600,59,0,R,0, ,0, ,11.2, ,50.3, ,90, ,47.6, ,1,I,243, ,53.2, 
240,2/28/2019,0700,59,0, ,0, ,34, ,11.2, ,50, ,91, ,47.4, ,1.1, ,238, ,53.2, 
240,2/28/2019,0800,59,0,R,0, ,308, ,11.7, ,51.2, ,91, ,48.7, ,1,I,281, ,53.2, 
240,2/28/2019,0900,59,0.01,R,0, ,755, ,11.7, ,54.9, ,79, ,48.6, ,1,I,210, ,53.2, 
240,2/28/2019,1000,59,0.01, ,0, ,1040, ,11.9, ,57.8, ,73, ,49.2, ,1.4, ,198, ,53.2, 
240,2/28/2019,1100,59,0.01, ,0, ,1195, ,12.4, ,60.3, ,70, ,50.3, ,2, ,101, ,53.2, 
240,2/28/2019,1200,59,0.01, ,0, ,1272, ,12.5, ,62.3, ,65, ,50.4, ,2.3, ,168, ,53.2, 
240,2/28/2019,1300,59,0.02, ,0, ,1324, ,12.5, ,63.1, ,63, ,50.5, ,4.3, ,353, ,53.3, 
240,2/28/2019,1400,59,0.01, ,0, ,1233, ,12.3, ,64.7, ,59, ,49.9, ,2.3, ,306, ,53.4, 
240,2/28/2019,1500,59,0.01, ,0, ,881, ,12.6, ,65.2, ,59, ,50.8, ,6.4, ,319, ,53.5, 
240,2/28/2019,1600,59,0.01, ,0, ,756, ,12.7, ,64.3, ,62, ,51, ,7.7, ,318, ,53.7, 
240,2/28/2019,1700,59,0, ,0, ,292, ,12.6, ,62.5, ,65, ,50.7, ,10.4, ,320, ,53.9, 
240,2/28/2019,1800,59,0, ,0, ,75, ,12.4, ,59.4, ,72, ,50.3, ,7.7, ,317, ,54.1, 
240,2/28/2019,1900,59,0, ,0, ,0, ,12, ,57.3, ,75, ,49.5, ,2.9, ,294, ,54.3, 
240,2/28/2019,2000,59,0,R,0, ,0, ,12.2, ,56.6, ,78, ,49.8, ,1,I,217, ,54.5, 
240,2/28/2019,2100,59,0, ,0, ,0, ,12, ,55.7, ,79, ,49.4, ,1.3, ,94, ,54.6, 
240,2/28/2019,2200,59,0, ,0, ,0, ,12.1, ,54.5, ,83, ,49.5, ,1.6, ,138, ,54.7, 
240,2/28/2019,2300,59,0,R,0, ,0, ,12.1, ,53.4, ,87, ,49.7, ,1,I,218, ,54.8, 
240,2/28/2019,2400,59,0, ,0, ,0, ,12.3, ,52.3, ,92, ,50.1, ,1.8, ,1, ,54.8, 
240,3/1/2019,0100,60,0,R,0, ,0, ,13, ,52.4, ,97, ,51.6, ,1,I,310, ,54.8, 
240,3/1/2019,0200,60,0,R,0, ,0, ,13.4, ,52.4, ,100, ,52.4, ,1,I,287, ,54.9, 
240,3/1/2019,0300,60,0,R,0, ,0, ,13.5, ,52.6, ,100, ,52.5, ,1,I,38, ,55.1, 
240,3/1/2019,0400,60,0,R,0, ,0, ,13.5, ,52.4, ,100, ,52.4, ,1,I,217, ,55.3, 
240,3/1/2019,0500,60,0,R,0, ,0, ,13.1, ,51.5, ,100, ,51.5, ,1,I,254, ,55.4, 
240,3/1/2019,0600,60,0,R,0, ,0, ,13.1, ,51.5, ,100, ,51.5, ,1,I,256, ,55.4, 
240,3/1/2019,0700,60,0,R,0, ,18, ,13.1, ,51.7, ,100, ,51.7, ,1,I,322, ,55.3, 
240,3/1/2019,0800,60,0,R,0, ,172, ,13.5, ,52.7, ,99, ,52.5, ,1,I,237, ,55.2, 
240,3/1/2019,0900,60,0, ,0, ,280, ,13, ,53.4, ,94, ,51.6, ,2, ,189, ,55.2, 
240,3/1/2019,1000,60,0, ,0, ,537, ,12.6, ,54.4, ,87, ,50.7, ,4, ,174, ,55.1, 
240,3/1/2019,1100,60,0.01, ,0, ,1204, ,12.4, ,57, ,78, ,50.2, ,3.4, ,186, ,55.1, 
240,3/1/2019,1200,60,0.01, ,0, ,1365, ,12.2, ,58.7, ,72, ,49.9, ,3.5, ,252, ,55.1, 
240,3/1/2019,1300,60,0.02, ,0, ,1445, ,12.3, ,61.1, ,67, ,50.1, ,3.1, ,294, ,55.1, 
240,3/1/2019,1400,60,0.01, ,0, ,1089, ,12.1, ,62.9, ,62, ,49.7, ,3.5, ,325, ,55.1, 
240,3/1/2019,1500,60,0.01, ,0, ,752, ,11.8, ,62.9, ,60, ,48.9, ,5.4, ,350, ,55.2, 
240,3/1/2019,1600,60,0, ,0, ,380, ,11.8, ,61.8, ,63, ,49, ,7, ,323, ,55.3, 
240,3/1/2019,1700,60,0, ,0, ,161, ,11.3, ,60.9, ,62, ,47.7, ,4.6, ,338, ,55.5, 
240,3/1/2019,1800,60,0, ,0, ,31, ,10.7, ,59.5, ,62, ,46.3, ,3.8, ,339, ,55.6, 
240,3/1/2019,1900,60,0, ,0, ,0, ,11, ,58, ,67, ,47, ,2.1, ,330, ,55.8, 
240,3/1/2019,2000,60,0,R,0, ,0, ,10.8, ,56.8, ,68, ,46.5, ,1,I,301, ,55.9, 
240,3/1/2019,2100,60,0,R,0, ,0, ,11, ,56.1, ,71, ,47, ,1,I,221, ,55.9, 
240,3/1/2019,2200,60,0,R,0, ,0, ,11.6, ,56.4, ,75, ,48.5, ,1,I,198, ,56, 
240,3/1/2019,2300,60,0,R,0, ,0, ,12.6, ,55.6, ,84, ,50.7, ,1,I,159, ,56, 
240,3/1/2019,2400,60,0, ,0, ,0, ,12.5, ,53.7, ,89, ,50.4, ,1.7, ,121, ,56, 
240,3/2/2019,0100,61,0, ,0, ,0, ,12.5, ,52.6, ,92, ,50.5, ,4.8, ,135, ,56, 
240,3/2/2019,0200,61,0, ,0, ,0, ,12.4, ,51.7, ,95, ,50.2, ,3.1, ,172, ,56.2, 
240,3/2/2019,0300,61,0, ,0, ,0, ,12.5, ,51.6, ,96, ,50.5, ,1.6, ,167, ,56.4, 
240,3/2/2019,0400,61,0, ,0.01, ,0, ,12.6, ,51.5, ,97, ,50.8, ,2.3, ,296, ,56.6, 
240,3/2/2019,0500,61,0, ,0.04, ,2, ,13.1, ,51.8, ,100, ,51.8, ,2.3, ,101, ,56.7, 
240,3/2/2019,0600,61,0, ,0.13, ,1, ,13.2, ,51.9, ,100, ,51.9, ,4.6, ,169, ,56.5, 
240,3/2/2019,0700,61,0, ,0.06, ,6, ,12.9, ,51.1, ,100, ,51.1, ,5.5, ,147, ,56.4, 
240,3/2/2019,0800,61,0, ,0.06, ,96, ,12.8, ,50.9, ,100, ,50.9, ,5.7, ,149, ,56.3, 
240,3/2/2019,0900,61,0, ,0.03, ,278, ,13, ,51.4, ,100, ,51.4, ,7.5, ,165, ,56.2, 
240,3/2/2019,1000,61,0, ,0.02, ,444, ,13.4, ,52.2, ,100, ,52.2, ,9.3, ,164, ,56.1, 
240,3/2/2019,1100,61,0.01, ,0, ,699, ,13.9, ,53.5, ,100, ,53.4, ,9.1, ,176, ,56, 
240,3/2/2019,1200,61,0.01, ,0, ,869, ,14, ,54.2, ,98, ,53.6, ,11.4, ,184, ,56, 
240,3/2/2019,1300,61,0, ,0, ,411, ,14.3, ,54.1, ,100, ,54.1, ,9.2, ,173, ,55.9, 
240,3/2/2019,1400,61,0, ,0.01, ,225, ,14.3, ,55.3, ,96, ,54.1, ,8.5, ,178, ,55.9, 
240,3/2/2019,1500,61,0, ,0.01, ,551, ,14.6, ,56.5, ,94, ,54.7, ,10.4, ,183, ,56, 
240,3/2/2019,1600,61,0.01, ,0, ,564, ,14.6, ,56.9, ,92, ,54.6, ,11.3, ,185, ,56, 
240,3/2/2019,1700,61,0, ,0, ,236, ,14.1, ,56.2, ,92, ,53.8, ,10.2, ,178, ,56.1, 
240,3/2/2019,1800,61,0, ,0, ,22, ,14.5, ,54.9, ,99, ,54.5, ,8, ,177, ,56.1, 
240,3/2/2019,1900,61,0, ,0.03, ,2, ,14.5, ,54.4, ,100, ,54.4, ,8, ,183, ,56.2, 
240,3/2/2019,2000,61,0, ,0, ,2, ,14.1, ,53.7, ,100, ,53.7, ,6.5, ,163, ,56.2, 
240,3/2/2019,2100,61,0, ,0, ,1, ,14.3, ,53.9, ,100, ,53.9, ,6.4, ,162, ,56.3, 
240,3/2/2019,2200,61,0, ,0, ,1, ,14.3, ,54, ,100, ,54, ,6.9, ,163, ,56.3, 
240,3/2/2019,2300,61,0, ,0, ,1, ,14.3, ,54, ,100, ,54, ,6, ,168, ,56.3, 
240,3/2/2019,2400,61,0, ,0, ,1, ,14, ,53.5, ,100, ,53.5, ,4.7, ,163, ,56.3, 
240,3/3/2019,0100,62,0, ,0, ,1, ,13.8, ,53.1, ,100, ,53.1, ,5.6, ,137, ,56.3, 
240,3/3/2019,0200,62,0, ,0, ,0, ,13.6, ,52.7, ,100, ,52.7, ,4.7, ,160, ,56.4, 
240,3/3/2019,0300,62,0, ,0, ,1, ,13.2, ,51.9, ,100, ,51.9, ,1.6, ,200, ,56.6, 
240,3/3/2019,0400,62,0, ,0, ,1, ,13.1, ,51.6, ,100, ,51.6, ,3.6, ,151, ,56.8, 
240,3/3/2019,0500,62,0, ,0, ,1, ,12.5, ,50.4, ,100, ,50.4, ,2.4, ,100, ,56.9, 
240,3/3/2019,0600,62,0, ,0, ,2, ,12.3, ,49.9, ,100, ,49.9, ,3.3, ,138, ,56.8, 
240,3/3/2019,0700,62,0, ,0, ,24, ,11.6, ,48.4, ,100, ,48.4, ,2.5, ,241, ,56.7, 
240,3/3/2019,0800,62,0, ,0, ,233, ,12.3, ,49.8, ,100, ,49.8, ,3.2, ,184, ,56.6, 
240,3/3/2019,0900,62,0.01, ,0, ,851, ,13.5, ,52.3, ,100, ,52.3, ,2.4, ,224, ,56.5, 
240,3/3/2019,1000,62,0.01, ,0, ,1176, ,14.1, ,55, ,96, ,53.7, ,3, ,169, ,56.4, 
240,3/3/2019,1100,62,0, ,0, ,475, ,12.3, ,54.6, ,84, ,50, ,2.8, ,244, ,56.3, 
240,3/3/2019,1200,62,0.01, ,0, ,814, ,12.3, ,56.1, ,80, ,50.1, ,4.2, ,169, ,56.3, 
240,3/3/2019,1300,62,0.01, ,0, ,1035, ,12.4, ,57.4, ,77, ,50.3, ,4.7, ,206, ,56.3, 
240,3/3/2019,1400,62,0.01, ,0, ,783, ,11.5, ,57.8, ,70, ,48.2, ,5.7, ,324, ,56.3, 
240,3/3/2019,1500,62,0, ,0, ,389, ,11.2, ,58.3, ,67, ,47.5, ,5.6, ,283, ,56.4, 
240,3/3/2019,1600,62,0, ,0, ,430, ,11.5, ,58.2, ,69, ,48.2, ,5.6, ,253, ,56.5, 
240,3/3/2019,1700,62,0, ,0, ,269, ,11.6, ,56.8, ,73, ,48.4, ,8.4, ,237, ,56.6, 
240,3/3/2019,1800,62,0, ,0, ,43, ,11.1, ,54.1, ,78, ,47.4, ,6.2, ,252, ,56.7, 
240,3/3/2019,1900,62,0, ,0, ,0, ,11.1, ,52.5, ,82, ,47.3, ,3.3, ,230, ,56.8, 
240,3/3/2019,2000,62,0, ,0, ,0, ,11.1, ,52.7, ,82, ,47.4, ,4.2, ,206, ,56.8, 
240,3/3/2019,2100,62,0, ,0, ,0, ,11.5, ,51.3, ,89, ,48.2, ,6.8, ,9, ,56.9, 
240,3/3/2019,2200,62,0, ,0, ,0, ,11.4, ,50.6, ,91, ,48.1, ,5.1, ,22, ,56.9, 
240,3/3/2019,2300,62,0, ,0, ,0, ,11.3, ,50.3, ,91, ,47.8, ,5.7, ,164, ,56.8, 
240,3/3/2019,2400,62,0, ,0, ,0, ,11.2, ,50.1, ,91, ,47.6, ,4.5, ,151, ,56.8, 
240,3/4/2019,0100,63,0, ,0, ,0, ,11.3, ,50, ,92, ,47.8, ,3.5, ,23, ,56.8, 
240,3/4/2019,0200,63,0, ,0, ,0, ,11.1, ,49.4, ,92, ,47.3, ,4.4, ,116, ,56.9, 
240,3/4/2019,0300,63,0, ,0, ,0, ,11.1, ,49, ,94, ,47.4, ,3.5, ,106, ,57.1, 
240,3/4/2019,0400,63,0, ,0, ,0, ,11.1, ,48.7, ,95, ,47.4, ,1.9, ,119, ,57.3, 
240,3/4/2019,0500,63,0, ,0, ,0, ,11.1, ,48, ,97, ,47.3, ,4.4, ,144, ,57.3, 
240,3/4/2019,0600,63,0, ,0, ,0, ,11, ,46.9, ,100, ,46.9, ,3.7, ,130, ,57.2, 
240,3/4/2019,0700,63,0, ,0, ,41, ,10.8, ,46.5, ,100, ,46.5, ,2.5, ,77, ,57.1, 
240,3/4/2019,0800,63,0, ,0, ,286, ,11.4, ,48, ,100, ,48, ,1.6, ,61, ,56.9, 
240,3/4/2019,0900,63,0.01, ,0, ,710, ,10.6, ,49.9, ,87, ,46.1, ,2.9, ,302, ,56.8, 
240,3/4/2019,1000,63,0.01, ,0, ,675, ,10.3, ,51.3, ,80, ,45.3, ,2.9, ,248, ,56.7, 
240,3/4/2019,1100,63,0.01, ,0, ,822, ,10.3, ,52.3, ,77, ,45.2, ,2.9, ,199, ,56.6, 
240,3/4/2019,1200,63,0.02, ,0, ,1432, ,10, ,55.1, ,68, ,44.7, ,3.2, ,188, ,56.6, 
240,3/4/2019,1300,63,0.01, ,0, ,1225, ,9.6, ,56.5, ,61, ,43.4, ,3.1, ,246, ,56.6, 
240,3/4/2019,1400,63,0.01, ,0, ,1237, ,9.5, ,57.6, ,59, ,43.2, ,3.8, ,310, ,56.6, 
240,3/4/2019,1500,63,0.01, ,0, ,1171, ,9.7, ,59.4, ,56, ,43.8, ,2.8, ,288, ,56.6, 
240,3/4/2019,1600,63,0.01, ,0, ,707, ,9.7, ,58.7, ,57, ,43.7, ,6, ,357, ,56.7, 
240,3/4/2019,1700,63,0, ,0, ,322, ,9.5, ,57.7, ,58, ,43.2, ,4, ,8, ,56.8, 
240,3/4/2019,1800,63,0, ,0, ,41, ,10, ,56.5, ,64, ,44.5, ,3, ,343, ,56.9, 
240,3/4/2019,1900,63,0, ,0, ,0, ,10, ,54, ,70, ,44.4, ,1.4, ,14, ,57, 
240,3/4/2019,2000,63,0, ,0, ,0, ,10.4, ,51.4, ,80, ,45.5, ,1.9, ,56, ,57.1, 
240,3/4/2019,2100,63,0,R,0, ,0, ,10.3, ,49.7, ,85, ,45.4, ,1,I,192, ,57.2, 
240,3/4/2019,2200,63,0,R,0, ,0, ,10.1, ,47.4, ,91, ,44.9, ,1,I,22, ,57.2, 
240,3/4/2019,2300,63,0,R,0, ,0, ,9.8, ,46.3, ,92, ,44, ,1,I,334, ,57.2, 
240,3/4/2019,2400,63,0,R,0, ,0, ,9.4, ,44.1, ,96, ,42.9, ,1,I,39, ,57.2, 
240,3/5/2019,0100,64,0,R,0, ,0, ,9.7, ,44.3, ,98, ,43.8, ,1,I,7, ,57.1, 
240,3/5/2019,0200,64,0, ,0, ,0, ,9, ,41.7, ,100, ,41.7, ,1.4, ,297, ,57, 
240,3/5/2019,0300,64,0,R,0, ,0, ,8.7, ,40.6, ,100, ,40.6, ,1,I,306, ,56.9, 
240,3/5/2019,0400,64,0,R,0, ,0, ,8.2, ,39.3, ,100, ,39.3, ,1,I,259, ,56.8, 
240,3/5/2019,0500,64,0,R,0, ,0, ,8.1, ,38.8, ,100, ,38.8, ,1,I,2, ,56.7, 
240,3/5/2019,0600,64,0,R,0, ,1, ,7.8, ,38, ,100, ,38, ,1,I,48, ,56.6, 
240,3/5/2019,0700,64,0,R,0, ,86, ,7.9, ,38.2, ,100, ,38.2, ,1,I,27, ,56.4, 
240,3/5/2019,0800,64,0, ,0, ,360, ,8.5, ,40.1, ,100, ,40.1, ,1.6, ,272, ,56.3, 
240,3/5/2019,0900,64,0.01, ,0, ,795, ,10.8, ,46.5, ,100, ,46.5, ,1.1, ,37, ,56.1, 
240,3/5/2019,1000,64,0.01, ,0, ,1241, ,12, ,51.7, ,92, ,49.5, ,1, ,194, ,56, 
240,3/5/2019,1100,64,0.02, ,0, ,1434, ,10.9, ,57.8, ,67, ,46.9, ,1.3, ,225, ,55.9, 
240,3/5/2019,1200,64,0.01, ,0, ,1252, ,9.7, ,64.5, ,47, ,43.8, ,1.5, ,288, ,55.9, 
240,3/5/2019,1300,64,0.02, ,0, ,1309, ,7.7, ,68.9, ,32, ,37.9, ,5.6, ,134, ,55.8, 
240,3/5/2019,1400,64,0.01, ,0, ,512, ,5.4, ,68.5, ,23, ,29.2, ,6.5, ,158, ,55.8, 
240,3/5/2019,1500,64,0.01, ,0, ,612, ,6, ,67.2, ,27, ,31.7, ,10.2, ,144, ,55.9, 
240,3/5/2019,1600,64,0.01, ,0, ,394, ,5.7, ,65.2, ,27, ,30.3, ,4.8, ,149, ,56, 
240,3/5/2019,1700,64,0, ,0, ,293, ,8.6, ,64.7, ,41, ,40.7, ,3, ,303, ,56.1, 
240,3/5/2019,1800,64,0, ,0, ,29, ,11.5, ,59.9, ,65, ,48.2, ,4.1, ,317, ,56.2, 
240,3/5/2019,1900,64,0, ,0.01, ,1, ,11.6, ,57.7, ,71, ,48.5, ,3.6, ,99, ,56.3, 
240,3/5/2019,2000,64,0, ,0, ,0, ,9.2, ,55.1, ,62, ,42.3, ,6.4, ,135, ,56.4, 
240,3/5/2019,2100,64,0, ,0, ,0, ,8.6, ,53.4, ,62, ,40.5, ,1.1, ,197, ,56.4, 
240,3/5/2019,2200,64,0, ,0, ,0, ,9.6, ,52.5, ,71, ,43.3, ,2.2, ,182, ,56.5, 
240,3/5/2019,2300,64,0, ,0, ,0, ,9.8, ,51.5, ,76, ,44.1, ,1, ,30, ,56.5, 
240,3/5/2019,2400,64,0,R,0, ,0, ,9.8, ,51.2, ,77, ,44.1, ,1,I,310, ,56.5, 
240,3/6/2019,0100,65,0, ,0, ,0, ,10.6, ,52.1, ,80, ,46, ,1.9, ,237, ,56.5, 
240,3/6/2019,0200,65,0, ,0.01, ,2, ,11.3, ,52.4, ,84, ,47.8, ,1.5, ,133, ,56.7, 
240,3/6/2019,0300,65,0, ,0.03, ,2, ,11.7, ,52.7, ,86, ,48.6, ,1.8, ,229, ,56.9, 
240,3/6/2019,0400,65,0, ,0.01, ,1, ,12.2, ,52.9, ,89, ,49.7, ,1.5, ,41, ,57, 
240,3/6/2019,0500,65,0, ,0.01, ,1, ,12.3, ,53, ,90, ,50.1, ,1.1, ,38, ,57.1, 
240,3/6/2019,0600,65,0, ,0.01, ,1, ,12.8, ,53.3, ,92, ,51.1, ,1.8, ,229, ,57, 
240,3/6/2019,0700,65,0, ,0.01, ,13, ,12.3, ,53.7, ,87, ,50, ,2.7, ,205, ,56.9, 
240,3/6/2019,0800,65,0, ,0.02, ,73, ,12.3, ,53.7, ,87, ,49.9, ,4.1, ,118, ,56.8, 
240,3/6/2019,0900,65,0, ,0, ,224, ,12.3, ,54, ,86, ,49.9, ,7.8, ,146, ,56.7, 
240,3/6/2019,1000,65,0, ,0.1, ,261, ,11.7, ,54.1, ,82, ,48.6, ,6.1, ,198, ,56.7, 
240,3/6/2019,1100,65,0, ,0.02, ,184, ,12.2, ,53, ,89, ,49.9, ,5, ,167, ,56.6, 
240,3/6/2019,1200,65,0, ,0.05, ,360, ,12.9, ,53.2, ,93, ,51.3, ,10.7, ,147, ,56.6, 
240,3/6/2019,1300,65,0, ,0.01, ,401, ,13.3, ,53.4, ,96, ,52.2, ,12.1, ,136, ,56.5, 
240,3/6/2019,1400,65,0, ,0, ,330, ,13.2, ,54.5, ,91, ,52, ,9.9, ,147, ,56.5, 
240,3/6/2019,1500,65,0, ,0, ,305, ,13.6, ,55, ,92, ,52.8, ,8.2, ,160, ,56.5, 
240,3/6/2019,1600,65,0, ,0, ,339, ,14.2, ,55.3, ,95, ,54, ,7.6, ,173, ,56.5, 
240,3/6/2019,1700,65,0, ,0.01, ,155, ,14.5, ,55.6, ,96, ,54.6, ,7.7, ,178, ,56.6, 
240,3/6/2019,1800,65,0, ,0, ,37, ,14.5, ,55.1, ,98, ,54.5, ,8.2, ,182, ,56.6, 
240,3/6/2019,1900,65,0, ,0, ,2, ,14.3, ,53.8, ,100, ,53.8, ,6.1, ,170, ,56.6, 
240,3/6/2019,2000,65,0, ,0, ,2, ,14.1, ,53.4, ,100, ,53.4, ,6.8, ,146, ,56.7, 
240,3/6/2019,2100,65,0, ,0, ,1, ,13.8, ,52.9, ,100, ,52.9, ,4.1, ,168, ,56.7, 
240,3/6/2019,2200,65,0,R,0, ,1, ,13.3, ,51.9, ,100, ,51.9, ,1,I,129, ,56.7, 
240,3/6/2019,2300,65,0, ,0, ,2, ,13.1, ,51.5, ,100, ,51.5, ,3.8, ,127, ,56.7, 
240,3/6/2019,2400,65,0, ,0, ,1, ,12.9, ,51.1, ,100, ,51.1, ,4.2, ,114, ,56.6, 
240,3/7/2019,0100,66,0, ,0, ,2, ,13.3, ,52, ,100, ,52, ,5.1, ,129, ,56.6, 
240,3/7/2019,0200,66,0, ,0, ,2, ,13.5, ,52.2, ,100, ,52.2, ,3.3, ,170, ,56.6, 
240,3/7/2019,0300,66,0, ,0, ,2, ,12.4, ,49.9, ,100, ,49.9, ,1.9, ,259, ,56.5, 
240,3/7/2019,0400,66,0,R,0, ,2, ,12.2, ,49.6, ,100, ,49.6, ,1,I,63, ,56.5, 
240,3/7/2019,0500,66,0,R,0, ,2, ,12.6, ,50.5, ,100, ,50.5, ,1,I,130, ,56.4, 
240,3/7/2019,0600,66,0, ,0, ,2, ,11.9, ,48.9, ,100, ,48.9, ,1.7, ,300, ,56.4, 
240,3/7/2019,0700,66,0, ,0, ,42, ,12, ,49.2, ,100, ,49.2, ,3.6, ,151, ,56.3, 
240,3/7/2019,0800,66,0, ,0, ,190, ,12.2, ,49.6, ,100, ,49.6, ,4.3, ,159, ,56.3, 
240,3/7/2019,0900,66,0.01, ,0, ,683, ,13.4, ,52.1, ,100, ,52.1, ,2.7, ,157, ,56.2, 
240,3/7/2019,1000,66,0.01, ,0, ,853, ,12.7, ,53.5, ,91, ,51, ,4.3, ,179, ,56.2, 
240,3/7/2019,1100,66,0.01, ,0, ,1233, ,10.7, ,55.5, ,71, ,46.4, ,6.5, ,196, ,56.2, 
240,3/7/2019,1200,66,0.01, ,0, ,809, ,10.7, ,55.9, ,70, ,46.3, ,6.9, ,212, ,56.1, 
240,3/7/2019,1300,66,0, ,0, ,521, ,10.2, ,56, ,66, ,45, ,7.1, ,231, ,56.1, 
240,3/7/2019,1400,66,0.01, ,0, ,886, ,9.8, ,56.9, ,62, ,44.1, ,9.4, ,207, ,56.2, 
240,3/7/2019,1500,66,0.02, ,0, ,1249, ,9.5, ,57.8, ,58, ,43.2, ,11.7, ,200, ,56.2, 
240,3/7/2019,1600,66,0.01, ,0, ,484, ,9.2, ,55.6, ,61, ,42.3, ,12.1, ,196, ,56.3, 
240,3/7/2019,1700,66,0, ,0, ,260, ,8.8, ,54.1, ,61, ,41.2, ,11.3, ,200, ,56.3, 
240,3/7/2019,1800,66,0, ,0, ,86, ,9, ,52.6, ,66, ,41.7, ,8.3, ,185, ,56.4, 
240,3/7/2019,1900,66,0, ,0, ,0, ,9.6, ,50.3, ,77, ,43.5, ,5.6, ,177, ,56.5, 
240,3/7/2019,2000,66,0, ,0, ,0, ,9.3, ,48.4, ,80, ,42.7, ,5, ,191, ,56.5, 
240,3/7/2019,2100,66,0, ,0, ,0, ,8.8, ,47.5, ,79, ,41.3, ,4.3, ,168, ,56.6, 
240,3/7/2019,2200,66,0, ,0, ,0, ,9, ,47.5, ,80, ,41.7, ,4.6, ,138, ,56.6, 
240,3/7/2019,2300,66,0, ,0, ,0, ,9, ,46.9, ,82, ,41.8, ,3.5, ,189, ,56.6, 
240,3/7/2019,2400,66,0, ,0, ,0, ,8.8, ,46.5, ,81, ,41.1, ,2.3, ,214, ,56.5, 
240,3/8/2019,0100,67,0, ,0, ,0, ,8.8, ,45.4, ,85, ,41.1, ,1.8, ,356, ,56.5, 
240,3/8/2019,0200,67,0, ,0, ,0, ,9.2, ,45.5, ,89, ,42.3, ,2.4, ,340, ,56.6, 
240,3/8/2019,0300,67,0,R,0.01, ,1, ,9.1, ,44.9, ,90, ,42.1, ,1,I,268, ,56.7, 
240,3/8/2019,0400,67,0, ,0, ,0, ,8.6, ,44.1, ,87, ,40.5, ,2.1, ,278, ,56.8, 
240,3/8/2019,0500,67,0, ,0, ,0, ,8.4, ,43.7, ,87, ,40.1, ,2, ,174, ,56.8, 
240,3/8/2019,0600,67,0, ,0, ,1, ,8.5, ,43.5, ,89, ,40.4, ,2.3, ,170, ,56.6, 
240,3/8/2019,0700,67,0, ,0, ,56, ,8.1, ,42.4, ,87, ,38.9, ,1.1, ,189, ,56.4, 
240,3/8/2019,0800,67,0, ,0, ,465, ,8.6, ,45.2, ,84, ,40.6, ,2, ,170, ,56.3, 
240,3/8/2019,0900,67,0.01, ,0, ,717, ,8.6, ,47.5, ,77, ,40.6, ,5.6, ,137, ,56.2, 
240,3/8/2019,1000,67,0.01, ,0, ,1130, ,8.3, ,49.2, ,70, ,39.7, ,2.4, ,279, ,56, 
240,3/8/2019,1100,67,0.02, ,0, ,1468, ,8.2, ,51.3, ,64, ,39.4, ,6.5, ,214, ,55.9, 
240,3/8/2019,1200,67,0.02, ,0, ,1491, ,7.8, ,52.9, ,57, ,38.3, ,11, ,241, ,55.9, 
240,3/8/2019,1300,67,0.02, ,0, ,1341, ,7.5, ,53.3, ,54, ,37.1, ,9.5, ,261, ,55.8, 
240,3/8/2019,1400,67,0.02, ,0, ,1728, ,7.2, ,54.4, ,50, ,36, ,11.2, ,232, ,55.8, 
240,3/8/2019,1500,67,0.02, ,0, ,1341, ,6.7, ,53.9, ,47, ,34.2, ,11, ,226, ,55.8, 
240,3/8/2019,1600,67,0.01, ,0, ,900, ,6.5, ,52.8, ,48, ,33.5, ,11.9, ,215, ,55.9, 
240,3/8/2019,1700,67,0.01, ,0, ,443, ,6.6, ,50.7, ,52, ,33.9, ,11.3, ,223, ,55.9, 
240,3/8/2019,1800,67,0, ,0, ,93, ,6.8, ,48, ,60, ,34.6, ,9.2, ,221, ,56, 
240,3/8/2019,1900,67,0, ,0, ,0, ,6.9, ,45.6, ,66, ,35, ,6.5, ,217, ,56, 
240,3/8/2019,2000,67,0, ,0, ,0, ,7.3, ,44.5, ,73, ,36.5, ,5.3, ,208, ,56.1, 
240,3/8/2019,2100,67,0, ,0, ,0, ,7.3, ,44.2, ,74, ,36.5, ,5.2, ,135, ,56.1, 
240,3/8/2019,2200,67,0, ,0, ,0, ,7.5, ,43.2, ,79, ,37.1, ,6.3, ,135, ,56, 
240,3/8/2019,2300,67,0, ,0, ,0, ,7.6, ,43.2, ,80, ,37.5, ,6.1, ,132, ,56, 
240,3/8/2019,2400,67,0, ,0, ,0, ,7.9, ,43.5, ,82, ,38.4, ,6.2, ,144, ,55.9, 
240,3/9/2019,0100,68,0, ,0, ,0, ,8.1, ,43.6, ,84, ,39.1, ,5.3, ,129, ,55.9, 
240,3/9/2019,0200,68,0, ,0, ,0, ,8.2, ,43.2, ,86, ,39.3, ,7.2, ,136, ,55.9, 
240,3/9/2019,0300,68,0, ,0, ,0, ,7.9, ,42, ,87, ,38.6, ,2.8, ,158, ,56, 
240,3/9/2019,0400,68,0, ,0, ,0, ,7.9, ,40.8, ,92, ,38.6, ,1.4, ,138, ,56.1, 
240,3/9/2019,0500,68,0, ,0, ,0, ,8, ,40.5, ,94, ,38.9, ,2.1, ,170, ,56.1, 
240,3/9/2019,0600,68,0, ,0, ,0, ,8.3, ,41.8, ,93, ,39.8, ,4.2, ,147, ,55.9, 
240,3/9/2019,0700,68,0, ,0, ,73, ,8.2, ,41.8, ,91, ,39.3, ,2.1, ,153, ,55.7, 
240,3/9/2019,0800,68,0, ,0, ,343, ,8.2, ,43.6, ,85, ,39.5, ,5.2, ,132, ,55.6, 
240,3/9/2019,0900,68,0.01, ,0, ,643, ,8.5, ,46, ,80, ,40.3, ,3.6, ,166, ,55.4, 
240,3/9/2019,1000,68,0.01, ,0, ,1088, ,8.4, ,49, ,71, ,40, ,3.6, ,163, ,55.3, 
240,3/9/2019,1100,68,0.01, ,0, ,813, ,8, ,49.9, ,65, ,38.7, ,3, ,83, ,55.2, 
240,3/9/2019,1200,68,0.01, ,0, ,1184, ,7.8, ,52.1, ,59, ,38.1, ,3.3, ,147, ,55.1, 
240,3/9/2019,1300,68,0.01, ,0, ,1133, ,7.8, ,53.6, ,55, ,38, ,3.2, ,153, ,55.1, 
240,3/9/2019,1400,68,0.01, ,0, ,1378, ,7.8, ,55.5, ,52, ,38, ,1.4, ,211, ,55.1, 
240,3/9/2019,1500,68,0.01, ,0, ,787, ,7.4, ,55.6, ,49, ,36.8, ,2.5, ,346, ,55.1, 
240,3/9/2019,1600,68,0, ,0, ,369, ,7.5, ,54.9, ,51, ,37.2, ,3.7, ,310, ,55.2, 
240,3/9/2019,1700,68,0, ,0, ,159, ,8.7, ,53.8, ,62, ,41, ,8.3, ,180, ,55.3, 
240,3/9/2019,1800,68,0, ,0, ,54, ,8.4, ,50.9, ,66, ,40.1, ,7.9, ,235, ,55.4, 
240,3/9/2019,1900,68,0, ,0, ,0, ,8.1, ,48.8, ,69, ,39.1, ,5.4, ,224, ,55.5, 
240,3/9/2019,2000,68,0, ,0, ,0, ,7.8, ,47.9, ,69, ,38.3, ,3.8, ,226, ,55.5, 
240,3/9/2019,2100,68,0, ,0, ,0, ,7.9, ,47.5, ,70, ,38.3, ,1.6, ,228, ,55.6, 
240,3/9/2019,2200,68,0, ,0, ,0, ,7.9, ,46.4, ,74, ,38.6, ,1.4, ,27, ,55.7, 
240,3/9/2019,2300,68,0, ,0, ,0, ,7.8, ,45.5, ,76, ,38.2, ,2.3, ,100, ,55.6, 
240,3/9/2019,2400,68,0,R,0, ,0, ,8, ,44.3, ,81, ,38.8, ,1,I,52, ,55.6, 
240,3/10/2019,0100,69,0,R,0, ,0, ,7.9, ,43.8, ,81, ,38.4, ,1,I,78, ,55.6, 
240,3/10/2019,0200,69,0,R,0, ,0, ,7.6, ,42, ,83, ,37.3, ,1,I,65, ,55.7, 
240,3/10/2019,0300,69,0,R,0, ,0, ,7.3, ,39.4, ,89, ,36.4, ,1,I,266, ,55.9, 
240,3/10/2019,0400,69,0,R,0, ,0, ,7.6, ,38.9, ,94, ,37.3, ,1,I,230, ,56, 
240,3/10/2019,0500,69,0, ,0, ,1, ,8, ,40, ,95, ,38.7, ,1.1, ,218, ,55.9, 
240,3/10/2019,0600,69,0,R,0, ,1, ,8, ,39.8, ,96, ,38.7, ,1,I,224, ,55.8, 
240,3/10/2019,0700,69,0, ,0, ,37, ,8.1, ,40.1, ,96, ,39, ,1, ,270, ,55.6, 
240,3/10/2019,0800,69,0, ,0, ,205, ,8.7, ,42.4, ,94, ,40.8, ,1, ,273, ,55.4, 
240,3/10/2019,0900,69,0, ,0, ,542, ,8.9, ,45, ,87, ,41.4, ,1, ,160, ,55.3, 
240,3/10/2019,1000,69,0.01, ,0, ,898, ,8.3, ,47.3, ,74, ,39.6, ,2.2, ,152, ,55.2, 
240,3/10/2019,1100,69,0.01, ,0, ,826, ,7.8, ,48.6, ,67, ,38.1, ,1.7, ,216, ,55.1, 
240,3/10/2019,1200,69,0.01, ,0, ,906, ,7.8, ,50, ,63, ,38, ,1.5, ,164, ,55, 
240,3/10/2019,1300,69,0.01, ,0, ,862, ,7.6, ,51, ,60, ,37.6, ,1.4, ,245, ,55, 
240,3/10/2019,1400,69,0.01, ,0, ,1238, ,7.9, ,52.7, ,58, ,38.5, ,2, ,7, ,55, 
240,3/10/2019,1500,69,0.01, ,0, ,1268, ,8.1, ,54.2, ,57, ,39.2, ,3.1, ,5, ,55, 
240,3/10/2019,1600,69,0.01, ,0, ,565, ,7.7, ,53.9, ,54, ,37.8, ,3, ,264, ,55.1, 
240,3/10/2019,1700,69,0, ,0, ,265, ,7.6, ,52.7, ,56, ,37.5, ,2, ,254, ,55.2, 
240,3/10/2019,1800,69,0, ,0, ,88, ,8.3, ,51.8, ,63, ,39.7, ,4.8, ,206, ,55.3, 
240,3/10/2019,1900,69,0, ,0, ,0, ,8.6, ,49.7, ,70, ,40.5, ,2.2, ,186, ,55.4, 
240,3/10/2019,2000,69,0, ,0, ,0, ,8.9, ,48.4, ,77, ,41.5, ,1.5, ,135, ,55.5, 
240,3/10/2019,2100,69,0, ,0, ,0, ,9, ,46.9, ,83, ,41.9, ,1.6, ,115, ,55.6, 
240,3/10/2019,2200,69,0, ,0, ,0, ,8.8, ,45.7, ,84, ,41.3, ,2.4, ,121, ,55.6, 
240,3/10/2019,2300,69,0, ,0, ,0, ,8.8, ,45.3, ,85, ,41.2, ,2.3, ,142, ,55.6, 
240,3/10/2019,2400,69,0,R,0, ,0, ,8.3, ,42.1, ,91, ,39.6, ,1,I,263, ,55.6, 
240,3/11/2019,0100,70,0,R,0, ,0, ,8.7, ,42.5, ,95, ,41, ,1,I,268, ,55.6, 
240,3/11/2019,0200,70,0,R,0, ,0, ,8.5, ,41.5, ,96, ,40.4, ,1,I,266, ,55.7, 
240,3/11/2019,0300,70,0,R,0, ,0, ,8.6, ,40.8, ,99, ,40.6, ,1,I,325, ,55.9, 
240,3/11/2019,0400,70,0,R,0, ,0, ,8.3, ,39.6, ,100, ,39.6, ,1,I,234, ,56, 
240,3/11/2019,0500,70,0, ,0, ,0, ,8.1, ,38.9, ,100, ,38.9, ,1.2, ,18, ,55.9, 
240,3/11/2019,0600,70,0,R,0, ,1, ,7.7, ,37.6, ,100, ,37.6, ,1,I,246, ,55.8, 
240,3/11/2019,0700,70,0, ,0, ,49, ,8.4, ,39.8, ,100, ,39.8, ,1, ,43, ,55.6, 
240,3/11/2019,0800,70,0, ,0, ,169, ,9.1, ,41.8, ,100, ,41.8, ,1.8, ,187, ,55.4, 
240,3/11/2019,0900,70,0, ,0, ,377, ,10, ,44.8, ,99, ,44.4, ,1, ,246, ,55.3, 
240,3/11/2019,1000,70,0, ,0, ,455, ,9.5, ,47, ,87, ,43.2, ,1.1, ,311, ,55.1, 
240,3/11/2019,1100,70,0.01, ,0, ,918, ,9.8, ,50.8, ,77, ,43.9, ,1.8, ,51, ,55.1, 
240,3/11/2019,1200,70,0.01, ,0, ,695, ,9.5, ,53.1, ,69, ,43.3, ,5.2, ,23, ,55, 
240,3/11/2019,1300,70,0.01, ,0, ,748, ,8, ,55.5, ,53, ,38.7, ,7.7, ,19, ,54.9, 
240,3/11/2019,1400,70,0.01, ,0, ,674, ,7.7, ,57.2, ,48, ,37.6, ,8.4, ,9, ,54.9, 
240,3/11/2019,1500,70,0.01, ,0, ,559, ,7.5, ,57.3, ,47, ,37.2, ,10.3, ,335, ,55, 
240,3/11/2019,1600,70,0.01, ,0, ,609, ,7.1, ,58.4, ,43, ,35.9, ,8.9, ,335, ,55, 
240,3/11/2019,1700,70,0, ,0, ,86, ,6.4, ,57.9, ,39, ,33.2, ,6.6, ,82, ,55, 
240,3/11/2019,1800,70,0, ,0, ,7, ,6.3, ,56.6, ,40, ,32.6, ,3.3, ,99, ,55.1, 
240,3/11/2019,1900,70,0, ,0, ,0, ,6.6, ,55.7, ,43, ,33.9, ,3.8, ,58, ,55.1, 
240,3/11/2019,2000,70,0, ,0, ,0, ,7.9, ,53.3, ,57, ,38.5, ,6.9, ,95, ,55.1, 
240,3/11/2019,2100,70,0, ,0.02, ,1, ,9.7, ,50.2, ,78, ,43.8, ,4.9, ,127, ,55.2, 
240,3/11/2019,2200,70,0, ,0.04, ,3, ,10, ,49, ,85, ,44.5, ,5.1, ,163, ,55.1, 
240,3/11/2019,2300,70,0,R,0.01, ,3, ,10.1, ,48.1, ,88, ,44.9, ,1,I,289, ,55.1, 
240,3/11/2019,2400,70,0,R,0.02, ,2, ,10.2, ,47.4, ,92, ,45.1, ,1,I,285, ,55.1, 
240,3/12/2019,0100,71,0,R,0.02, ,2, ,10.2, ,47.2, ,92, ,45, ,1,I,285, ,55.1, 
240,3/12/2019,0200,71,0,R,0.07, ,1, ,10.4, ,46.6, ,96, ,45.6, ,1,I,255, ,55.1, 
240,3/12/2019,0300,71,0,R,0.05, ,1, ,10.5, ,46.3, ,98, ,45.7, ,1,I,200, ,55.1, 
240,3/12/2019,0400,71,0,R,0.04, ,1, ,10.2, ,46.1, ,96, ,45.1, ,1,I,41, ,55, 
240,3/12/2019,0500,71,0,R,0.03, ,1, ,10.4, ,45.9, ,98, ,45.5, ,1,I,334, ,55, 
240,3/12/2019,0600,71,0,R,0, ,2, ,10.4, ,45.6, ,100, ,45.6, ,1,I,285, ,54.9, 
240,3/12/2019,0700,71,0,R,0, ,91, ,10.6, ,45.9, ,100, ,45.9, ,1,I,31, ,54.9, 
240,3/12/2019,0800,71,0,R,0, ,387, ,11, ,47.5, ,98, ,47, ,1,I,14, ,54.8, 
240,3/12/2019,0900,71,0.01, ,0, ,834, ,10.9, ,50, ,89, ,46.8, ,1, ,137, ,54.8, 
240,3/12/2019,1000,71,0.01, ,0, ,757, ,10.3, ,51.8, ,79, ,45.4, ,1.6, ,160, ,54.8, 
240,3/12/2019,1100,71,0.01, ,0, ,1313, ,10.5, ,54.2, ,73, ,45.8, ,2.2, ,103, ,54.8, 
240,3/12/2019,1200,71,0.02, ,0, ,1576, ,10.6, ,57.2, ,66, ,46.1, ,3, ,74, ,54.8, 
240,3/12/2019,1300,71,0.01, ,0, ,821, ,10.4, ,58, ,63, ,45.5, ,3, ,214, ,54.8, 
240,3/12/2019,1400,71,0.02, ,0,Y,1512, ,10.1, ,61.1, ,55, ,44.8, ,2.9, ,295, ,54.9, 
240,3/12/2019,1500,71,0.01, ,0, ,893, ,10.2, ,61.5, ,54, ,44.9, ,6.5, ,231, ,54.9, 
240,3/12/2019,1600,71,0.01, ,0, ,874, ,10.9, ,59.1, ,63, ,46.7, ,13.2, ,231, ,55, 
240,3/12/2019,1700,71,0.01, ,0, ,445, ,9.7, ,57.7, ,60, ,43.7, ,12.1, ,228, ,55.2, 
240,3/12/2019,1800,71,0, ,0, ,129, ,9, ,55.7, ,59, ,41.8, ,8.7, ,218, ,55.3, 
240,3/12/2019,1900,71,0, ,0, ,0, ,9.1, ,53.1, ,66, ,42, ,8.7, ,173, ,55.4, 
240,3/12/2019,2000,71,0, ,0, ,0, ,10, ,50.2, ,81, ,44.6, ,10.6, ,173, ,55.6, 
240,3/12/2019,2100,71,0, ,0, ,0, ,10.3, ,49.2, ,86, ,45.2, ,11.1, ,178, ,55.7, 
240,3/12/2019,2200,71,0, ,0, ,0, ,10.1, ,48.8, ,86, ,44.9, ,9.5, ,180, ,55.7, 
240,3/12/2019,2300,71,0, ,0, ,0, ,10.5, ,48.5, ,91, ,45.9, ,9.5, ,171, ,55.7, 
240,3/12/2019,2400,71,0, ,0, ,0, ,10.8, ,48.6, ,93, ,46.6, ,9.6, ,164, ,55.8, 
240,3/13/2019,0100,72,0, ,0, ,0, ,10.7, ,48.3, ,93, ,46.3, ,7.1, ,179, ,55.8, 
240,3/13/2019,0200,72,0, ,0, ,0, ,9.8, ,47.3, ,88, ,43.9, ,5.6, ,188, ,55.9, 
240,3/13/2019,0300,72,0, ,0, ,0, ,9.6, ,46.9, ,88, ,43.5, ,6.5, ,184, ,56.1, 
240,3/13/2019,0400,72,0, ,0, ,0, ,9.7, ,46.5, ,90, ,43.6, ,7.4, ,188, ,56.2, 
240,3/13/2019,0500,72,0, ,0, ,0, ,9.5, ,46.1, ,90, ,43.3, ,5.7, ,174, ,56.3, 
240,3/13/2019,0600,72,0, ,0, ,0, ,9.2, ,45.4, ,89, ,42.3, ,5.4, ,169, ,56.2, 
240,3/13/2019,0700,72,0, ,0, ,87, ,8.8, ,45.4, ,85, ,41.3, ,4.1, ,151, ,56, 
240,3/13/2019,0800,72,0, ,0, ,531, ,9.1, ,47.4, ,82, ,42.2, ,5.2, ,179, ,55.9, 
240,3/13/2019,0900,72,0.01, ,0, ,961, ,9.2, ,50.6, ,73, ,42.2, ,2.1, ,190, ,55.8, 
240,3/13/2019,1000,72,0.01, ,0, ,1311, ,7.5, ,52.9, ,55, ,37, ,6.1, ,340, ,55.8, 
240,3/13/2019,1100,72,0.02, ,0, ,1567, ,6.6, ,55.6, ,44, ,33.9, ,10.9, ,332, ,55.7, 
240,3/13/2019,1200,72,0.02, ,0, ,1710, ,6.2, ,57.2, ,39, ,32.3, ,14.8, ,329, ,55.6, 
240,3/13/2019,1300,72,0.02, ,0, ,1699, ,6.5, ,58.1, ,39, ,33.4, ,16.4, ,326, ,55.6, 
240,3/13/2019,1400,72,0.02, ,0, ,1559, ,6.5, ,58.8, ,39, ,33.7, ,14, ,319, ,55.6, 
240,3/13/2019,1500,72,0.02, ,0, ,1285, ,6.4, ,59.2, ,37, ,33.2, ,12.3, ,321, ,55.6, 
240,3/13/2019,1600,72,0.01, ,0, ,916, ,6.5, ,59.5, ,38, ,33.7, ,9, ,309, ,55.6, 
240,3/13/2019,1700,72,0.01, ,0, ,501, ,6.8, ,58.7, ,40, ,34.8, ,7.1, ,303, ,55.6, 
240,3/13/2019,1800,72,0, ,0, ,108, ,7.5, ,55.7, ,49, ,37.1, ,1.5, ,281, ,55.7, 
240,3/13/2019,1900,72,0, ,0, ,0, ,7.7, ,52.1, ,58, ,37.9, ,1, ,240, ,55.7, 
240,3/13/2019,2000,72,0, ,0, ,0, ,9, ,51.7, ,69, ,41.9, ,4.5, ,137, ,55.8, 
240,3/13/2019,2100,72,0, ,0, ,0, ,9.4, ,50.3, ,75, ,42.8, ,4.8, ,138, ,55.8, 
240,3/13/2019,2200,72,0, ,0, ,0, ,9, ,47.9, ,80, ,41.9, ,2.8, ,196, ,55.8, 
240,3/13/2019,2300,72,0,R,0, ,0, ,8.7, ,44.5, ,87, ,41, ,1,I,288, ,55.8, 
240,3/13/2019,2400,72,0, ,0, ,0, ,8.5, ,43.3, ,90, ,40.5, ,2.4, ,11, ,55.7, 
240,3/14/2019,0100,73,0, ,0, ,1, ,8.4, ,41.7, ,93, ,39.9, ,2.4, ,313, ,55.7, 
240,3/14/2019,0200,73,0, ,0, ,1, ,8.1, ,40.1, ,96, ,39, ,1.9, ,272, ,55.7, 
240,3/14/2019,0300,73,0,R,0, ,1, ,8, ,40.2, ,95, ,38.8, ,1,I,308, ,55.6, 
240,3/14/2019,0400,73,0, ,0, ,0, ,6.4, ,40.7, ,74, ,33.3, ,2.1, ,351, ,55.5, 
240,3/14/2019,0500,73,0, ,0, ,0, ,5.6, ,40.8, ,65, ,29.8, ,5.7, ,343, ,55.4, 
240,3/14/2019,0600,73,0, ,0, ,1, ,5, ,38.6, ,63, ,27, ,5.3, ,6, ,55.3, 
240,3/14/2019,0700,73,0, ,0, ,145, ,5, ,38.8, ,62, ,27.1, ,3.4, ,10, ,55.2, 
240,3/14/2019,0800,73,0, ,0, ,567, ,5.6, ,45.4, ,55, ,30, ,3.8, ,358, ,55.1, 
240,3/14/2019,0900,73,0.01, ,0, ,992, ,5.2, ,50.6, ,41, ,28.1, ,7.4, ,12, ,55, 
240,3/14/2019,1000,73,0.02, ,0, ,1343, ,4.3, ,54.8, ,30, ,23.7, ,8, ,16, ,54.9, 
240,3/14/2019,1100,73,0.02, ,0, ,1592, ,4, ,57.5, ,25, ,21.5, ,13, ,17, ,54.8, 
240,3/14/2019,1200,73,0.02, ,0, ,1726, ,3.6, ,58.8, ,21, ,19.2, ,12.3, ,15, ,54.7, 
240,3/14/2019,1300,73,0.02, ,0, ,1728, ,3.6, ,60.1, ,20, ,19.4, ,10, ,360, ,54.6, 
240,3/14/2019,1400,73,0.02, ,0, ,1578, ,3.6, ,61.3, ,20, ,19.4, ,10.3, ,14, ,54.6, 
240,3/14/2019,1500,73,0.02, ,0, ,1327, ,3.6, ,61.7, ,19, ,19.1, ,9.2, ,24, ,54.6, 
240,3/14/2019,1600,73,0.01, ,0, ,959, ,3.8, ,61.7, ,20, ,20.8, ,9.1, ,17, ,54.6, 
240,3/14/2019,1700,73,0.01, ,0, ,536, ,3.9, ,59.6, ,22, ,21, ,11.6, ,4, ,54.7, 
240,3/14/2019,1800,73,0.01, ,0, ,119, ,3.4, ,56.4, ,22, ,17.8, ,11.4, ,28, ,54.8, 
240,3/14/2019,1900,73,0, ,0, ,0, ,3, ,54.8, ,20, ,14.8, ,11.6, ,42, ,54.8, 
240,3/14/2019,2000,73,0, ,0, ,0, ,3.3, ,52.4, ,25, ,17.3, ,8.5, ,29, ,54.9, 
240,3/14/2019,2100,73,0, ,0, ,0, ,3.8, ,49.9, ,31, ,20.3, ,1.8, ,30, ,54.9, 
240,3/14/2019,2200,73,0, ,0, ,0, ,4, ,49.1, ,34, ,22, ,1.9, ,104, ,54.9, 
240,3/14/2019,2300,73,0, ,0, ,0, ,4, ,48.2, ,34, ,21.5, ,4.5, ,354, ,54.8, 
240,3/14/2019,2400,73,0, ,0, ,0, ,3.8, ,48.6, ,33, ,20.8, ,3.1, ,337, ,54.8, 
240,3/15/2019,0100,74,0, ,0, ,0, ,4.2, ,45.1, ,41, ,22.9, ,4, ,12, ,54.7, 
240,3/15/2019,0200,74,0, ,0, ,0, ,4.8, ,42.8, ,52, ,26.3, ,2.1, ,131, ,54.8, 
240,3/15/2019,0300,74,0,R,0, ,0, ,5.2, ,40.4, ,61, ,28, ,1,I,278, ,55, 
240,3/15/2019,0400,74,0,R,0, ,0, ,5.2, ,40, ,62, ,28, ,1,I,61, ,55, 
240,3/15/2019,0500,74,0,R,0, ,0, ,5.2, ,40, ,62, ,28, ,1,I,98, ,55, 
240,3/15/2019,0600,74,0,R,0, ,2, ,5.2, ,37.7, ,68, ,27.9, ,1,I,255, ,54.8, 
240,3/15/2019,0700,74,0,R,0, ,161, ,5.7, ,40.1, ,67, ,30.3, ,1,I,168, ,54.7, 
240,3/15/2019,0800,74,0, ,0, ,597, ,6.7, ,46.5, ,62, ,34.1, ,1.1, ,281, ,54.5, 
240,3/15/2019,0900,74,0.01, ,0, ,1014, ,5.7, ,56.9, ,36, ,30.1, ,11.4, ,7, ,54.4, 
240,3/15/2019,1000,74,0.02, ,0, ,1364, ,4.8, ,61.4, ,26, ,25.9, ,7.7, ,41, ,54.2, 
240,3/15/2019,1100,74,0.02, ,0, ,1619, ,4.6, ,63.4, ,23, ,24.9, ,12.6, ,42, ,54.1, 
240,3/15/2019,1200,74,0.03, ,0, ,1699, ,4.5, ,64.7, ,22, ,24.5, ,13.7, ,34, ,54.1, 
240,3/15/2019,1300,74,0.03, ,0, ,1716, ,4.5, ,66.2, ,20, ,24.5, ,12.4, ,32, ,54.1, 
240,3/15/2019,1400,74,0.02, ,0, ,1602, ,4.7, ,66.9, ,21, ,25.8, ,13.9, ,16, ,54.1, 
240,3/15/2019,1500,74,0.02, ,0, ,1339, ,4.8, ,66.9, ,21, ,26.2, ,10.6, ,6, ,54.1, 
240,3/15/2019,1600,74,0.02, ,0, ,969, ,4.9, ,66.5, ,22, ,26.7, ,9.7, ,7, ,54.1, 
240,3/15/2019,1700,74,0.01, ,0, ,520, ,5.5, ,64.7, ,26, ,29.2, ,9.3, ,2, ,54.2, 
240,3/15/2019,1800,74,0.01, ,0, ,127, ,5.2, ,59.7, ,29, ,27.8, ,10.1, ,5, ,54.3, 
240,3/15/2019,1900,74,0, ,0, ,1, ,5, ,54.8, ,34, ,26.9, ,8.7, ,16, ,54.4, 
240,3/15/2019,2000,74,0, ,0, ,0, ,5.3, ,55, ,36, ,28.7, ,4.5, ,91, ,54.5, 
240,3/15/2019,2100,74,0, ,0, ,0, ,5.7, ,52.4, ,42, ,30.2, ,1.2, ,353, ,54.5, 
240,3/15/2019,2200,74,0,R,0, ,0, ,6.2, ,48.9, ,52, ,32.2, ,1,I,304, ,54.5, 
240,3/15/2019,2300,74,0,R,0, ,0, ,5.9, ,45.8, ,56, ,31.1, ,1,I,323, ,54.5, 
240,3/15/2019,2400,74,0, ,0, ,0, ,5.9, ,43.8, ,61, ,31.1, ,2.2, ,313, ,54.5, 
240,3/16/2019,0100,75,0, ,0, ,0, ,5.7, ,45.8, ,54, ,30.1, ,1.4, ,101, ,54.5, 
240,3/16/2019,0200,75,0, ,0, ,0, ,6, ,44.5, ,60, ,31.4, ,1.3, ,146, ,54.6, 
240,3/16/2019,0300,75,0,R,0, ,0, ,6, ,41.3, ,68, ,31.4, ,1,I,30, ,54.7, 
240,3/16/2019,0400,75,0,R,0, ,0, ,6.1, ,40.5, ,71, ,31.8, ,1,I,4, ,54.8, 
240,3/16/2019,0500,75,0,R,0, ,0, ,6.1, ,39.8, ,73, ,32, ,1,I,22, ,54.8, 
240,3/16/2019,0600,75,0,R,0, ,1, ,6.1, ,38, ,79, ,32, ,1,I,250, ,54.6, 
240,3/16/2019,0700,75,0,R,0, ,161, ,6.2, ,38.3, ,79, ,32.3, ,1,I,300, ,54.5, 
240,3/16/2019,0800,75,0,R,0, ,574, ,7.1, ,45.4, ,68, ,35.6, ,1,I,354, ,54.4, 
240,3/16/2019,0900,75,0.01, ,0, ,991, ,7.9, ,52.6, ,58, ,38.5, ,1, ,248, ,54.2, 
240,3/16/2019,1000,75,0.02, ,0, ,1345, ,8.4, ,61.2, ,46, ,40, ,3.3, ,344, ,54.1, 
240,3/16/2019,1100,75,0.02, ,0, ,1600, ,6.6, ,68.1, ,28, ,33.9, ,9.5, ,20, ,54, 
240,3/16/2019,1200,75,0.02, ,0, ,1722, ,6.5, ,71.4, ,25, ,33.4, ,7.2, ,12, ,54, 
240,3/16/2019,1300,75,0.02, ,0, ,1722, ,6.4, ,72.9, ,23, ,33, ,3.8, ,336, ,54, 
240,3/16/2019,1400,75,0.02, ,0, ,1569, ,6.5, ,73.1, ,23, ,33.7, ,2.4, ,323, ,54, 
240,3/16/2019,1500,75,0.02, ,0, ,1303, ,6.5, ,74.9, ,22, ,33.7, ,1.9, ,287, ,54, 
240,3/16/2019,1600,75,0.01, ,0, ,937, ,7.1, ,74.4, ,25, ,35.8, ,5.2, ,0, ,54.1, 
240,3/16/2019,1700,75,0.01, ,0, ,516, ,8.5, ,71.7, ,32, ,40.4, ,7.1, ,17, ,54.2, 
240,3/16/2019,1800,75,0, ,0, ,121, ,8.1, ,66.8, ,36, ,39.2, ,3.4, ,29, ,54.4, 
240,3/16/2019,1900,75,0,R,0, ,1, ,7.3, ,59.6, ,42, ,36.4, ,1,I,24, ,54.6, 
240,3/16/2019,2000,75,0, ,0, ,0, ,7.3, ,59, ,43, ,36.4, ,1.2, ,333, ,54.7, 
240,3/16/2019,2100,75,0,R,0, ,0, ,8.3, ,55.2, ,55, ,39.6, ,1,I,255, ,54.9, 
240,3/16/2019,2200,75,0,R,0, ,0, ,8.7, ,52.8, ,64, ,41, ,1,I,242, ,55, 
240,3/16/2019,2300,75,0, ,0, ,0, ,8.6, ,50.4, ,69, ,40.8, ,1.2, ,288, ,55, 
240,3/16/2019,2400,75,0, ,0, ,0, ,8.9, ,50, ,72, ,41.4, ,2.2, ,265, ,55.1, 
240,3/17/2019,0100,76,0, ,0, ,0, ,9, ,49.4, ,75, ,41.8, ,1.6, ,280, ,55.1, 
240,3/17/2019,0200,76,0, ,0, ,0, ,9.3, ,48.2, ,81, ,42.6, ,1.2, ,306, ,55.2, 
240,3/17/2019,0300,76,0,R,0, ,0, ,9.8, ,49.1, ,83, ,44, ,1,I,282, ,55.5, 
240,3/17/2019,0400,76,0,R,0, ,0, ,8.8, ,45.5, ,85, ,41.2, ,1,I,296, ,55.6, 
240,3/17/2019,0500,76,0,R,0, ,0, ,8.5, ,44.3, ,86, ,40.4, ,1,I,295, ,55.6, 
240,3/17/2019,0600,76,0,R,0, ,2, ,8.4, ,43.6, ,87, ,40.1, ,1,I,319, ,55.5, 
240,3/17/2019,0700,76,0,R,0, ,167, ,8.7, ,43.6, ,90, ,41, ,1,I,295, ,55.3, 
240,3/17/2019,0800,76,0,R,0, ,571, ,10, ,50.7, ,79, ,44.5, ,1,I,26, ,55.1, 
240,3/17/2019,0900,76,0.01,R,0, ,986, ,10.6, ,57, ,66, ,46, ,1,I,198, ,55, 
240,3/17/2019,1000,76,0.02, ,0, ,1337, ,11.4, ,64.3, ,56, ,48.1, ,1.2, ,337, ,54.9, 
240,3/17/2019,1100,76,0.02, ,0, ,1588, ,10.6, ,74.7, ,36, ,46.1, ,7, ,21, ,54.8, 
240,3/17/2019,1200,76,0.03, ,0, ,1685, ,10.4, ,80.6, ,29, ,45.5, ,4.9, ,35, ,54.8, 
240,3/17/2019,1300,76,0.03, ,0, ,1695, ,10.8, ,82.3, ,29, ,46.7, ,5.3, ,14, ,54.8, 
240,3/17/2019,1400,76,0.02, ,0, ,1551, ,10.9, ,82.6, ,29, ,46.9, ,4.6, ,7, ,54.8, 
240,3/17/2019,1500,76,0.02, ,0, ,1294, ,10.7, ,82.6, ,28, ,46.4, ,3.3, ,356, ,54.8, 
240,3/17/2019,1600,76,0.02, ,0, ,938, ,11.2, ,82.3, ,30, ,47.4, ,6.4, ,7, ,55, 
240,3/17/2019,1700,76,0.01, ,0, ,522, ,13, ,80, ,37, ,51.5, ,7.1, ,19, ,55.1, 
240,3/17/2019,1800,76,0, ,0, ,124, ,13.4, ,73.5, ,48, ,52.4, ,4.5, ,22, ,55.3, 
240,3/17/2019,1900,76,0, ,0, ,1, ,12.1, ,71.7, ,46, ,49.7, ,5.5, ,121, ,55.5, 
240,3/17/2019,2000,76,0, ,0, ,0, ,11.7, ,65, ,56, ,48.7, ,5.7, ,141, ,55.6, 
240,3/17/2019,2100,76,0, ,0, ,0, ,10.6, ,61, ,58, ,46, ,7.2, ,130, ,55.8, 
240,3/17/2019,2200,76,0, ,0, ,0, ,10.9, ,60.5, ,61, ,46.8, ,2.7, ,141, ,55.9, 
240,3/17/2019,2300,76,0,R,0, ,0, ,11.8, ,57.6, ,73, ,48.9, ,1,I,243, ,56, 
240,3/17/2019,2400,76,0,R,0, ,0, ,12.8, ,56.4, ,82, ,51.1, ,1,I,258, ,56, 
240,3/18/2019,0100,77,0,R,0, ,0, ,14.8, ,59,Y,87,Y,55.1,Y,1,I,357, ,56.1, 
240,3/18/2019,0200,77,0,R,0, ,0, ,15.5, ,58.9,Y,91,Y,56.3,Y,1,I,332, ,56.3, 
240,3/18/2019,0300,77,0,R,0, ,0, ,12.4, ,52.4, ,92, ,50.2, ,1,I,266, ,56.6, 
240,3/18/2019,0400,77,0,R,0, ,0, ,11.7, ,50.7, ,93, ,48.6, ,1,I,281, ,56.7, 
240,3/18/2019,0500,77,0,R,0, ,0, ,11.7, ,50.1, ,95, ,48.6, ,1,I,286, ,56.7, 
240,3/18/2019,0600,77,0,R,0, ,2, ,11.5, ,49.2, ,97, ,48.3, ,1,I,349, ,56.6, 
240,3/18/2019,0700,77,0,R,0, ,172, ,11.9, ,50, ,97, ,49.1, ,1,I,272, ,56.4, 
240,3/18/2019,0800,77,0,R,0, ,586, ,13.2, ,56.4, ,85, ,52, ,1,I,257, ,56.3, 
240,3/18/2019,0900,77,0.01,R,0, ,1000, ,12.6, ,60.8, ,69, ,50.8, ,1,I,309, ,56.2, 
240,3/18/2019,1000,77,0.02,R,0, ,1358, ,11.4, ,66.5, ,51, ,47.9, ,1,I,344, ,56, 
240,3/18/2019,1100,77,0.02,R,0, ,1615, ,12.8, ,72.4, ,47, ,51.1, ,1,I,339, ,56, 
240,3/18/2019,1200,77,0.02, ,0, ,1726, ,12.2, ,78.5, ,37, ,49.8, ,3.1, ,282, ,55.9, 
240,3/18/2019,1300,77,0.03, ,0, ,1706, ,11, ,82.5, ,29, ,47.1, ,3.9, ,268, ,55.9, 
240,3/18/2019,1400,77,0.02, ,0, ,1565, ,9.7, ,82.4, ,26, ,43.7, ,4.7, ,217, ,55.9, 
240,3/18/2019,1500,77,0.02, ,0, ,1313, ,10.3, ,82.8, ,27, ,45.2, ,6.7, ,187, ,56, 
240,3/18/2019,1600,77,0.02, ,0, ,932, ,11.3, ,80, ,32, ,47.9, ,7.7, ,206, ,56.1, 
240,3/18/2019,1700,77,0.01, ,0, ,510, ,14.3, ,78.2, ,43, ,54.1, ,8.4, ,172, ,56.2, 
240,3/18/2019,1800,77,0, ,0, ,123, ,11.9, ,70.9, ,46, ,49.2, ,8.3, ,144, ,56.4, 
240,3/18/2019,1900,77,0, ,0, ,1, ,11.3, ,66.4, ,51, ,47.9, ,9, ,131, ,56.6, 
240,3/18/2019,2000,77,0, ,0, ,0, ,9.7, ,62.6, ,50, ,43.6, ,5.5, ,129, ,56.8, 
240,3/18/2019,2100,77,0, ,0, ,0, ,9.8, ,62, ,52, ,44, ,2.3, ,136, ,56.9, 
240,3/18/2019,2200,77,0, ,0, ,0, ,13.7, ,61.7, ,73, ,52.9, ,1, ,240, ,57, 
240,3/18/2019,2300,77,0,R,0, ,0, ,14.3, ,60.6,Y,79,Y,54.1,Y,1,I,299, ,57.1, 
240,3/18/2019,2400,77,0,R,0, ,0, ,14.2, ,57.8, ,87, ,54, ,1,I,255, ,57.1, 
240,3/19/2019,0100,78,0,R,0, ,0, ,14.8, ,58.2, ,89, ,55, ,1,I,289, ,57.1, 
240,3/19/2019,0200,78,0,R,0, ,0, ,14.8, ,57.5,Y,92,Y,55.1,Y,1,I,260, ,57.1, 
240,3/19/2019,0300,78,0,R,0, ,0, ,14.2, ,56.2, ,92, ,54, ,1,I,256, ,57.1, 
240,3/19/2019,0400,78,0,R,0, ,0, ,12.7, ,53, ,92, ,50.8, ,1,I,299, ,57.1, 
240,3/19/2019,0500,78,0,R,0, ,0, ,12.8, ,53.5, ,91, ,51.1, ,1,I,22, ,57, 
240,3/19/2019,0600,78,0,R,0, ,4, ,12.3, ,51.7, ,94, ,50.1, ,1,I,242, ,56.9, 
240,3/19/2019,0700,78,0,R,0, ,163, ,13.3, ,54.3, ,92, ,52.1, ,1,I,67, ,56.8, 
240,3/19/2019,0800,78,0,R,0, ,566, ,15.1, ,59, ,89, ,55.6, ,1,I,273, ,56.8, 
240,3/19/2019,0900,78,0.01, ,0, ,998, ,13.3, ,61.6, ,71, ,52.1, ,1, ,157, ,56.7, 
240,3/19/2019,1000,78,0.01, ,0, ,1166, ,12.6, ,66.6, ,56, ,50.7, ,1.7, ,178, ,56.6, 
240,3/19/2019,1100,78,0.02, ,0, ,1493, ,13.2, ,70.8, ,51, ,51.9, ,3, ,116, ,56.5, 
240,3/19/2019,1200,78,0.02, ,0, ,1658, ,13.4, ,74, ,47, ,52.4, ,6.6, ,149, ,56.5, 
240,3/19/2019,1300,78,0.03, ,0, ,1652, ,13.1, ,73.8, ,46, ,51.6, ,11.1, ,153, ,56.5, 
240,3/19/2019,1400,78,0.02, ,0, ,1395, ,11.5, ,73.1, ,41, ,48.2, ,11.3, ,177, ,56.6, 
240,3/19/2019,1500,78,0.02, ,0, ,1303, ,10, ,72.7, ,36, ,44.5, ,10.6, ,176, ,56.7, 
240,3/19/2019,1600,78,0.01, ,0, ,879, ,9.8, ,71.6, ,37, ,44.1, ,9.5, ,180, ,56.8, 
240,3/19/2019,1700,78,0.01, ,0, ,375, ,11.2, ,68.4, ,47, ,47.6, ,9.2, ,181, ,56.9, 
240,3/19/2019,1800,78,0, ,0, ,61, ,11.5, ,64.2, ,56, ,48.3, ,9.3, ,182, ,57.1, 
240,3/19/2019,1900,78,0, ,0, ,0, ,12.5, ,58.6, ,74, ,50.4, ,7.9, ,165, ,57.3, 
240,3/19/2019,2000,78,0, ,0, ,0, ,13.2, ,57, ,83, ,51.9, ,8.1, ,145, ,57.4, 
240,3/19/2019,2100,78,0, ,0, ,0, ,14.6, ,58, ,89, ,54.6, ,6.4, ,183, ,57.5, 
240,3/19/2019,2200,78,0, ,0, ,0, ,14.5, ,57.6, ,90, ,54.6, ,7.7, ,199, ,57.6, 
240,3/19/2019,2300,78,0, ,0, ,0, ,13.1, ,56.3, ,85, ,51.7, ,6.7, ,185, ,57.7, 
240,3/19/2019,2400,78,0, ,0, ,0, ,12.5, ,55.1, ,85, ,50.5, ,4.8, ,198, ,57.7, 
240,3/20/2019,0100,79,0, ,0, ,0, ,13, ,55.8, ,86, ,51.5, ,5.2, ,154, ,57.7, 
240,3/20/2019,0200,79,0, ,0, ,0, ,12.9, ,55.9, ,85, ,51.3, ,6, ,149, ,57.8, 
240,3/20/2019,0300,79,0, ,0, ,0, ,13.1, ,55.7, ,86, ,51.7, ,6.2, ,146, ,58, 
240,3/20/2019,0400,79,0, ,0, ,0, ,13.3, ,55.7, ,88, ,52.2, ,3.1, ,162, ,58.1, 
240,3/20/2019,0500,79,0,Y,0, ,0, ,16.4, ,59.6,Y,94,Y,57.9,Y,2.2, ,165, ,58.1, 
240,3/20/2019,0600,79,0,Y,0, ,1, ,16.1, ,59,Y,94,Y,57.4,Y,1.5, ,187, ,58, 
240,3/20/2019,0700,79,0,Y,0, ,36, ,16.1, ,59.2,Y,94,Y,57.4,Y,3.4, ,152, ,57.9, 
240,3/20/2019,0800,79,0, ,0, ,131, ,16.2, ,59.6, ,93, ,57.6, ,3.6, ,141, ,57.8, 
240,3/20/2019,0900,79,0.01, ,0, ,899, ,14.8, ,59.6, ,85, ,55, ,4.4, ,166, ,57.7, 
240,3/20/2019,1000,79,0.01, ,0, ,1142, ,13.6, ,60.2, ,76, ,52.8, ,4, ,167, ,57.6, 
240,3/20/2019,1100,79,0.01, ,0.02, ,603, ,13.2, ,61.4, ,71, ,51.9, ,2.6, ,231, ,57.5, 
240,3/20/2019,1200,79,0.01, ,0.03, ,728, ,13.8, ,58.7, ,81, ,53.1, ,2.6, ,24, ,57.5, 
240,3/20/2019,1300,79,0, ,0, ,374, ,13.2, ,58.5, ,79, ,51.9, ,5.8, ,168, ,57.5, 
240,3/20/2019,1400,79,0, ,0, ,540, ,12, ,58.5, ,71, ,49.3, ,3.9, ,158, ,57.5, 
240,3/20/2019,1500,79,0, ,0, ,377, ,12.7, ,59.9, ,72, ,50.9, ,4.8, ,197, ,57.5, 
240,3/20/2019,1600,79,0, ,0.32, ,117, ,12.3, ,55.1, ,83, ,49.9, ,5.4, ,18, ,57.5, 
240,3/20/2019,1700,79,0, ,0, ,194, ,12.2, ,55, ,83, ,49.8, ,4.6, ,16, ,57.6, 
240,3/20/2019,1800,79,0, ,0.07, ,8, ,12.2, ,53, ,89, ,49.7, ,5.8, ,338, ,57.6, 
240,3/20/2019,1900,79,0, ,0.04, ,1, ,12.9, ,52.9, ,94, ,51.3, ,3.3, ,121, ,57.5, 
240,3/20/2019,2000,79,0, ,0, ,2, ,13, ,53.1, ,95, ,51.6, ,4.5, ,138, ,57.5, 
240,3/20/2019,2100,79,0, ,0, ,1, ,14.2, ,54.5, ,98, ,53.9, ,3.8, ,156, ,57.5, 
240,3/20/2019,2200,79,0, ,0, ,1, ,14.5, ,54.6, ,100, ,54.6, ,1.1, ,217, ,57.4, 
240,3/20/2019,2300,79,0,R,0, ,2, ,14.3, ,53.1, ,100, ,53.1, ,1,I,210, ,57.3, 
240,3/20/2019,2400,79,0, ,0, ,2, ,12.3, ,48.8, ,100, ,48.8, ,1.1, ,236, ,57.3, 
240,3/21/2019,0100,80,0, ,0, ,2, ,12.3, ,49, ,100, ,49, ,1.6, ,182, ,57.2, 
240,3/21/2019,0200,80,0,R,0, ,2, ,11.4, ,47, ,100, ,47, ,1,I,16, ,57.1, 
240,3/21/2019,0300,80,0,R,0, ,1, ,11.1, ,46.3, ,100, ,46.3, ,1,I,294, ,57, 
240,3/21/2019,0400,80,0,R,0, ,1, ,11, ,45.7, ,100, ,45.7, ,1,I,233, ,56.9, 
240,3/21/2019,0500,80,0, ,0, ,2, ,11.9, ,47.9, ,100, ,47.9, ,2, ,171, ,56.8, 
240,3/21/2019,0600,80,0, ,0, ,4, ,11.5, ,47.3, ,100, ,47.3, ,1.4, ,204, ,56.7, 
240,3/21/2019,0700,80,0, ,0, ,147, ,11.2, ,46.6, ,100, ,46.6, ,1.1, ,256, ,56.6, 
240,3/21/2019,0800,80,0, ,0, ,444, ,14.5, ,53.3, ,100, ,53.3, ,1.4, ,130, ,56.4, 
240,3/21/2019,0900,80,0.01, ,0, ,654, ,14.2, ,52.9, ,100, ,52.9, ,1.6, ,349, ,56.4, 
240,3/21/2019,1000,80,0.01, ,0, ,673, ,12.9, ,53.6, ,92, ,51.3, ,6.1, ,171, ,56.2, 
240,3/21/2019,1100,80,0.01, ,0, ,1071, ,12.9, ,57, ,81, ,51.3, ,4.6, ,161, ,56.2, 
240,3/21/2019,1200,80,0, ,0.01, ,421, ,12.9, ,57.7, ,79, ,51.3, ,4.9, ,247, ,56.2, 
240,3/21/2019,1300,80,0.01, ,0.01, ,634, ,13.5, ,55, ,91, ,52.5, ,7.8, ,325, ,56.1, 
240,3/21/2019,1400,80,0, ,0.02, ,506, ,12.7, ,55.2, ,85, ,50.9, ,2.2, ,329, ,56.2, 
240,3/21/2019,1500,80,0.01, ,0, ,637, ,13, ,55.6, ,86, ,51.5, ,4, ,170, ,56.2, 
240,3/21/2019,1600,80,0.01, ,0, ,578, ,12.8, ,57.4, ,80, ,51.2, ,4.1, ,161, ,56.2, 
240,3/21/2019,1700,80,0, ,0, ,190, ,12.9, ,57.2, ,81, ,51.4, ,5.8, ,122, ,56.3, 
240,3/21/2019,1800,80,0, ,0, ,46, ,12.7, ,56.7, ,81, ,51, ,6.7, ,137, ,56.3, 
240,3/21/2019,1900,80,0, ,0, ,0, ,13, ,56, ,85, ,51.5, ,6.4, ,155, ,56.4, 
240,3/21/2019,2000,80,0, ,0, ,0, ,13.2, ,54.7, ,90, ,52, ,2.1, ,170, ,56.4, 
240,3/21/2019,2100,80,0, ,0, ,0, ,13, ,53.2, ,94, ,51.5, ,4, ,353, ,56.4, 
240,3/21/2019,2200,80,0, ,0, ,0, ,11.9, ,51.3, ,93, ,49.2, ,3.2, ,341, ,56.5, 
240,3/21/2019,2300,80,0,R,0, ,0, ,11.9, ,50.3, ,96, ,49.1, ,1,I,180, ,56.4, 
240,3/21/2019,2400,80,0, ,0, ,0, ,10.4, ,46.1, ,98, ,45.7, ,1.5, ,247, ,56.4, 
240,3/22/2019,0100,81,0, ,0, ,0, ,10.5, ,45.2, ,100, ,45.2, ,2.8, ,223, ,56.4, 
240,3/22/2019,0200,81,0, ,0, ,1, ,11.3, ,47.1, ,100, ,47.1, ,3.4, ,199, ,56.5, 
240,3/22/2019,0300,81,0, ,0, ,1, ,11.4, ,47.5, ,100, ,47.5, ,3.1, ,23, ,56.6, 
240,3/22/2019,0400,81,0, ,0, ,1, ,11.7, ,48, ,100, ,48, ,2, ,127, ,56.7, 
240,3/22/2019,0500,81,0, ,0, ,1, ,11.4, ,47.3, ,100, ,47.3, ,2.5, ,228, ,56.7, 
240,3/22/2019,0600,81,0, ,0, ,4, ,10.5, ,45.2, ,100, ,45.2, ,2.5, ,264, ,56.5, 
240,3/22/2019,0700,81,0,R,0, ,139, ,12.1,R,48.3, ,100,R,48.3,R,2.7, ,244, ,56.4, 
240,3/22/2019,0800,81,0, ,0, ,582, ,13.3, ,51, ,100, ,51, ,1.1, ,267, ,56.2, 
240,3/22/2019,0900,81,0.01, ,0, ,924, ,12.8, ,52.8, ,94, ,51.2, ,2.1, ,21, ,56.2, 
240,3/22/2019,1000,81,0.01, ,0, ,1212, ,11.5, ,54.4, ,80, ,48.3, ,2.7, ,286, ,56, 
240,3/22/2019,1100,81,0.02, ,0, ,1505, ,10.9, ,55.1, ,74, ,46.9, ,1.9, ,85, ,56, 
240,3/22/2019,1200,81,0.02, ,0, ,1735, ,10.9, ,57, ,68, ,46.7, ,3, ,58, ,55.9, 
240,3/22/2019,1300,81,0.02, ,0, ,1741, ,11, ,58.9, ,65, ,47, ,2.5, ,219, ,55.9, 
240,3/22/2019,1400,81,0.02, ,0, ,1549, ,10.9, ,60.8, ,60, ,46.8, ,2, ,248, ,56, 
240,3/22/2019,1500,81,0.02, ,0, ,1292, ,10.8, ,62.3, ,56, ,46.6, ,3.2, ,341, ,56, 
240,3/22/2019,1600,81,0.01, ,0, ,829, ,10.2, ,62.1, ,53, ,44.9, ,4, ,334, ,56.2, 
240,3/22/2019,1700,81,0.01, ,0, ,481, ,10.4, ,61.8, ,55, ,45.5, ,4.6, ,333, ,56.3, 
240,3/22/2019,1800,81,0,R,0, ,137, ,10.8, ,59.6, ,62, ,46.7, ,1,I,324, ,56.5, 
240,3/22/2019,1900,81,0, ,0, ,1, ,10.5, ,55.7, ,69, ,45.8, ,1.6, ,293, ,56.6, 
240,3/22/2019,2000,81,0, ,0, ,0, ,11, ,54.1, ,77, ,47, ,1.7, ,341, ,56.8, 
240,3/22/2019,2100,81,0, ,0, ,0, ,10.9, ,53.2, ,79, ,46.9, ,2.5, ,11, ,56.9, 
240,3/22/2019,2200,81,0, ,0, ,0, ,10.6, ,51, ,83, ,46.2, ,1.1, ,34, ,57, 
240,3/22/2019,2300,81,0,R,0, ,0, ,10.5, ,50, ,86, ,45.8, ,1,I,290, ,57, 
240,3/22/2019,2400,81,0,R,0, ,0, ,10.9, ,50.4, ,87, ,46.7, ,1,I,135, ,57.1, 
240,3/23/2019,0100,82,0,R,0, ,1, ,11, ,48, ,97, ,47, ,1,I,262, ,57.1, 
240,3/23/2019,0200,82,0,R,0, ,0, ,11.8, ,48.7, ,100, ,48.7, ,1,I,35, ,57.2, 
240,3/23/2019,0300,82,0,R,0, ,0, ,11.4, ,47.6, ,100, ,47.6, ,1,I,307, ,57.4, 
240,3/23/2019,0400,82,0,R,0, ,0, ,11, ,46.5, ,100, ,46.5, ,1,I,267, ,57.5, 
240,3/23/2019,0500,82,0,R,0, ,0, ,11, ,46.4, ,100, ,46.4, ,1,I,258, ,57.5, 
240,3/23/2019,0600,82,0,R,0, ,3, ,11, ,46.3, ,100, ,46.3, ,1,I,341, ,57.4, 
240,3/23/2019,0700,82,0,R,0, ,163, ,12.5,R,49.2, ,100,R,49.2,R,1,I,240, ,57.2, 
240,3/23/2019,0800,82,0,R,0, ,313, ,14.2, ,52.6, ,100, ,52.6, ,1,I,343, ,57, 
240,3/23/2019,0900,82,0,R,0, ,350, ,13.8, ,52.3, ,100, ,52.3, ,1,I,317, ,56.9, 
240,3/23/2019,1000,82,0, ,0, ,589, ,13.4, ,52.7, ,99, ,52.4, ,1.1, ,315, ,56.8, 
240,3/23/2019,1100,82,0.02, ,0, ,1448, ,13.1, ,56.5, ,84, ,51.7, ,2.1, ,38, ,56.7, 
240,3/23/2019,1200,82,0.02, ,0, ,1739, ,12.3, ,56.8, ,78, ,50.1, ,4.8, ,348, ,56.6, 
240,3/23/2019,1300,82,0.02, ,0, ,1540, ,11.8, ,58.9, ,70, ,49, ,1.9, ,18, ,56.6, 
240,3/23/2019,1400,82,0.02, ,0, ,1427, ,11.4, ,60.7, ,63, ,48, ,6.3, ,348, ,56.6, 
240,3/23/2019,1500,82,0.01, ,0, ,1135, ,11.3, ,61.7, ,60, ,47.8, ,5.6, ,342, ,56.7, 
240,3/23/2019,1600,82,0.01, ,0, ,828, ,11.3, ,62.2, ,59, ,47.7, ,5, ,322, ,56.8, 
240,3/23/2019,1700,82,0, ,0, ,339, ,11.1, ,60.6, ,62, ,47.3, ,7.9, ,318, ,56.9, 
240,3/23/2019,1800,82,0, ,0, ,124, ,11.2, ,58.1, ,68, ,47.5, ,8.2, ,316, ,57, 
240,3/23/2019,1900,82,0, ,0, ,1, ,10.9, ,54.1, ,76, ,46.9, ,4.7, ,302, ,57.2, 
240,3/23/2019,2000,82,0, ,0, ,0, ,10.7, ,53.5, ,77, ,46.4, ,1.6, ,200, ,57.3, 
240,3/23/2019,2100,82,0, ,0, ,0, ,11.4, ,53.6, ,82, ,48.1, ,6, ,139, ,57.4, 
240,3/23/2019,2200,82,0, ,0, ,0, ,11.7, ,51.9, ,89, ,48.7, ,6.4, ,137, ,57.4, 
240,3/23/2019,2300,82,0, ,0, ,0, ,11.8, ,51.2, ,92, ,48.9, ,5.3, ,139, ,57.4, 
240,3/23/2019,2400,82,0, ,0, ,0, ,12, ,50.8, ,95, ,49.3, ,5, ,138, ,57.5, 
240,3/24/2019,0100,83,0, ,0, ,0, ,12.1, ,50.6, ,96, ,49.5, ,1.4, ,183, ,57.5, 
240,3/24/2019,0200,83,0,R,0, ,0, ,12.1, ,50.3, ,97, ,49.6, ,1,I,202, ,57.6, 
240,3/24/2019,0300,83,0,R,0, ,0, ,12.2, ,49.7, ,100, ,49.7, ,1,I,247, ,57.8, 
240,3/24/2019,0400,83,0,R,0, ,0, ,12.4, ,49.6, ,100, ,49.6, ,1,I,236, ,57.9, 
240,3/24/2019,0500,83,0,R,0, ,0, ,12, ,48.7, ,100, ,48.7, ,1,I,240, ,57.9, 
240,3/24/2019,0600,83,0,R,0, ,4, ,11, ,46.6, ,100, ,46.6, ,1,I,273, ,57.8, 
240,3/24/2019,0700,83,0,R,0, ,87, ,10.6, ,45.6, ,100, ,45.6, ,1,I,278, ,57.7, 
240,3/24/2019,0800,83,0,R,0, ,421, ,11.2, ,47.1, ,100, ,47.1, ,1,I,280, ,57.5, 
240,3/24/2019,0900,83,0.01, ,0, ,1026, ,13.7, ,52.4, ,100, ,52.4, ,1.1, ,189, ,57.4, 
240,3/24/2019,1000,83,0.01, ,0, ,1231, ,12.8, ,54.4, ,88, ,51, ,1.9, ,322, ,57.3, 
240,3/24/2019,1100,83,0.02, ,0, ,1627, ,11.4, ,56.8, ,72, ,47.9, ,2.4, ,350, ,57.3, 
240,3/24/2019,1200,83,0.02, ,0, ,1755, ,11, ,59.3, ,64, ,47, ,3.7, ,7, ,57.2, 
240,3/24/2019,1300,83,0.02, ,0, ,1753, ,11.2, ,62.5, ,58, ,47.5, ,2.4, ,320, ,57.2, 
240,3/24/2019,1400,83,0.02, ,0, ,1613, ,11, ,65, ,52, ,47.1, ,3.1, ,321, ,57.3, 
240,3/24/2019,1500,83,0.02, ,0, ,1339, ,12.3, ,70.2, ,49, ,50, ,2.2, ,305, ,57.3, 
240,3/24/2019,1600,83,0.01, ,0, ,970, ,12.8, ,72.5, ,47, ,51, ,1.2, ,332, ,57.4, 
240,3/24/2019,1700,83,0.01, ,0, ,545, ,12.7, ,71.5, ,48, ,50.8, ,3.3, ,312, ,57.6, 
240,3/24/2019,1800,83,0, ,0, ,144, ,13.3, ,67.5, ,58, ,52.1, ,1.8, ,317, ,57.7, 
240,3/24/2019,1900,83,0,R,0, ,2, ,13.5, ,63.2, ,68, ,52.6, ,1,I,317, ,57.9, 
240,3/24/2019,2000,83,0, ,0, ,0, ,12.7, ,62, ,67, ,51, ,1, ,70, ,58.1, 
240,3/24/2019,2100,83,0,R,0, ,0, ,12.6, ,60.4, ,70, ,50.6, ,1,I,84, ,58.2, 
240,3/24/2019,2200,83,0,R,0, ,0, ,12.3, ,55.3, ,82, ,50, ,1,I,260, ,58.4, 
240,3/24/2019,2300,83,0,R,0, ,0, ,13.1, ,55.1, ,88, ,51.7, ,1,I,276, ,58.4, 
240,3/24/2019,2400,83,0,R,0, ,0, ,12.1, ,52.3, ,90, ,49.5, ,1,I,266, ,58.4, 
240,3/25/2019,0100,84,0,R,0, ,0, ,11.6, ,50.8, ,92, ,48.5, ,1,I,275, ,58.4, 
240,3/25/2019,0200,84,0,R,0, ,0, ,11.4, ,48.9, ,97, ,48.1, ,1,I,287, ,58.6, 
240,3/25/2019,0300,84,0,R,0, ,0, ,12.1, ,49.6, ,100, ,49.6, ,1,I,340, ,58.8, 
240,3/25/2019,0400,84,0,R,0, ,0, ,12.9, ,50.1, ,100, ,50.1, ,1,I,276, ,58.9, 
240,3/25/2019,0500,84,0,R,0, ,0, ,13.4,R,51, ,100,R,51,R,1,I,267, ,58.9, 
240,3/25/2019,0600,84,0,R,0, ,6, ,12.2,R,48.3, ,100,R,48.3,R,1,I,9, ,58.7, 
240,3/25/2019,0700,84,0,R,0, ,174, ,11.7, ,47.4, ,100, ,47.4, ,1,I,323, ,58.6, 
240,3/25/2019,0800,84,0,R,0, ,612, ,13.4, ,51.4, ,100, ,51.4, ,1,I,22, ,58.4, 
240,3/25/2019,0900,84,0.01,R,0, ,1060, ,15.1, ,56.6, ,96, ,55.6, ,1,I,330, ,58.2, 
240,3/25/2019,1000,84,0.02,R,0, ,1417, ,14, ,62.2, ,73, ,53.6, ,1,I,2, ,58, 
240,3/25/2019,1100,84,0.02, ,0, ,1677, ,12.9, ,70.8, ,50, ,51.4, ,1, ,351, ,57.9, 
240,3/25/2019,1200,84,0.02, ,0, ,1807, ,10.5, ,77.3, ,33, ,45.9, ,1.1, ,301, ,57.9, 
240,3/25/2019,1300,84,0.02, ,0, ,1784, ,8.6, ,78, ,26, ,40.5, ,2.4, ,311, ,57.8, 
240,3/25/2019,1400,84,0.02, ,0, ,1615, ,8.9, ,79.7, ,26, ,41.6, ,2.1, ,315, ,57.9, 
240,3/25/2019,1500,84,0.02, ,0, ,1338, ,8.6, ,79.3, ,25, ,40.7, ,3.7, ,306, ,57.9, 
240,3/25/2019,1600,84,0.01, ,0, ,945, ,10.8, ,79.1, ,32, ,46.7, ,3.2, ,298, ,58, 
240,3/25/2019,1700,84,0.01, ,0, ,520, ,11.8, ,75.5, ,39, ,48.9, ,3.8, ,321, ,58.2, 
240,3/25/2019,1800,84,0, ,0, ,135, ,12.4, ,73.4, ,44, ,50.2, ,2.2, ,141, ,58.4, 
240,3/25/2019,1900,84,0, ,0, ,1, ,14.2, ,72.4, ,53, ,54, ,2.3, ,109, ,58.6, 
240,3/25/2019,2000,84,0,R,0, ,0, ,12.3, ,65.5, ,57, ,50, ,1,I,106, ,58.7, 
240,3/25/2019,2100,84,0,R,0, ,0, ,13.7, ,63.1, ,69, ,52.9, ,1,I,205, ,58.9, 
240,3/25/2019,2200,84,0,R,0, ,0, ,16.6, ,63.4,Y,83,Y,58.2,Y,1,I,273, ,59, 
240,3/25/2019,2300,84,0,R,0, ,0, ,14.2, ,57.5, ,88, ,53.9, ,1,I,253, ,59, 
240,3/25/2019,2400,84,0,R,0, ,0, ,13.7, ,55.9, ,90, ,53, ,1,I,323, ,59.1, 
240,3/26/2019,0100,85,0, ,0, ,0, ,14.1, ,55.3, ,94, ,53.7, ,1.1, ,290, ,59.1, 
240,3/26/2019,0200,85,0,R,0, ,0, ,14.6, ,55.7, ,97, ,54.8, ,1,I,36, ,59.1, 
240,3/26/2019,0300,85,0,Y,0, ,0, ,16.6, ,57.4,Y,100,Y,57.4,Y,1.6, ,257, ,59, 
240,3/26/2019,0400,85,0,R,0, ,0, ,18,R,58.8,Y,100,R,58.8,R,1.1, ,274, ,59, 
240,3/26/2019,0500,85,0, ,0, ,0, ,15.2, ,54.6, ,100, ,54.6, ,1.1, ,278, ,58.9, 
240,3/26/2019,0600,85,0, ,0, ,6, ,12.8, ,50.1, ,100, ,50.1, ,1.4, ,273, ,58.8, 
240,3/26/2019,0700,85,0, ,0, ,145, ,13.1, ,50.6, ,100, ,50.6, ,1, ,290, ,58.7, 
240,3/26/2019,0800,85,0,R,0, ,461, ,14.8, ,55.1, ,100, ,55.1, ,1,I,317, ,58.6, 
240,3/26/2019,0900,85,0.01, ,0, ,606, ,16.8, ,62.7, ,86, ,58.6, ,1, ,15, ,58.5, 
240,3/26/2019,1000,85,0.01,R,0, ,826, ,13.5, ,61.4, ,73, ,52.6, ,1,I,14, ,58.4, 
240,3/26/2019,1100,85,0.01, ,0, ,898, ,13.6, ,66.5, ,61, ,52.8, ,1, ,332, ,58.3, 
240,3/26/2019,1200,85,0.02, ,0, ,1324, ,17.5, ,75.8, ,57, ,59.8, ,1, ,299, ,58.2, 
240,3/26/2019,1300,85,0.02, ,0, ,1248, ,15.4, ,78.7, ,46, ,56.2, ,1.8, ,310, ,58.2, 
240,3/26/2019,1400,85,0.01, ,0, ,1015, ,13.3, ,77.1, ,42, ,52.1, ,1.4, ,235, ,58.3, 
240,3/26/2019,1500,85,0.01, ,0, ,1054, ,12.2, ,77.4, ,38, ,49.9, ,2.5, ,274, ,58.3, 
240,3/26/2019,1600,85,0.01, ,0, ,817, ,14.3, ,82.2, ,38, ,54.2, ,1.2, ,324, ,58.4, 
240,3/26/2019,1700,85,0.01, ,0, ,429, ,17, ,81.4, ,46, ,59, ,7.1, ,149, ,58.6, 
240,3/26/2019,1800,85,0, ,0, ,147, ,14.6, ,73.9, ,51, ,54.7, ,4.2, ,171, ,58.7, 
240,3/26/2019,1900,85,0,Y,0, ,2, ,16.9, ,74,Y,59,Y,58.8,Y,2.9, ,146, ,58.9, 
240,3/26/2019,2000,85,0,Y,0, ,0, ,14.8, ,68.6,Y,62,Y,55,Y,2.6, ,128, ,59.1, 
240,3/26/2019,2100,85,0, ,0, ,0, ,11.6, ,59.9, ,66, ,48.5, ,1.3, ,104, ,59.2, 
240,3/26/2019,2200,85,0, ,0, ,0, ,11.9, ,59.1, ,70, ,49.2, ,1.1, ,74, ,59.3, 
240,3/26/2019,2300,85,0,R,0, ,0, ,11.5, ,57.7, ,71, ,48.2, ,1,I,49, ,59.4, 
240,3/26/2019,2400,85,0,R,0, ,0, ,14, ,59.6,Y,80,Y,53.5,Y,1,I,264, ,59.4, 
240,3/27/2019,0100,86,0,R,0, ,0, ,12.3, ,55.3, ,83, ,50.1, ,1,I,281, ,59.4, 
240,3/27/2019,0200,86,0,R,0, ,0, ,15.2, ,57.7,Y,93,Y,55.8,Y,1,I,238, ,59.6, 
240,3/27/2019,0300,86,0,R,0, ,0, ,14.3, ,55.9, ,94, ,54.2, ,1,I,262, ,59.8, 
240,3/27/2019,0400,86,0,R,0, ,0, ,14, ,55.4, ,93, ,53.5, ,1,I,9, ,59.9, 
240,3/27/2019,0500,86,0,R,0, ,0, ,13, ,53, ,95, ,51.6, ,1,I,253, ,59.9, 
240,3/27/2019,0600,86,0,R,0, ,3, ,12.3, ,50.4, ,98, ,50, ,1,I,271, ,59.7, 
240,3/27/2019,0700,86,0,R,0, ,215, ,12.3, ,51.9, ,93, ,50, ,1,I,42, ,59.6, 
240,3/27/2019,0800,86,0,R,0, ,452, ,13.8, ,56.3, ,89, ,53.2, ,1,I,325, ,59.4, 
240,3/27/2019,0900,86,0.01, ,0, ,686, ,15.1, ,60.8, ,83, ,55.6, ,1.1, ,292, ,59.2, 
240,3/27/2019,1000,86,0.01, ,0, ,776, ,13.6, ,61.4, ,73, ,52.8, ,1, ,336, ,59.1, 
240,3/27/2019,1100,86,0.01, ,0, ,764, ,12.4, ,60.5, ,69, ,50.2, ,1.3, ,337, ,59, 
240,3/27/2019,1200,86,0.02, ,0, ,1402, ,11.8, ,63, ,60, ,48.9, ,1, ,40, ,58.9, 
240,3/27/2019,1300,86,0.02, ,0,Y,1600, ,11.8, ,68.6, ,49, ,49, ,1.8, ,118, ,58.9, 
240,3/27/2019,1400,86,0.02, ,0, ,1443, ,15.5, ,78.4, ,47, ,56.3, ,2.4, ,169, ,58.9, 
240,3/27/2019,1500,86,0.02, ,0, ,1218, ,17.3, ,80.5, ,49, ,59.4, ,4.2, ,290, ,58.9, 
240,3/27/2019,1600,86,0.01, ,0, ,715, ,16.5, ,77.2, ,52, ,58.1, ,5.4, ,303, ,59, 
240,3/27/2019,1700,86,0.01, ,0, ,515, ,17.2, ,75.4, ,57, ,59.3, ,10.7, ,313, ,59.1, 
240,3/27/2019,1800,86,0, ,0, ,191, ,18.2, ,73.6, ,64, ,60.8, ,9.9, ,314, ,59.3, 
240,3/27/2019,1900,86,0, ,0, ,2, ,14.1, ,64.7, ,68, ,53.8, ,3, ,317, ,59.4, 
240,3/27/2019,2000,86,0, ,0, ,0, ,12.8, ,61.1, ,70, ,51.2, ,1.5, ,280, ,59.5, 
240,3/27/2019,2100,86,0, ,0, ,0, ,12.4, ,58.9, ,73, ,50.3, ,1.2, ,20, ,59.6, 
240,3/27/2019,2200,86,0,R,0, ,0, ,12.8, ,56.2, ,83, ,51.1, ,1,I,32, ,59.7, 
240,3/27/2019,2300,86,0,R,0, ,0, ,13.1, ,55, ,89, ,51.7, ,1,I,343, ,59.7, 
240,3/27/2019,2400,86,0,R,0, ,0, ,13.9, ,55.1, ,93, ,53.3, ,1,I,344, ,59.7, 
240,3/28/2019,0100,87,0,R,0, ,0, ,18, ,60.2,Y,100,Y,60.2,Y,1,I,286, ,59.7, 
240,3/28/2019,0200,87,0,R,0, ,0, ,14.6, ,54.2, ,100, ,54.2, ,1,I,259, ,59.6, 
240,3/28/2019,0300,87,0,R,0, ,0, ,14.3, ,53.1, ,100, ,53.1, ,1,I,240, ,59.6, 
240,3/28/2019,0400,87,0,R,0, ,0, ,14.1, ,52.7, ,100, ,52.7, ,1,I,229, ,59.5, 
240,3/28/2019,0500,87,0,R,0, ,0, ,14.3, ,53, ,100, ,53, ,1,I,218, ,59.5, 
240,3/28/2019,0600,87,0,R,0, ,6, ,14.5,R,53.1, ,100,R,53.1,R,1,I,343, ,59.4, 
240,3/28/2019,0700,87,0,R,0, ,170, ,15.7,R,55.1, ,100,R,55.1,R,1,I,255, ,59.3, 
240,3/28/2019,0800,87,0,R,0, ,547, ,17.7, ,58.6, ,100, ,58.6, ,1,I,279, ,59.2, 
240,3/28/2019,0900,87,0.01,R,0, ,1015, ,17.2, ,60.3, ,96, ,59.2, ,1,I,301, ,59.1, 
240,3/28/2019,1000,87,0.01,R,0, ,1212, ,13.8, ,60.3, ,77, ,53.1, ,1,I,84, ,59.1, 
240,3/28/2019,1100,87,0.01, ,0, ,944, ,12.2, ,60.6, ,68, ,49.8, ,3.1, ,13, ,59, 
240,3/28/2019,1200,87,0.02, ,0, ,1350, ,12.2, ,63.1, ,62, ,49.9, ,3.8, ,351, ,58.9, 
240,3/28/2019,1300,87,0.01, ,0, ,1125, ,12.3, ,65.5, ,57, ,50, ,3.7, ,314, ,58.9, 
240,3/28/2019,1400,87,0.02, ,0, ,1317, ,11.2, ,66.8, ,50, ,47.4, ,4.8, ,13, ,59, 
240,3/28/2019,1500,87,0.02, ,0, ,1118, ,11.6, ,70, ,46, ,48.6, ,5.4, ,329, ,59, 
240,3/28/2019,1600,87,0.01, ,0, ,855, ,11.5, ,69.9, ,46, ,48.2, ,6.7, ,325, ,59.2, 
240,3/28/2019,1700,87,0.01, ,0, ,517, ,11.7, ,68.5, ,49, ,48.7, ,9.9, ,325, ,59.3, 
240,3/28/2019,1800,87,0, ,0, ,159, ,11.7, ,64, ,57, ,48.6, ,9.4, ,319, ,59.4, 
240,3/28/2019,1900,87,0, ,0, ,2, ,10.4, ,58.9, ,61, ,45.5, ,5.1, ,330, ,59.5, 
240,3/28/2019,2000,87,0, ,0, ,0, ,9.5, ,56.1, ,62, ,43.2, ,1.5, ,316, ,59.6, 
240,3/28/2019,2100,87,0, ,0, ,0, ,9.9, ,55.1, ,67, ,44.2, ,1.3, ,92, ,59.7, 
240,3/28/2019,2200,87,0, ,0, ,0, ,10.8, ,54.2, ,75, ,46.5, ,4.2, ,118, ,59.7, 
240,3/28/2019,2300,87,0, ,0, ,0, ,10.8, ,53.3, ,78, ,46.6, ,4.1, ,140, ,59.7, 
240,3/28/2019,2400,87,0, ,0, ,0, ,11.8, ,52.6, ,87, ,49, ,1.4, ,246, ,59.7, 
240,3/29/2019,0100,88,0, ,0, ,0, ,12.6, ,52.7, ,93, ,50.8, ,1.2, ,238, ,59.7, 
240,3/29/2019,0200,88,0,R,0, ,0, ,10.9, ,48.3, ,94, ,46.8, ,1,I,245, ,59.8, 
240,3/29/2019,0300,88,0,R,0, ,0, ,10.4, ,46.6, ,96, ,45.6, ,1,I,276, ,60, 
240,3/29/2019,0400,88,0,R,0, ,0, ,10.7, ,46.4, ,100, ,46.3, ,1,I,268, ,60.1, 
240,3/29/2019,0500,88,0,R,0, ,0, ,10.3, ,45.1, ,100, ,45.1, ,1,I,291, ,60.1, 
240,3/29/2019,0600,88,0, ,0, ,9, ,9.9, ,43.8, ,100, ,43.8, ,1.3, ,226, ,59.9, 
240,3/29/2019,0700,88,0, ,0, ,232, ,11.9, ,48.9, ,100, ,48.9, ,3.2, ,137, ,59.7, 
240,3/29/2019,0800,88,0.01, ,0, ,633, ,13.6, ,55.7, ,89, ,52.7, ,4.5, ,145, ,59.6, 
240,3/29/2019,0900,88,0.01, ,0, ,968, ,13.6, ,60, ,77, ,52.7, ,2.6, ,165, ,59.4, 
240,3/29/2019,1000,88,0.01, ,0, ,1275, ,9.9, ,59.1, ,58, ,44.2, ,2.9, ,182, ,59.3, 
240,3/29/2019,1100,88,0.02, ,0, ,1470, ,10.6, ,64.1, ,52, ,46, ,3.8, ,151, ,59.1, 
240,3/29/2019,1200,88,0.02, ,0, ,1520, ,10.2, ,67.7, ,44, ,45, ,4.6, ,181, ,59.1, 
240,3/29/2019,1300,88,0.02, ,0, ,1493, ,9.7, ,70.9, ,38, ,43.8, ,2.7, ,281, ,59, 
240,3/29/2019,1400,88,0.02, ,0, ,1365, ,10.4, ,74, ,36, ,45.6, ,3.9, ,294, ,59, 
240,3/29/2019,1500,88,0.02, ,0, ,1119, ,14.1, ,81.7, ,38, ,53.7, ,1.7, ,312, ,59.1, 
240,3/29/2019,1600,88,0.01, ,0, ,817, ,14.7, ,81.6, ,40, ,54.8, ,3.3, ,304, ,59.1, 
240,3/29/2019,1700,88,0.01, ,0, ,422, ,17.2, ,80.3, ,49, ,59.3, ,5.7, ,320, ,59.3, 
240,3/29/2019,1800,88,0, ,0, ,130, ,17.1, ,73.7, ,60, ,59.1, ,5.5, ,319, ,59.4, 
240,3/29/2019,1900,88,0, ,0, ,2, ,13, ,64.9, ,62, ,51.6, ,5.1, ,335, ,59.5, 
240,3/29/2019,2000,88,0, ,0, ,0, ,10, ,57.7, ,62, ,44.6, ,2.1, ,2, ,59.6, 
240,3/29/2019,2100,88,0, ,0, ,0, ,9.1, ,56.6, ,58, ,42, ,2.3, ,19, ,59.7, 
240,3/29/2019,2200,88,0,R,0, ,0, ,8.9, ,55.6, ,59, ,41.6, ,1,I,41, ,59.8, 
240,3/29/2019,2300,88,0,R,0, ,0, ,11.6, ,56.6, ,74, ,48.5, ,1,I,244, ,59.8, 
240,3/29/2019,2400,88,0,R,0, ,0, ,11.7, ,54.2, ,81, ,48.6, ,1,I,306, ,59.8, 
240,3/30/2019,0100,89,0,R,0, ,0, ,13.7, ,57.3,Y,85,Y,53,Y,1,I,35, ,59.8, 
240,3/30/2019,0200,89,0,R,0, ,0, ,12.9, ,53.9, ,91, ,51.4, ,1,I,306, ,59.9, 
240,3/30/2019,0300,89,0,R,0, ,0, ,11.3, ,50.3, ,91, ,47.7, ,1,I,20, ,60.1, 
240,3/30/2019,0400,89,0,R,0, ,0, ,10.4, ,47.5, ,93, ,45.7, ,1,I,294, ,60.2, 
240,3/30/2019,0500,89,0,R,0, ,0, ,10.5, ,46.9, ,96, ,45.9, ,1,I,319, ,60.2, 
240,3/30/2019,0600,89,0,R,0, ,9, ,10.6, ,46.8, ,98, ,46.2, ,1,I,278, ,60, 
240,3/30/2019,0700,89,0, ,0, ,229, ,11.9, ,49.2, ,99, ,49, ,1.1, ,260, ,59.8, 
240,3/30/2019,0800,89,0.01, ,0, ,622, ,13, ,54.4, ,90, ,51.5, ,1.2, ,7, ,59.7, 
240,3/30/2019,0900,89,0.01, ,0, ,967, ,14.4, ,61.3, ,78, ,54.4, ,1.2, ,357, ,59.5, 
240,3/30/2019,1000,89,0.02, ,0, ,1282, ,12.8, ,67.1, ,57, ,51.2, ,1.3, ,187, ,59.3, 
240,3/30/2019,1100,89,0.02, ,0, ,1512, ,13.2, ,77, ,42, ,52, ,1.7, ,290, ,59.2, 
240,3/30/2019,1200,89,0.02, ,0, ,1629, ,10.1, ,77.3, ,31, ,44.7, ,1.4, ,314, ,59.1, 
240,3/30/2019,1300,89,0.02, ,0, ,1619, ,8.4, ,80.6, ,24, ,40.2, ,3.2, ,333, ,59.1, 
240,3/30/2019,1400,89,0.02, ,0, ,1489, ,8.1, ,82.5, ,21, ,38.9, ,3.9, ,338, ,59.1, 
240,3/30/2019,1500,89,0.02, ,0, ,1227, ,7.3, ,82.9, ,19, ,36.6, ,4.2, ,347, ,59.2, 
240,3/30/2019,1600,89,0.01, ,0, ,951, ,7.6, ,83, ,20, ,37.6, ,4, ,20, ,59.2, 
240,3/30/2019,1700,89,0.01, ,0, ,565, ,9.1, ,81.9, ,24, ,42, ,5.2, ,343, ,59.4, 
240,3/30/2019,1800,89,0,Y,0, ,165, ,9.1, ,79.7,Y,26,Y,42.2,Y,3.3, ,350, ,59.5, 
240,3/30/2019,1900,89,0,Y,0, ,3, ,11.3, ,74.5,Y,39,Y,47.8,Y,3.2, ,354, ,59.6, 
240,3/30/2019,2000,89,0,R,0, ,0, ,10.7, ,71.2,Y,41,Y,46.4,Y,1,I,64, ,59.7, 
240,3/30/2019,2100,89,0,Y,0, ,0, ,10.8, ,68.5,Y,45,Y,46.6,Y,1.5, ,48, ,59.8, 
240,3/30/2019,2200,89,0,R,0, ,0, ,10.9, ,63.4,Y,55,Y,46.8,Y,1,I,49, ,59.9, 
240,3/30/2019,2300,89,0,R,0, ,0, ,13.6, ,64.1,R,67,R,52.7,R,1,I,282, ,59.9, 
240,3/30/2019,2400,89,0,Y,0, ,0, ,11.8, ,60.7,Y,65,Y,48.8,Y,1.1, ,7, ,59.9, 
240,3/31/2019,0100,90,0,Y,0, ,0, ,12.4, ,58.2,Y,75,Y,50.3,Y,1.3, ,3, ,59.9, 
240,3/31/2019,0200,90,0,R,0, ,0, ,15, ,61.2,Y,81,Y,55.4,Y,1,I,336, ,60.1, 
240,3/31/2019,0300,90,0,R,0, ,0, ,12.5, ,55.6, ,83, ,50.5, ,1,I,267, ,60.3, 
240,3/31/2019,0400,90,0,R,0, ,0, ,10.6, ,51.3, ,82, ,46.1, ,1,I,275, ,60.4, 
240,3/31/2019,0500,90,0,R,0, ,0, ,11.6, ,52.3, ,87, ,48.5, ,1,I,290, ,60.4, 
240,3/31/2019,0600,90,0,R,0, ,10, ,11.8, ,52.2, ,88, ,48.8, ,1,I,328, ,60.2, 
240,3/31/2019,0700,90,0,R,0, ,236, ,11.9, ,53.2, ,86, ,49.2, ,1,I,6, ,60, 
240,3/31/2019,0800,90,0.01,R,0, ,621, ,13.9, ,60.6, ,77, ,53.4, ,1,I,272, ,59.9, 
240,3/31/2019,0900,90,0.01,R,0, ,978, ,12.2, ,66.1, ,56, ,49.7, ,1,I,20, ,59.7, 
240,3/31/2019,1000,90,0.02,Y,0, ,1287, ,16.4, ,82.3,Y,44,Y,57.9,Y,1.1, ,238, ,59.6, 
240,3/31/2019,1100,90,0.02, ,0, ,1512, ,12.7, ,81, ,35, ,51, ,1.4, ,269, ,59.4, 
240,3/31/2019,1200,90,0.02, ,0, ,1621, ,10.3, ,79.9, ,30, ,45.3, ,1.8, ,308, ,59.4, 
240,3/31/2019,1300,90,0.02, ,0, ,1615, ,11, ,83.7, ,28, ,47.1, ,1.8, ,322, ,59.3, 
240,3/31/2019,1400,90,0.02, ,0, ,1485, ,9.9, ,84.8, ,24, ,44.3, ,3.7, ,1, ,59.4, 
240,3/31/2019,1500,90,0.02, ,0, ,1231, ,8.8, ,84, ,22, ,41.3, ,4.7, ,352, ,59.4, 
240,3/31/2019,1600,90,0.02, ,0, ,889, ,8.9, ,83.7, ,23, ,41.5, ,6.2, ,350, ,59.5, 
240,3/31/2019,1700,90,0.01, ,0, ,511, ,9.9, ,81.7, ,27, ,44.2, ,1.5, ,6, ,59.6, 
240,3/31/2019,1800,90,0, ,0, ,141, ,12.8, ,78.4, ,38, ,51, ,2, ,36, ,59.8, 
240,3/31/2019,1900,90,0,Y,0, ,1, ,13.1, ,76.2,Y,43,Y,51.8,Y,1.7, ,40, ,59.9, 
240,3/31/2019,2000,90,0,Y,0, ,0, ,10.4, ,72.2,Y,39,Y,45.6,Y,1.5, ,43, ,60, 
240,3/31/2019,2100,90,0,R,0, ,0, ,8.7, ,63.8, ,43, ,41, ,1,I,67, ,60.2, 
240,3/31/2019,2200,90,0,R,0, ,0, ,12.3, ,65.9,R,57,R,50.1,R,1,I,263, ,60.2, 
240,3/31/2019,2300,90,0,A,0, ,0, ,15.8,Q,--,S,--,Q,--,Q,1,I,314, ,60.3, 
240,3/31/2019,2400,90,0,R,0, ,0, ,12.2, ,60.8,Y,67,Y,49.8,Y,1,I,324, ,60.3, 
240,4/1/2019,0100,91,0,R,0, ,0, ,15.1, ,64.4,R,73,R,55.7,R,1,I,303, ,60.3, 
240,4/1/2019,0200,91,0,R,0, ,0, ,13.5, ,59.7,Y,77,Y,52.5,Y,1,I,302, ,60.4, 
240,4/1/2019,0300,91,0,R,0, ,0, ,11.5, ,54.9, ,78, ,48.2, ,1,I,285, ,60.6, 
240,4/1/2019,0400,91,0,R,0, ,0, ,10.4, ,52, ,78, ,45.5, ,1,I,266, ,60.8, 
240,4/1/2019,0500,91,0,R,0, ,0, ,10.3, ,52.5, ,77, ,45.4, ,1,I,280, ,60.8, 
240,4/1/2019,0600,91,0,R,0, ,13, ,10.7, ,53, ,78, ,46.4, ,1,I,318, ,60.6, 
240,4/1/2019,0700,91,0,R,0, ,154, ,11.2, ,53.4, ,80, ,47.5, ,1,I,292, ,60.4, 
240,4/1/2019,0800,91,0,R,0, ,471, ,13.3, ,62.7,Y,68,Y,52.2,Y,1,I,232, ,60.3, 
240,4/1/2019,0900,91,0.01, ,0, ,811, ,11.8, ,66.1, ,54, ,48.9, ,1, ,266, ,60.1, 
240,4/1/2019,1000,91,0.01,Y,0, ,1137, ,16.8, ,78.6,Y,50,Y,58.6,Y,1, ,335, ,60, 
240,4/1/2019,1100,91,0.02,R,0, ,1380, ,12.4, ,80.1, ,35, ,50.3, ,1,I,309, ,59.9, 
240,4/1/2019,1200,91,0.02,R,0, ,1633, ,11.1, ,85, ,27, ,47.3, ,1,I,307, ,59.8, 
240,4/1/2019,1300,91,0.02, ,0, ,1627, ,9, ,83.4, ,23, ,41.7, ,1.9, ,276, ,59.8, 
240,4/1/2019,1400,91,0.02,R,0, ,1442, ,8.9, ,83.2, ,23, ,41.4, ,1,I,345, ,59.8, 
240,4/1/2019,1500,91,0.02, ,0, ,1233, ,8.9, ,83.2, ,23, ,41.6, ,4.3, ,230, ,59.9, 
240,4/1/2019,1600,91,0.02, ,0, ,894, ,8.9, ,81.9, ,24, ,41.4, ,6.9, ,224, ,60, 
240,4/1/2019,1700,91,0.01, ,0, ,460, ,9.6, ,78.5, ,29, ,43.4, ,7.2, ,239, ,60.2, 
240,4/1/2019,1800,91,0, ,0, ,148, ,11.4, ,78.3, ,35, ,48.1, ,3.4, ,232, ,60.3, 
240,4/1/2019,1900,91,0,Y,0, ,3, ,12.2, ,77.1,Y,38,Y,49.8,Y,4.8, ,121, ,60.5, 
240,4/1/2019,2000,91,0,Y,0, ,0, ,10.1, ,73.1,Y,36,Y,44.7,Y,7.6, ,130, ,60.7, 
240,4/1/2019,2100,91,0,Y,0, ,0, ,10.8, ,70.6,Y,42,Y,46.6,Y,3.4, ,151, ,60.8, 
240,4/1/2019,2200,91,0,R,0, ,0, ,13.9, ,68.2,R,59,R,53.4,R,1,I,255, ,60.9, 
240,4/1/2019,2300,91,0,Y,0, ,0, ,12.6, ,63.7,Y,62,Y,50.6,Y,1, ,248, ,60.9, 
240,4/1/2019,2400,91,0,R,0, ,0, ,14.2, ,62.8,Y,73,Y,53.9,Y,1,I,279, ,60.9, 
240,4/2/2019,0100,92,0,R,0, ,0, ,15.8, ,64.2,R,77,R,56.9,R,1,I,289, ,60.9, 
240,4/2/2019,0200,92,0,R,0, ,0, ,13.3, ,58.3,Y,80,Y,52.1,Y,1,I,307, ,60.9, 
240,4/2/2019,0300,92,0,R,0, ,0, ,11.1, ,53.6, ,79, ,47.4, ,1,I,297, ,60.8, 
240,4/2/2019,0400,92,0, ,0, ,0, ,11.3, ,53.6, ,81, ,47.8, ,1, ,341, ,60.8, 
240,4/2/2019,0500,92,0,R,0, ,0, ,11.7, ,54.8, ,80, ,48.7, ,1,I,337, ,60.7, 
240,4/2/2019,0600,92,0,R,0, ,8, ,11.2, ,52.1, ,85, ,47.6, ,1,I,258, ,60.6, 
240,4/2/2019,0700,92,0,R,0, ,166, ,11.5, ,52.8, ,84, ,48.2, ,1,I,296, ,60.5, 
240,4/2/2019,0800,92,0.01,R,0, ,612, ,15.1, ,62, ,79, ,55.6, ,1,I,271, ,60.4, 
240,4/2/2019,0900,92,0.01, ,0, ,963, ,11.3, ,65.3, ,53, ,47.7, ,4.3, ,176, ,60.3, 
240,4/2/2019,1000,92,--,M,--,M,--,M,--,M,--,M,--,M,--,M,--,M,--,M,--,M
240,4/2/2019,1100,92,--,M,--,M,--,M,--,M,--,M,--,M,--,M,--,M,--,M,--,M
240,4/2/2019,1200,92,--,M,--,M,--,M,--,M,--,M,--,M,--,M,--,M,--,M,--,M
240,4/2/2019,1300,92,--,M,--,M,--,M,--,M,--,M,--,M,--,M,--,M,--,M,--,M
240,4/2/2019,1400,92,--,M,--,M,--,M,--,M,--,M,--,M,--,M,--,M,--,M,--,M
240,4/2/2019,1500,92,--,M,--,M,--,M,--,M,--,M,--,M,--,M,--,M,--,M,--,M
240,4/2/2019,1600,92,--,M,--,M,--,M,--,M,--,M,--,M,--,M,--,M,--,M,--,M
240,4/2/2019,1700,92,--,M,--,M,--,M,--,M,--,M,--,M,--,M,--,M,--,M,--,M
240,4/2/2019,1800,92,--,M,--,M,--,M,--,M,--,M,--,M,--,M,--,M,--,M,--,M
240,4/2/2019,1900,92,--,M,--,M,--,M,--,M,--,M,--,M,--,M,--,M,--,M,--,M
240,4/2/2019,2000,92,--,M,--,M,--,M,--,M,--,M,--,M,--,M,--,M,--,M,--,M
240,4/2/2019,2100,92,--,M,--,M,--,M,--,M,--,M,--,M,--,M,--,M,--,M,--,M
240,4/2/2019,2200,92,--,M,--,M,--,M,--,M,--,M,--,M,--,M,--,M,--,M,--,M
240,4/2/2019,2300,92,--,M,--,M,--,M,--,M,--,M,--,M,--,M,--,M,--,M,--,M
240,4/2/2019,2400,92,--,M,--,M,--,M,--,M,--,M,--,M,--,M,--,M,--,M,--,M
240,4/3/2019,0100,93,--,M,--,M,--,M,--,M,--,M,--,M,--,M,--,M,--,M,--,M
240,4/3/2019,0200,93,--,M,--,M,--,M,--,M,--,M,--,M,--,M,--,M,--,M,--,M
240,4/3/2019,0300,93,--,M,--,M,--,M,--,M,--,M,--,M,--,M,--,M,--,M,--,M
240,4/3/2019,0400,93,--,M,--,M,--,M,--,M,--,M,--,M,--,M,--,M,--,M,--,M
240,4/3/2019,0500,93,--,M,--,M,--,M,--,M,--,M,--,M,--,M,--,M,--,M,--,M
240,4/3/2019,0600,93,--,M,--,M,--,M,--,M,--,M,--,M,--,M,--,M,--,M,--,M
240,4/3/2019,0700,93,--,M,--,M,--,M,--,M,--,M,--,M,--,M,--,M,--,M,--,M
240,4/3/2019,0800,93,--,M,--,M,--,M,--,M,--,M,--,M,--,M,--,M,--,M,--,M
240,4/3/2019,0900,93,0.01, ,0, ,958, ,13.4, ,59.5, ,77, ,52.3, ,6.1, ,174, ,59.4, 
240,4/3/2019,1000,93,0.02, ,0, ,1503, ,13, ,61.2, ,71, ,51.6, ,5.5, ,171, ,59.8, 
240,4/3/2019,1100,93,0.01, ,0, ,752, ,11.4, ,60.9, ,63, ,48, ,5.6, ,157, ,60.3, 
240,4/3/2019,1200,93,0.01, ,0, ,797, ,11.6, ,61.4, ,62, ,48.4, ,6.5, ,183, ,60.2, 
240,4/3/2019,1300,93,0.02, ,0, ,1264, ,11.9, ,63, ,60, ,49.1, ,5.5, ,211, ,60.2, 
240,4/3/2019,1400,93,0.01, ,0.03, ,1031, ,12.3, ,64.7, ,59, ,50, ,4.3, ,254, ,60.3, 
240,4/3/2019,1500,93,0.02, ,0, ,1387, ,15.3, ,71.4, ,58, ,56, ,1.9, ,293, ,60.3, 
240,4/3/2019,1600,93,0, ,0, ,222, ,15.4, ,71, ,59, ,56.1, ,1, ,313, ,60.4, 
240,4/3/2019,1700,93,0, ,0, ,246, ,16.1, ,69.8, ,65, ,57.4, ,3.7, ,190, ,60.4, 
240,4/3/2019,1800,93,0, ,0, ,58, ,15.8, ,68.4, ,67, ,56.9, ,2.9, ,185, ,60.5, 
240,4/3/2019,1900,93,0, ,0, ,2, ,14.3, ,63.9, ,71, ,54.1, ,4.2, ,189, ,60.6, 
240,4/3/2019,2000,93,0, ,0, ,0, ,12.7, ,60.4, ,71, ,51, ,1.8, ,115, ,60.7, 
240,4/3/2019,2100,93,0, ,0, ,0, ,12.1, ,57.7, ,74, ,49.6, ,5.2, ,131, ,60.8, 
240,4/3/2019,2200,93,0, ,0, ,0, ,12, ,57.1, ,76, ,49.5, ,5.2, ,134, ,60.8, 
240,4/3/2019,2300,93,0, ,0, ,0, ,11.8, ,55, ,80, ,48.9, ,6.6, ,132, ,60.9, 
240,4/3/2019,2400,93,0, ,0, ,0, ,11.6, ,53.9, ,82, ,48.4, ,4.5, ,124, ,60.9, 
240,4/4/2019,0100,94,0, ,0, ,0, ,11.5, ,53.5, ,82, ,48.1, ,1.5, ,165, ,60.8, 
240,4/4/2019,0200,94,0,R,0, ,0, ,13.3, ,55.3, ,89, ,52.1, ,1,I,234, ,60.8, 
240,4/4/2019,0300,94,0, ,0, ,0, ,15, ,57.9, ,91, ,55.4, ,1, ,169, ,60.8, 
240,4/4/2019,0400,94,0,R,0, ,0, ,14.5, ,56.8, ,92, ,54.5, ,1,I,40, ,60.7, 
240,4/4/2019,0500,94,0,R,0, ,0, ,15.7, ,57.9,Y,96,Y,56.6,Y,1,I,32, ,60.7, 
240,4/4/2019,0600,94,0,Y,0, ,4, ,15.8, ,58.1,Y,96,Y,56.9,Y,1.1, ,188, ,60.6, 
240,4/4/2019,0700,94,0,Y,0, ,73, ,15.9, ,58.9,Y,94,Y,57.1,Y,4, ,143, ,60.5, 
240,4/4/2019,0800,94,0, ,0, ,256, ,15.5, ,58.9, ,91, ,56.3, ,2.5, ,166, ,60.5, 
240,4/4/2019,0900,94,0.01, ,0, ,574, ,14.2, ,58.6, ,84, ,53.9, ,2.4, ,159, ,60.4, 
240,4/4/2019,1000,94,0.01, ,0, ,890, ,12.6, ,58.2, ,76, ,50.7, ,5, ,173, ,60.3, 
240,4/4/2019,1100,94,0.01, ,0, ,959, ,11.2, ,58.8, ,66, ,47.6, ,5.5, ,176, ,60.3, 
240,4/4/2019,1200,94,0.01, ,0, ,1270, ,11, ,60.7, ,61, ,47.1, ,4.5, ,176, ,60.2, 
240,4/4/2019,1300,94,0.01, ,0, ,850, ,11, ,63, ,56, ,47.1, ,2.8, ,192, ,60.2, 
240,4/4/2019,1400,94,0, ,0, ,429, ,10.9, ,63, ,56, ,46.9, ,1.2, ,293, ,60.3, 
240,4/4/2019,1500,94,0.01, ,0, ,683, ,11.1, ,64.3, ,54, ,47.4, ,4.1, ,192, ,60.3, 
240,4/4/2019,1600,94,0.01, ,0, ,354, ,11.9, ,63.6, ,59, ,49.2, ,9.6, ,185, ,60.4, 
240,4/4/2019,1700,94,0.01, ,0, ,283, ,11.2, ,61.8, ,59, ,47.4, ,9.7, ,221, ,60.5, 
240,4/4/2019,1800,94,0, ,0, ,83, ,10.6, ,58.1, ,64, ,46.2, ,6.8, ,235, ,60.5, 
240,4/4/2019,1900,94,0, ,0, ,2, ,10.1, ,56.7, ,64, ,44.9, ,1, ,228, ,60.6, 
240,4/4/2019,2000,94,0, ,0, ,0, ,10, ,56.5, ,64, ,44.5, ,2, ,179, ,60.7, 
240,4/4/2019,2100,94,0, ,0, ,0, ,10, ,55.5, ,66, ,44.4, ,4.8, ,157, ,60.7, 
240,4/4/2019,2200,94,0, ,0, ,0, ,10.2, ,53.5, ,73, ,45, ,4.3, ,151, ,60.7, 
240,4/4/2019,2300,94,0, ,0, ,0, ,10.3, ,52.5, ,76, ,45.3, ,2.6, ,148, ,60.7, 
240,4/4/2019,2400,94,0, ,0, ,0, ,10.9, ,52.3, ,81, ,46.7, ,3.4, ,110, ,60.7, 
240,4/5/2019,0100,95,0, ,0, ,0, ,11.2, ,52.1, ,84, ,47.5, ,4, ,105, ,60.6, 
240,4/5/2019,0200,95,0, ,0, ,0, ,11.2, ,51.7, ,86, ,47.6, ,4.2, ,129, ,60.7, 
240,4/5/2019,0300,95,0, ,0, ,0, ,12.3, ,53, ,90, ,50.1, ,1.2, ,52, ,60.8, 
240,4/5/2019,0400,95,0,R,0, ,0, ,13.6, ,54.6, ,93, ,52.7, ,1,I,323, ,60.9, 
240,4/5/2019,0500,95,0,R,0, ,0, ,14, ,54.8, ,96, ,53.6, ,1,I,274, ,60.9, 
240,4/5/2019,0600,95,0, ,0, ,23, ,14.1, ,55.5, ,94, ,53.8, ,2, ,127, ,60.8, 
240,4/5/2019,0700,95,0, ,0, ,274, ,13.9, ,56.6, ,89, ,53.4, ,1.7, ,153, ,60.7, 
240,4/5/2019,0800,95,0, ,0, ,270, ,13.6, ,56.4, ,87, ,52.8, ,1.1, ,336, ,60.6, 
240,4/5/2019,0900,95,0.01, ,0, ,932, ,12.8, ,57.6, ,79, ,51.1, ,1, ,67, ,60.5, 
240,4/5/2019,1000,95,0.01, ,0, ,643, ,11.3, ,57.1, ,71, ,47.7, ,1.5, ,178, ,60.4, 
240,4/5/2019,1100,95,0, ,0, ,389, ,10.4, ,57.1, ,65, ,45.7, ,1.4, ,293, ,60.3, 
240,4/5/2019,1200,95,0.01, ,0, ,944, ,10.6, ,58.9, ,62, ,46, ,3.2, ,297, ,60.3, 
240,4/5/2019,1300,95,0.01, ,0, ,1245, ,10.7, ,61.4, ,57, ,46.2, ,1.5, ,121, ,60.3, 
240,4/5/2019,1400,95,0.01, ,0, ,574, ,10.5, ,61.5, ,56, ,45.9, ,3, ,176, ,60.3, 
240,4/5/2019,1500,95,0.01, ,0, ,527, ,10.9, ,62, ,57, ,46.7, ,3.6, ,194, ,60.3, 
240,4/5/2019,1600,95,0, ,0, ,121, ,11.4, ,61.1, ,62, ,47.9, ,5.3, ,178, ,60.3, 
240,4/5/2019,1700,95,0, ,0, ,132, ,11.1, ,60.8, ,61, ,47.2, ,4.8, ,354, ,60.4, 
240,4/5/2019,1800,95,0, ,0, ,97, ,10.6, ,59.7, ,61, ,46.1, ,8.3, ,332, ,60.4, 
240,4/5/2019,1900,95,0, ,0, ,2, ,10.9, ,57.8, ,67, ,46.7, ,7.6, ,324, ,60.4, 
240,4/5/2019,2000,95,0, ,0, ,0, ,10.8, ,55.7, ,71, ,46.6, ,7.5, ,333, ,60.5, 
240,4/5/2019,2100,95,0, ,0, ,0, ,10.7, ,53.4, ,77, ,46.3, ,3.1, ,318, ,60.5, 
240,4/5/2019,2200,95,0,R,0, ,0, ,10.7, ,52.5, ,79, ,46.2, ,1,I,335, ,60.5, 
240,4/5/2019,2300,95,0, ,0, ,0, ,11.2, ,52.3, ,84, ,47.6, ,2.2, ,4, ,60.5, 
240,4/5/2019,2400,95,0, ,0, ,0, ,11.2, ,51.3, ,87, ,47.6, ,1.1, ,313, ,60.4, 
240,4/6/2019,0100,96,0, ,0, ,0, ,11.3, ,51, ,89, ,47.9, ,1, ,8, ,60.4, 
240,4/6/2019,0200,96,0,R,0, ,0, ,11.3, ,50.7, ,90, ,47.9, ,1,I,218, ,60.5, 
240,4/6/2019,0300,96,0,R,0, ,0, ,12.1, ,51.4, ,93, ,49.6, ,1,I,255, ,60.6, 
240,4/6/2019,0400,96,0,R,0, ,0, ,12.9, ,53.3, ,93, ,51.4, ,1,I,165, ,60.7, 
240,4/6/2019,0500,96,0, ,0, ,0, ,12.8, ,53.7, ,91, ,51.1, ,2.5, ,129, ,60.7, 
240,4/6/2019,0600,96,0, ,0, ,16, ,12.7, ,52.7, ,94, ,50.9, ,2.9, ,159, ,60.6, 
240,4/6/2019,0700,96,0,R,0, ,257, ,12.8, ,52.9, ,93, ,51, ,1,I,213, ,60.4, 
240,4/6/2019,0800,96,0,R,0, ,528, ,13, ,54.3, ,90, ,51.5, ,1,I,263, ,60.3, 
240,4/6/2019,0900,96,0.01,R,0, ,887, ,11.8, ,55.6, ,78, ,48.9, ,1,I,333, ,60.2, 
240,4/6/2019,1000,96,0.02, ,0, ,1576, ,11.6, ,57.8, ,71, ,48.4, ,2.6, ,333, ,60.1, 
240,4/6/2019,1100,96,0.02, ,0, ,1654, ,12.1, ,60.6, ,67, ,49.6, ,2.8, ,11, ,60, 
240,4/6/2019,1200,96,0.02, ,0, ,1768, ,14.2, ,66.6, ,64, ,53.9, ,1.7, ,91, ,60, 
240,4/6/2019,1300,96,0.02, ,0, ,1797, ,18, ,75, ,61, ,60.5, ,3.7, ,344, ,60, 
240,4/6/2019,1400,96,0.02, ,0, ,1644, ,14.9, ,73.7, ,52, ,55.2, ,2.7, ,295, ,60, 
240,4/6/2019,1500,96,0.02, ,0, ,1374, ,13.2, ,73.8, ,46, ,52, ,6, ,328, ,60.1, 
240,4/6/2019,1600,96,0.02, ,0, ,1024, ,14, ,73, ,51, ,53.5, ,11.1, ,333, ,60.2, 
240,4/6/2019,1700,96,0.01, ,0, ,562, ,13.9, ,71.3, ,53, ,53.4, ,7.9, ,319, ,60.3, 
240,4/6/2019,1800,96,0, ,0, ,206, ,14.8, ,70, ,59, ,55.1, ,7.3, ,322, ,60.5, 
240,4/6/2019,1900,96,0, ,0, ,4, ,16.8, ,69.1, ,69, ,58.5, ,5.2, ,61, ,60.6, 
240,4/6/2019,2000,96,0, ,0, ,0, ,18, ,67.6, ,78, ,60.6, ,4.8, ,144, ,60.7, 
240,4/6/2019,2100,96,0, ,0, ,0, ,15.1, ,61.4, ,81, ,55.6, ,3.7, ,129, ,60.8, 
240,4/6/2019,2200,96,0, ,0, ,0, ,13.5, ,57.9, ,82, ,52.5, ,2.8, ,123, ,60.9, 
240,4/6/2019,2300,96,0, ,0, ,0, ,12.9, ,56.3, ,84, ,51.4, ,2.2, ,153, ,60.9, 
240,4/6/2019,2400,96,0, ,0, ,0, ,13.8, ,55.8, ,90, ,53.1, ,1.3, ,212, ,60.9, 
240,4/7/2019,0100,97,0, ,0, ,0, ,13.6, ,54.3, ,94, ,52.7, ,1.4, ,279, ,60.9, 
240,4/7/2019,0200,97,0, ,0, ,0, ,13.6, ,53.7, ,97, ,52.7, ,1.1, ,351, ,61.1, 
240,4/7/2019,0300,97,0,R,0, ,0, ,14.8, ,54.7, ,100, ,54.7, ,1,I,285, ,61.3, 
240,4/7/2019,0400,97,0,R,0, ,0, ,16.9,R,57.1, ,100,R,57.1,R,1.4, ,346, ,61.4, 
240,4/7/2019,0500,97,0,R,0, ,0, ,17.8,R,57.9, ,100,R,57.9,R,1.3, ,318, ,61.4, 
240,4/7/2019,0600,97,0,R,0, ,24, ,17.2,R,57.3, ,100,R,57.3,R,1.1, ,227, ,61.3, 
240,4/7/2019,0700,97,0,R,0, ,100, ,17.4,R,57.7, ,100,R,57.7,R,1,I,33, ,61.1, 
240,4/7/2019,0800,97,0.01, ,0, ,747, ,17.5, ,60.4, ,97, ,59.7, ,1.3, ,351, ,61, 
240,4/7/2019,0900,97,0.01, ,0, ,1166, ,16, ,63.2, ,81, ,57.2, ,1.5, ,34, ,60.8, 
240,4/7/2019,1000,97,0.02,R,0, ,1432, ,20.5, ,74.4, ,71, ,64.2, ,1,I,299, ,60.7, 
240,4/7/2019,1100,97,0.02, ,0, ,1784, ,16.6, ,77.5, ,52, ,58.3, ,1.4, ,331, ,60.6, 
240,4/7/2019,1200,97,0.02, ,0, ,1609, ,13, ,81.4, ,36, ,51.6, ,1.7, ,304, ,60.6, 
240,4/7/2019,1300,97,0.02, ,0, ,1474, ,12.2, ,85.6, ,29, ,49.9, ,1.1, ,318, ,60.5, 
240,4/7/2019,1400,97,0.03, ,0, ,1666, ,10.9, ,82.7, ,29, ,46.8, ,4.3, ,320, ,60.6, 
240,4/7/2019,1500,97,0.02, ,0, ,1403, ,10.8, ,83, ,28, ,46.6, ,8.5, ,325, ,60.7, 
240,4/7/2019,1600,97,0.01, ,0, ,896, ,10.6, ,83.5, ,27, ,46, ,2.8, ,346, ,60.8, 
240,4/7/2019,1700,97,0.01, ,0, ,499, ,10.4, ,83.8, ,26, ,45.5, ,1, ,232, ,60.9, 
240,4/7/2019,1800,97,0,R,0, ,159, ,12.2, ,80.8,Y,34,Y,49.7,Y,1,I,305, ,61, 
240,4/7/2019,1900,97,0,Y,0, ,5, ,16, ,77.9,Y,49,Y,57.2,Y,3.2, ,327, ,61.2, 
240,4/7/2019,2000,97,0,R,0, ,0, ,18, ,78.2,R,54,R,60.5,R,1, ,103, ,61.3, 
240,4/7/2019,2100,97,0,A,0, ,0, ,19.9,Q,--,S,--,Q,--,Q,1.4, ,31, ,61.4, 
240,4/7/2019,2200,97,0,A,0, ,0, ,17.9,Q,--,S,--,Q,--,Q,1,I,252, ,61.5, 
240,4/7/2019,2300,97,0,R,0, ,0, ,13.8, ,62.2,Y,72,Y,53.1,Y,1,I,295, ,61.6, 
240,4/7/2019,2400,97,0,R,0, ,0, ,14.9, ,62.3,Y,78,Y,55.3,Y,1,I,233, ,61.7, 
240,4/8/2019,0100,98,0,R,0, ,0, ,13.9, ,60.2,Y,78,Y,53.4,Y,1,I,247, ,61.7, 
240,4/8/2019,0200,98,0,R,0, ,0, ,14, ,58, ,85, ,53.6, ,1,I,275, ,61.8, 
240,4/8/2019,0300,98,0,R,0, ,0, ,15, ,59.4,Y,87,Y,55.4,Y,1,I,30, ,62.1, 
240,4/8/2019,0400,98,0,R,0, ,0, ,17.8, ,61.5,Y,96,Y,60.2,Y,1,I,261, ,62.2, 
240,4/8/2019,0500,98,0,R,0, ,0, ,17, ,60.3,Y,95,Y,58.9,Y,1,I,248, ,62.3, 
240,4/8/2019,0600,98,0,R,0, ,36, ,16.6, ,59.7,Y,95,Y,58.3,Y,1,I,266, ,62.1, 
240,4/8/2019,0700,98,0,Y,0, ,264, ,17.5, ,61.7,Y,93,Y,59.7,Y,1, ,301, ,62, 
240,4/8/2019,0800,98,0.01, ,0, ,739, ,16.5, ,62.9, ,84, ,58, ,1, ,337, ,61.8, 
240,4/8/2019,0900,98,0.02,R,0, ,1196, ,27.6, ,80.9,R,77,R,72.9,R,1, ,323, ,61.7, 
240,4/8/2019,1000,98,0.02,R,0, ,1299, ,18.2, ,80.6,Y,51,Y,60.8,Y,1,I,329, ,61.6, 
240,4/8/2019,1100,98,0.02,R,0, ,1474, ,13, ,83.5,Y,33,Y,51.6,Y,1,I,310, ,61.5, 
240,4/8/2019,1200,98,0.03,Y,0, ,1803, ,13.5, ,87.8,Y,30,Y,52.6,Y,1.9, ,351, ,61.4, 
240,4/8/2019,1300,98,0.03, ,0, ,1790, ,12.3, ,88.8, ,27, ,50.1, ,1.9, ,339, ,61.4, 
240,4/8/2019,1400,98,0.03,Y,0, ,1712, ,12.4, ,91.1,Y,25,Y,50.2,Y,4.9, ,354, ,61.5, 
240,4/8/2019,1500,98,0.02,Y,0, ,1271, ,12.5, ,90.3,Y,26,Y,50.5,Y,5.7, ,336, ,61.5, 
240,4/8/2019,1600,98,0.02, ,0, ,782, ,12.9, ,87, ,29, ,51.3, ,8.4, ,317, ,61.6, 
240,4/8/2019,1700,98,0.01, ,0, ,365, ,13.6, ,84.4, ,34, ,52.7, ,9.1, ,317, ,61.8, 
240,4/8/2019,1800,98,0, ,0, ,106, ,10.2, ,79.4, ,30, ,45, ,2.5, ,349, ,61.9, 
240,4/8/2019,1900,98,0,Y,0, ,3, ,11.9, ,78.2,Y,36,Y,49.1,Y,1.3, ,26, ,62.1, 
240,4/8/2019,2000,98,0,R,0, ,0, ,13.8, ,78,R,42,R,53.2,R,3.3, ,130, ,62.2, 
240,4/8/2019,2100,98,0,A,0, ,0, ,16.1,Q,--,S,--,Q,--,Q,1.5, ,154, ,62.3, 
240,4/8/2019,2200,98,0,R,0, ,0, ,11.9, ,63.9,Y,59,Y,49.1,Y,1,I,283, ,62.4, 
240,4/8/2019,2300,98,0,R,0, ,0, ,12.1, ,63.9,Y,60,Y,49.6,Y,1,I,99, ,62.4, 
240,4/8/2019,2400,98,0,R,0, ,0, ,14.2, ,62.7,Y,73,Y,53.9,Y,1,I,283, ,62.5, 
240,4/9/2019,0100,99,0,R,0, ,0, ,16.2, ,63.8,Y,80,Y,57.5,Y,1,I,273, ,62.5, 
240,4/9/2019,0200,99,0,R,0, ,0, ,15.9, ,61.7,Y,85,Y,57.1,Y,1,I,265, ,62.5, 
240,4/9/2019,0300,99,0,Y,0, ,0, ,17.7, ,63.3,Y,89,Y,60,Y,1.3, ,292, ,62.4, 
240,4/9/2019,0400,99,0, ,0, ,0, ,14.9, ,58.2, ,90, ,55.2, ,1.3, ,248, ,62.4, 
240,4/9/2019,0500,99,0,R,0, ,0, ,14.4, ,57.7, ,89, ,54.3, ,1,I,231, ,62.3, 
240,4/9/2019,0600,99,0,R,0, ,13, ,14.3, ,57.1, ,89, ,54.1, ,1,I,276, ,62.3, 
240,4/9/2019,0700,99,0,Y,0, ,312, ,15.3, ,60.6,Y,84,Y,55.9,Y,1.6, ,157, ,62.2, 
240,4/9/2019,0800,99,0.01,Y,0, ,748, ,17.4, ,69.1,Y,72,Y,59.6,Y,4.1, ,166, ,62.2, 
240,4/9/2019,0900,99,0.02,R,0, ,1149, ,27.7, ,83.2,R,72,R,73,R,6.4, ,165, ,62.1, 
240,4/9/2019,1000,99,0.02,Y,0, ,1497, ,34.4, ,87.6,Y,77,Y,79.5,Y,6.4, ,158, ,62, 
240,4/9/2019,1100,99,0.02, ,0, ,1704, ,17.2, ,73.9, ,60, ,59.2, ,9, ,163, ,61.9, 
240,4/9/2019,1200,99,0.03, ,0, ,1794, ,17.1, ,73.5, ,61, ,59.1, ,11.6, ,144, ,61.9, 
240,4/9/2019,1300,99,0.03, ,0, ,1770, ,15.2, ,76, ,50, ,55.8, ,10.9, ,172, ,61.9, 
240,4/9/2019,1400,99,0.03, ,0, ,1664, ,13.3, ,76.5, ,43, ,52.1, ,15.5, ,219, ,62, 
240,4/9/2019,1500,99,0.02, ,0, ,1317, ,12.6, ,73.6, ,45, ,50.7, ,15.4, ,225, ,62.1, 
240,4/9/2019,1600,99,0.02, ,0, ,1058, ,11.2, ,70.2, ,45, ,47.6, ,15.4, ,216, ,62.2, 
240,4/9/2019,1700,99,0.01, ,0, ,623, ,11.2, ,68.5, ,47, ,47.6, ,12.4, ,204, ,62.3, 
240,4/9/2019,1800,99,0, ,0, ,215, ,14.2, ,69.3, ,58, ,54, ,9.4, ,180, ,62.4, 
240,4/9/2019,1900,99,0, ,0, ,7, ,13.9, ,63.2, ,70, ,53.4, ,8.4, ,181, ,62.5, 
240,4/9/2019,2000,99,0, ,0, ,0, ,12.2, ,58.3, ,74, ,49.9, ,6.7, ,167, ,62.6, 
240,4/9/2019,2100,99,0, ,0, ,0, ,11.5, ,59.5, ,66, ,48.2, ,3.7, ,44, ,62.7, 
240,4/9/2019,2200,99,0, ,0, ,0, ,13.5, ,59.7, ,77, ,52.6, ,4.5, ,123, ,62.7, 
240,4/9/2019,2300,99,0, ,0, ,0, ,12.3, ,60.2, ,69, ,49.9, ,3.7, ,64, ,62.7, 
240,4/9/2019,2400,99,0, ,0, ,0, ,10.4, ,55.5, ,69, ,45.5, ,3.8, ,279, ,62.7, 
240,4/10/2019,0100,100,0, ,0, ,0, ,8.5, ,56.9, ,54, ,40.5, ,1.2, ,247, ,62.6, 
240,4/10/2019,0200,100,0, ,0, ,0, ,9.3, ,54.6, ,64, ,42.7, ,1, ,220, ,62.7, 
240,4/10/2019,0300,100,0, ,0, ,0, ,8.5, ,55, ,58, ,40.4, ,3.1, ,217, ,62.7, 
240,4/10/2019,0400,100,0, ,0, ,0, ,7.8, ,53.7, ,56, ,38.2, ,3.4, ,252, ,62.7, 
240,4/10/2019,0500,100,0, ,0, ,0, ,8, ,55.2, ,54, ,38.7, ,5.1, ,303, ,62.7, 
240,4/10/2019,0600,100,0, ,0, ,24, ,7.5, ,54.7, ,52, ,37.3, ,2.5, ,318, ,62.5, 
240,4/10/2019,0700,100,0.01, ,0, ,359, ,6.6, ,57.9, ,41, ,34.1, ,13.1, ,353, ,62.4, 
240,4/10/2019,0800,100,0.01, ,0, ,805, ,5.3, ,59.7, ,30, ,28.6, ,14.5, ,342, ,62.2, 
240,4/10/2019,0900,100,0.02, ,0, ,1215, ,6.8, ,68.5, ,29, ,34.7, ,18.3, ,342, ,62.1, 
240,4/10/2019,1000,100,0.03, ,0, ,1547, ,8.5, ,75.1, ,29, ,40.5, ,17.1, ,339, ,61.9, 
240,4/10/2019,1100,100,0.03, ,0, ,1776, ,10.2, ,79.8, ,29, ,44.9, ,16.7, ,336, ,61.7, 
240,4/10/2019,1200,100,0.03, ,0, ,1892, ,10.6, ,82.9, ,28, ,46.2, ,14.8, ,334, ,61.6, 
240,4/10/2019,1300,100,0.03, ,0, ,1863, ,9.4, ,82.4, ,25, ,42.9, ,15.1, ,337, ,61.5, 
240,4/10/2019,1400,100,0.03, ,0, ,1708, ,5.3, ,74.4, ,18, ,28.7, ,15.2, ,333, ,61.4, 
240,4/10/2019,1500,100,0.03, ,0, ,1436, ,5.3, ,73.9, ,18, ,28.4, ,14.7, ,330, ,61.3, 
240,4/10/2019,1600,100,0.02, ,0, ,1064, ,5.4, ,73.8, ,19, ,29, ,11.6, ,325, ,61.2, 
240,4/10/2019,1700,100,0.01, ,0, ,641, ,5.5, ,73.1, ,20, ,29.2, ,9.9, ,311, ,61.2, 
240,4/10/2019,1800,100,0, ,0, ,223, ,9, ,74.7, ,31, ,41.7, ,5.7, ,281, ,61.2, 
240,4/10/2019,1900,100,0, ,0, ,7, ,10.2, ,71.5, ,39, ,45.1, ,1.8, ,289, ,61.3, 
240,4/10/2019,2000,100,0, ,0, ,0, ,7.1, ,63.5, ,35, ,35.6, ,1.1, ,80, ,61.2, 
240,4/10/2019,2100,100,0, ,0, ,0, ,7.1, ,62.2, ,37, ,35.6, ,2.3, ,113, ,61.3, 
240,4/10/2019,2200,100,0,R,0, ,0, ,8.6, ,59.7, ,49, ,40.6, ,1,I,225, ,61.2, 
240,4/10/2019,2300,100,0, ,0, ,0, ,9.8, ,59.3, ,57, ,44.1, ,1.6, ,249, ,61.2, 
240,4/10/2019,2400,100,0, ,0, ,0, ,8.4, ,53.7, ,60, ,40.1, ,1.3, ,239, ,61.1, 
240,4/11/2019,0100,101,0,R,0, ,0, ,9.7, ,54.9, ,66, ,43.7, ,1,I,241, ,61.1, 
240,4/11/2019,0200,101,0, ,0, ,0, ,10.4, ,57.2, ,65, ,45.5, ,1.3, ,164, ,61, 
240,4/11/2019,0300,101,0, ,0, ,0, ,10.1, ,55.4, ,67, ,44.7, ,1.9, ,185, ,60.9, 
240,4/11/2019,0400,101,0,R,0, ,0, ,10.3, ,54.3, ,72, ,45.4, ,1,I,137, ,60.7, 
240,4/11/2019,0500,101,0,R,0, ,0, ,9.3, ,50.8, ,73, ,42.6, ,1,I,6, ,60.7, 
240,4/11/2019,0600,101,0,R,0, ,29, ,8.1, ,46.3, ,75, ,38.9, ,1,I,323, ,60.5, 
240,4/11/2019,0700,101,0, ,0, ,354, ,8.5, ,48, ,74, ,40.3, ,1, ,262, ,60.4, 
240,4/11/2019,0800,101,0.01,R,0, ,782, ,9.3, ,55.1, ,62, ,42.5, ,1,I,310, ,60.3, 
240,4/11/2019,0900,101,0.01,R,0, ,1180, ,9.1, ,61.2, ,49, ,42.1, ,1,I,324, ,60.1, 
240,4/11/2019,1000,101,0.02, ,0, ,1200, ,10.9, ,73.7, ,39, ,46.9, ,1.3, ,331, ,60, 
240,4/11/2019,1100,101,0.02, ,0, ,1592, ,11.9, ,79.7, ,34, ,49.2, ,1.7, ,304, ,59.9, 
240,4/11/2019,1200,101,0.03, ,0, ,1764, ,9.8, ,78.9, ,29, ,43.9, ,3.2, ,310, ,59.9, 
240,4/11/2019,1300,101,0.02, ,0, ,1255, ,6.9, ,75.1, ,23, ,35.1, ,2.5, ,268, ,59.8, 
240,4/11/2019,1400,101,0.02, ,0, ,978, ,7.9, ,73.9, ,28, ,38.6, ,6.1, ,310, ,59.9, 
240,4/11/2019,1500,101,0.02, ,0, ,916, ,7.7, ,73.8, ,27, ,37.9, ,7.7, ,241, ,59.9, 
240,4/11/2019,1600,101,0.01, ,0, ,641, ,8.4, ,74, ,29, ,40.1, ,7.8, ,234, ,60, 
240,4/11/2019,1700,101,0, ,0, ,207, ,12.7, ,76.8, ,40, ,50.9, ,5, ,232, ,60.2, 
240,4/11/2019,1800,101,0, ,0, ,63, ,13.4, ,73.8, ,47, ,52.3, ,6.4, ,185, ,60.3, 
240,4/11/2019,1900,101,0, ,0, ,3, ,13.9, ,70.2, ,55, ,53.3, ,8.4, ,144, ,60.4, 
240,4/11/2019,2000,101,0, ,0, ,0, ,10.4, ,59.2, ,60, ,45.6, ,9, ,139, ,60.4, 
240,4/11/2019,2100,101,0, ,0, ,0, ,11.2, ,56, ,73, ,47.5, ,8.4, ,137, ,60.5, 
240,4/11/2019,2200,101,0, ,0, ,0, ,13.5, ,58, ,82, ,52.6, ,8, ,141, ,60.5, 
240,4/11/2019,2300,101,0, ,0, ,0, ,15.8, ,60.1, ,89, ,56.9, ,7.9, ,142, ,60.5, 
240,4/11/2019,2400,101,0, ,0, ,0, ,15.2, ,58.7, ,90, ,55.8, ,7, ,146, ,60.5, 
240,4/12/2019,0100,102,0, ,0, ,0, ,15.2, ,58.3, ,91, ,55.7, ,5.9, ,153, ,60.5, 
240,4/12/2019,0200,102,0, ,0, ,0, ,14.7, ,57.3, ,91, ,54.8, ,3.3, ,171, ,60.5, 
240,4/12/2019,0300,102,0, ,0, ,0, ,13.4, ,54.1, ,94, ,52.4, ,1.3, ,208, ,60.6, 
240,4/12/2019,0400,102,0, ,0, ,0, ,12.6, ,51.8, ,96, ,50.7, ,2.5, ,218, ,60.7, 
240,4/12/2019,0500,102,0, ,0, ,0, ,13.7, ,53.4, ,98, ,52.9, ,2.1, ,188, ,60.7, 
240,4/12/2019,0600,102,0, ,0, ,21, ,13.3, ,52.5, ,99, ,52.1, ,2.1, ,241, ,60.6, 
240,4/12/2019,0700,102,0, ,0, ,311, ,14.8, ,55.1, ,100, ,55, ,2.1, ,245, ,60.5, 
240,4/12/2019,0800,102,0.01, ,0, ,777, ,13.6, ,57.1, ,86, ,52.8, ,3.1, ,165, ,60.3, 
240,4/12/2019,0900,102,0.01, ,0, ,1175, ,11.4, ,56.8, ,72, ,48.1, ,4.2, ,173, ,60.2, 
240,4/12/2019,1000,102,0.02, ,0, ,1501, ,12.1, ,64.6, ,58, ,49.6, ,2.2, ,79, ,60.1, 
240,4/12/2019,1100,102,0.03, ,0, ,1743, ,11.2, ,73.9, ,39, ,47.6, ,9.8, ,358, ,60, 
240,4/12/2019,1200,102,0.03, ,0, ,1856, ,9.9, ,76.8, ,31, ,44.3, ,15.8, ,341, ,60, 
240,4/12/2019,1300,102,0.03, ,0, ,1848, ,8.5, ,76.2, ,28, ,40.5, ,16.6, ,339, ,60, 
240,4/12/2019,1400,102,0.03, ,0, ,1691, ,9, ,76.3, ,29, ,41.8, ,13.8, ,321, ,60, 
240,4/12/2019,1500,102,0.02, ,0, ,1413, ,9.4, ,75.9, ,31, ,42.9, ,11.3, ,306, ,60.1, 
240,4/12/2019,1600,102,0.02, ,0, ,1054, ,9.2, ,76.1, ,30, ,42.4, ,8.6, ,313, ,60.1, 
240,4/12/2019,1700,102,0.01, ,0, ,647, ,9.9, ,75.4, ,33, ,44.3, ,9.7, ,307, ,60.2, 
240,4/12/2019,1800,102,0, ,0, ,225, ,10.6, ,73.4, ,38, ,46.2, ,6.9, ,306, ,60.3, 
240,4/12/2019,1900,102,0, ,0, ,9, ,13.4, ,71.7, ,50, ,52.3, ,6.3, ,117, ,60.4, 
240,4/12/2019,2000,102,0, ,0, ,0, ,12, ,63.5, ,60, ,49.3, ,8.5, ,128, ,60.5, 
240,4/12/2019,2100,102,0, ,0, ,0, ,10.7, ,59.3, ,62, ,46.3, ,8, ,136, ,60.5, 
240,4/12/2019,2200,102,0, ,0, ,0, ,10.3, ,56.6, ,66, ,45.3, ,2.2, ,169, ,60.6, 
240,4/12/2019,2300,102,0,R,0, ,0, ,11.3, ,57.4, ,70, ,47.7, ,1,I,281, ,60.6, 
240,4/12/2019,2400,102,0,R,0, ,0, ,11.1, ,53, ,81, ,47.2, ,1,I,270, ,60.5, 
240,4/13/2019,0100,103,0,R,0, ,0, ,11.1, ,52.6, ,82, ,47.2, ,1,I,10, ,60.5, 
240,4/13/2019,0200,103,0,R,0, ,0, ,11.6, ,52.6, ,86, ,48.4, ,1,I,301, ,60.5, 
240,4/13/2019,0300,103,0,R,0, ,0, ,12.6, ,53.3, ,91, ,50.7, ,1,I,295, ,60.6, 
240,4/13/2019,0400,103,0,R,0, ,0, ,11.9, ,51.4, ,92, ,49.1, ,1,I,307, ,60.7, 
240,4/13/2019,0500,103,0,R,0, ,0, ,11.2, ,49.5, ,93, ,47.6, ,1,I,295, ,60.7, 
240,4/13/2019,0600,103,0,R,0, ,31, ,11, ,49.3, ,92, ,47, ,1,I,64, ,60.5, 
240,4/13/2019,0700,103,0,R,0, ,378, ,11.7, ,51.6, ,89, ,48.6, ,1,I,270, ,60.4, 
240,4/13/2019,0800,103,0.01,R,0, ,807, ,11.2, ,56.4, ,72, ,47.6, ,1,I,354, ,60.3, 
240,4/13/2019,0900,103,0.01,R,0, ,1210, ,12.3, ,64.7, ,59, ,50.1, ,1,I,327, ,60.2, 
240,4/13/2019,1000,103,0.02, ,0, ,1549, ,12.1, ,73.2, ,43, ,49.6, ,1.4, ,353, ,60, 
240,4/13/2019,1100,103,0.02, ,0, ,1784, ,11.3, ,78.6, ,34, ,47.7, ,1.6, ,6, ,59.9, 
240,4/13/2019,1200,103,0.03, ,0, ,1881, ,10, ,81.5, ,27, ,44.5, ,4.4, ,284, ,59.8, 
240,4/13/2019,1300,103,0.03, ,0, ,1861, ,8.6, ,81.5, ,24, ,40.8, ,3.5, ,246, ,59.8, 
240,4/13/2019,1400,103,0.03, ,0, ,1708, ,8, ,82, ,21, ,38.7, ,4.7, ,235, ,59.8, 
240,4/13/2019,1500,103,0.02, ,0, ,1437, ,7.8, ,82.7, ,20, ,38.1, ,3.3, ,239, ,59.9, 
240,4/13/2019,1600,103,0.02, ,0, ,1065, ,7.7, ,80.5, ,22, ,37.8, ,5.3, ,293, ,60, 
240,4/13/2019,1700,103,0.01, ,0, ,635, ,8.2, ,75.5, ,27, ,39.4, ,10.8, ,289, ,60.2, 
240,4/13/2019,1800,103,0, ,0, ,234, ,8, ,73.9, ,28, ,38.7, ,5.4, ,274, ,60.4, 
240,4/13/2019,1900,103,0,Y,0, ,7, ,11.1, ,76.4,Y,36,Y,47.3,Y,3.3, ,331, ,60.5, 
240,4/13/2019,2000,103,0,R,0, ,0, ,11.1, ,73.7,Y,39,Y,47.3,Y,1,I,24, ,60.7, 
240,4/13/2019,2100,103,0,R,0, ,0, ,10.7, ,70,Y,43,Y,46.4,Y,1,I,12, ,60.8, 
240,4/13/2019,2200,103,0,R,0, ,0, ,8.5, ,58.6, ,51, ,40.4, ,1,I,301, ,60.9, 
240,4/13/2019,2300,103,0,R,0, ,0, ,10.8, ,61.9, ,57, ,46.7, ,1,I,214, ,60.9, 
240,4/13/2019,2400,103,0,R,0, ,0, ,11.6, ,60.6, ,64, ,48.4, ,1,I,296, ,60.9, 
240,4/14/2019,0100,104,0,R,0, ,0, ,12.4, ,60.2,Y,70,Y,50.2,Y,1,I,233, ,60.9, 
240,4/14/2019,0200,104,0,R,0, ,0, ,11.5, ,57.3, ,71, ,48.2, ,1,I,324, ,61.1, 
240,4/14/2019,0300,104,0,R,0, ,0, ,12.1, ,56.8, ,77, ,49.6, ,1,I,257, ,61.3, 
240,4/14/2019,0400,104,0,R,0, ,0, ,12.7, ,56.1, ,83, ,50.9, ,1,I,277, ,61.4, 
240,4/14/2019,0500,104,0,R,0, ,0, ,11.3, ,52.4, ,84, ,47.7, ,1,I,249, ,61.4, 
240,4/14/2019,0600,104,0,R,0, ,33, ,11.1, ,51.8, ,84, ,47.3, ,1,I,266, ,61.2, 
240,4/14/2019,0700,104,0,R,0, ,289, ,11.9, ,54.3, ,83, ,49.1, ,1,I,241, ,61, 
240,4/14/2019,0800,104,0.01,R,0, ,719, ,12.5, ,59.7, ,72, ,50.5, ,1,I,341, ,60.8, 
240,4/14/2019,0900,104,0.02,R,0, ,1197, ,19, ,76.1,Y,62,Y,62.1,Y,1,I,275, ,60.6, 
240,4/14/2019,1000,104,0.02,R,0, ,1468, ,11.5, ,76.2, ,37, ,48.2, ,1,I,164, ,60.4, 
240,4/14/2019,1100,104,0.02, ,0, ,1662, ,9.4, ,77, ,30, ,43, ,2.2, ,201, ,60.3, 
240,4/14/2019,1200,104,0.03, ,0, ,1881, ,9.8, ,80, ,28, ,44, ,4.3, ,287, ,60.3, 
240,4/14/2019,1300,104,0.03, ,0, ,1861, ,9.6, ,78.4, ,29, ,43.5, ,6.4, ,337, ,60.3, 
240,4/14/2019,1400,104,0.03, ,0, ,1704, ,10.5, ,80.1, ,30, ,45.7, ,8.9, ,334, ,60.3, 
240,4/14/2019,1500,104,0.02, ,0, ,1405, ,10.3, ,78.7, ,31, ,45.3, ,11, ,335, ,60.4, 
240,4/14/2019,1600,104,0.02, ,0, ,883, ,9.6, ,76.6, ,31, ,43.5, ,11.3, ,323, ,60.5, 
240,4/14/2019,1700,104,0.01, ,0, ,619, ,9.1, ,75.3, ,30, ,42, ,10.8, ,322, ,60.7, 
240,4/14/2019,1800,104,0.01, ,0, ,196, ,9.2, ,72.3, ,34, ,42.2, ,10.1, ,313, ,60.8, 
240,4/14/2019,1900,104,0,Y,0, ,8, ,13.4, ,76.7,Y,43,Y,52.3,Y,2.1, ,310, ,60.9, 
240,4/14/2019,2000,104,0,R,0, ,0, ,11.7, ,72.5,Y,43,Y,48.8,Y,1,I,349, ,61, 
240,4/14/2019,2100,104,0,R,0, ,0, ,9.5, ,66.6, ,43, ,43.3, ,1,I,38, ,61.1, 
240,4/14/2019,2200,104,0, ,0, ,0, ,9.1, ,61.3, ,49, ,42.1, ,1.1, ,8, ,61.1, 
240,4/14/2019,2300,104,0,R,0, ,0, ,12.8, ,64.2,Y,62,Y,51.1,Y,1,I,261, ,61.1, 
240,4/14/2019,2400,104,0,R,0, ,0, ,12.4, ,60.9, ,68, ,50.2, ,1,I,304, ,61.1, 
240,4/15/2019,0100,105,0,R,0, ,0, ,11.8, ,58.4, ,71, ,48.9, ,1,I,295, ,61.1, 
240,4/15/2019,0200,105,0,R,0, ,0, ,11.5, ,57.3, ,71, ,48.2, ,1,I,304, ,61.2, 
240,4/15/2019,0300,105,0,R,0, ,0, ,12.5, ,57.2, ,78, ,50.6, ,1,I,279, ,61.4, 
240,4/15/2019,0400,105,0,R,0, ,0, ,10.5, ,52.8, ,77, ,45.8, ,1,I,300, ,61.4, 
240,4/15/2019,0500,105,0,R,0, ,0, ,10.2, ,51, ,80, ,45, ,1,I,260, ,61.4, 
240,4/15/2019,0600,105,0,R,0, ,33, ,10.1, ,49.7, ,83, ,44.7, ,1,I,285, ,61.3, 
240,4/15/2019,0700,105,0,R,0, ,383, ,13.3, ,57.7, ,82, ,52.2, ,1,I,286, ,61.1, 
240,4/15/2019,0800,105,0.01,R,0, ,801, ,11.3, ,59.7, ,64, ,47.7, ,1,I,218, ,60.8, 
240,4/15/2019,0900,105,0.02,R,0, ,1248, ,18.2, ,77.7,R,56,R,60.8,R,1,I,194, ,60.6, 
240,4/15/2019,1000,105,0.02,R,0, ,1196, ,15.5, ,81, ,43, ,56.3, ,1,I,193, ,60.5, 
240,4/15/2019,1100,105,0.02, ,0, ,1611, ,10.7, ,76, ,35, ,46.4, ,2.3, ,164, ,60.4, 
240,4/15/2019,1200,105,0.02, ,0, ,1536, ,14.7, ,84, ,37, ,54.9, ,3.8, ,144, ,60.3, 
240,4/15/2019,1300,105,0.02, ,0, ,1419, ,10.7, ,77, ,34, ,46.2, ,4.4, ,194, ,60.3, 
240,4/15/2019,1400,105,0.02, ,0, ,1576, ,9.4, ,73.8, ,33, ,42.9, ,7.9, ,341, ,60.4, 
240,4/15/2019,1500,105,0.02, ,0, ,1260, ,9.4, ,73.3, ,34, ,42.9, ,10.1, ,312, ,60.4, 
240,4/15/2019,1600,105,0.02, ,0, ,1005, ,9.1, ,71.7, ,34, ,42.2, ,11.4, ,317, ,60.5, 
240,4/15/2019,1700,105,0.01, ,0, ,484, ,8.4, ,69.7, ,34, ,40, ,8.2, ,321, ,60.7, 
240,4/15/2019,1800,105,0.01, ,0, ,240, ,12, ,74.1, ,42, ,49.3, ,5.8, ,281, ,60.8, 
240,4/15/2019,1900,105,0, ,0, ,9, ,15.2, ,72.5, ,56, ,55.8, ,6.8, ,159, ,60.9, 
240,4/15/2019,2000,105,0, ,0, ,0, ,12.3, ,59.1, ,72, ,50.1, ,9.3, ,149, ,61, 
240,4/15/2019,2100,105,0, ,0, ,0, ,15.5, ,60.5, ,86, ,56.3, ,9.4, ,139, ,61.1, 
240,4/15/2019,2200,105,0, ,0, ,0, ,17.8, ,62.7, ,91, ,60.2, ,9.7, ,151, ,61.1, 
240,4/15/2019,2300,105,0, ,0, ,0, ,15.2, ,58.7, ,90, ,55.8, ,10, ,155, ,61.1, 
240,4/15/2019,2400,105,0, ,0, ,0, ,14.6, ,58, ,88, ,54.6, ,6.7, ,174, ,61.1, 
240,4/16/2019,0100,106,0, ,0, ,0, ,14.1, ,57.9, ,86, ,53.7, ,5.7, ,191, ,61.1, 
240,4/16/2019,0200,106,0, ,0, ,0, ,13.9, ,58.1, ,84, ,53.4, ,3.9, ,175, ,61.1, 
240,4/16/2019,0300,106,0, ,0, ,0, ,14.2, ,58.4, ,85, ,53.9, ,5.3, ,178, ,61, 
240,4/16/2019,0400,106,0, ,0, ,0, ,14.3, ,58.3, ,86, ,54.2, ,4.6, ,177, ,60.9, 
240,4/16/2019,0500,106,0, ,0, ,0, ,14.7, ,58.5, ,88, ,54.9, ,5, ,178, ,60.9, 
240,4/16/2019,0600,106,0, ,0, ,11, ,14.8, ,58.8, ,88, ,55.1, ,4.7, ,200, ,60.8, 
240,4/16/2019,0700,106,0, ,0, ,132, ,15.2, ,59.1, ,89, ,55.7, ,6.2, ,170, ,60.7, 
240,4/16/2019,0800,106,0.01, ,0, ,494, ,15.2, ,59.9, ,86, ,55.8, ,6.9, ,173, ,60.7, 
240,4/16/2019,0900,106,0, ,0, ,359, ,14.7, ,60.5, ,82, ,54.9, ,5.8, ,185, ,60.6, 
240,4/16/2019,1000,106,0, ,0, ,371, ,13.5, ,60.7, ,74, ,52.5, ,6.4, ,184, ,60.6, 
240,4/16/2019,1100,106,0.01, ,0, ,629, ,14.7, ,61.9, ,77, ,54.8, ,8.6, ,181, ,60.5, 
240,4/16/2019,1200,106,0, ,0, ,389, ,13.9, ,60.9, ,76, ,53.3, ,8.9, ,195, ,60.5, 
240,4/16/2019,1300,106,0.01, ,0, ,1211, ,12.9, ,61, ,70, ,51.3, ,8.8, ,194, ,60.4, 
240,4/16/2019,1400,106,0.01, ,0, ,863, ,11.4, ,60.7, ,63, ,47.9, ,4.7, ,199, ,60.4, 
240,4/16/2019,1500,106,0.01, ,0, ,736, ,11, ,61.3, ,59, ,47, ,3.7, ,265, ,60.4, 
240,4/16/2019,1600,106,0, ,0, ,414, ,10.9, ,61.9, ,57, ,46.7, ,3, ,291, ,60.5, 
240,4/16/2019,1700,106,0, ,0, ,113, ,11, ,60.9, ,60, ,47.1, ,8.3, ,354, ,60.5, 
240,4/16/2019,1800,106,0, ,0, ,191, ,10.8, ,60.8, ,59, ,46.6, ,9.5, ,339, ,60.5, 
240,4/16/2019,1900,106,0, ,0, ,6, ,10.8, ,58.3, ,65, ,46.6, ,5.5, ,328, ,60.6, 
240,4/16/2019,2000,106,0,R,0, ,0, ,10.6, ,55, ,72, ,46.1, ,1,I,278, ,60.6, 
240,4/16/2019,2100,106,0,R,0, ,0, ,10.7, ,55.1, ,72, ,46.4, ,1,I,206, ,60.6, 
240,4/16/2019,2200,106,0, ,0, ,0, ,11.3, ,54.1, ,79, ,47.8, ,2.9, ,136, ,60.6, 
240,4/16/2019,2300,106,0, ,0, ,0, ,12.2, ,53.4, ,88, ,49.8, ,5.4, ,151, ,60.6, 
240,4/16/2019,2400,106,0, ,0, ,0, ,12.5, ,53.6, ,89, ,50.4, ,3.8, ,147, ,60.6, 
240,4/17/2019,0100,107,0,R,0, ,0, ,13.7, ,54.9, ,93, ,52.9, ,1,I,281, ,60.5, 
240,4/17/2019,0200,107,0,R,0, ,0, ,13.8, ,54.3, ,96, ,53.2, ,1,I,244, ,60.6, 
240,4/17/2019,0300,107,0,R,0, ,0, ,12.9, ,51.7, ,98, ,51.2, ,1,I,250, ,60.7, 
240,4/17/2019,0400,107,0,R,0, ,0, ,13.1, ,51.2, ,100, ,51.2, ,1,I,240, ,60.7, 
240,4/17/2019,0500,107,0,R,0, ,0, ,13.5, ,51.5, ,100, ,51.5, ,1,I,241, ,60.8, 
240,4/17/2019,0600,107,0,R,0, ,35, ,12.9, ,50.1, ,100, ,50.1, ,1,I,253, ,60.7, 
240,4/17/2019,0700,107,0,R,0, ,371, ,15.7,R,55, ,100,R,55,R,1,I,293, ,60.6, 
240,4/17/2019,0800,107,0.01, ,0, ,755, ,15.6, ,57, ,98, ,56.5, ,1.3, ,125, ,60.5, 
240,4/17/2019,0900,107,0.01,R,0, ,1205, ,15.2, ,62.2, ,80, ,55.9, ,1,I,168, ,60.4, 
240,4/17/2019,1000,107,0.02, ,0, ,1557, ,19, ,73, ,69, ,62.1, ,2.7, ,14, ,60.2, 
240,4/17/2019,1100,107,0.02, ,0, ,1782, ,16.1, ,74.4, ,56, ,57.5, ,3.6, ,332, ,60.1, 
240,4/17/2019,1200,107,0.03, ,0, ,1889, ,15, ,78.6, ,45, ,55.4, ,3.7, ,18, ,60.1, 
240,4/17/2019,1300,107,0.03, ,0, ,1844, ,11.4, ,80, ,33, ,48.1, ,4.1, ,88, ,60.1, 
240,4/17/2019,1400,107,0.03, ,0, ,1697, ,9.4, ,80.7, ,26, ,43, ,4.3, ,305, ,60.2, 
240,4/17/2019,1500,107,0.02, ,0, ,1406, ,7.9, ,79.8, ,23, ,38.4, ,6.3, ,335, ,60.2, 
240,4/17/2019,1600,107,0.02, ,0, ,1064, ,8, ,79.3, ,23, ,38.8, ,4.4, ,323, ,60.4, 
240,4/17/2019,1700,107,0.01, ,0, ,652, ,9, ,77.2, ,28, ,41.8, ,10.1, ,325, ,60.5, 
240,4/17/2019,1800,107,0.01, ,0, ,251, ,10, ,74.7, ,34, ,44.4, ,10.5, ,328, ,60.7, 
240,4/17/2019,1900,107,0,Y,0, ,13, ,14.8, ,76.9,Y,47,Y,55,Y,6.3, ,338, ,60.8, 
240,4/17/2019,2000,107,0,Y,0, ,0, ,15, ,72.7,Y,54,Y,55.4,Y,2.7, ,5, ,61, 
240,4/17/2019,2100,107,0,R,0, ,0, ,12.3, ,66.1, ,56, ,50, ,1,I,30, ,61.1, 
240,4/17/2019,2200,107,0,R,0, ,0, ,10.6, ,60.1, ,60, ,46, ,1,I,233, ,61.2, 
240,4/17/2019,2300,107,0,Y,0, ,0, ,16.2, ,65.6,Y,75,Y,57.6,Y,1.1, ,257, ,61.2, 
240,4/17/2019,2400,107,0,A,0, ,0, ,24.2,Q,--,S,--,Q,--,Q,1,I,227, ,61.2, 
240,4/18/2019,0100,108,0,R,0, ,0, ,17.3, ,64.8,Y,83,Y,59.4,Y,1,I,342, ,61.2, 
240,4/18/2019,0200,108,0, ,0, ,0, ,14.8, ,60.3, ,83, ,55.1, ,1.1, ,18, ,61.2, 
240,4/18/2019,0300,108,0, ,0, ,0, ,15.3, ,60.3, ,85, ,55.9, ,1, ,336, ,61.1, 
240,4/18/2019,0400,108,0,R,0, ,0, ,15.2, ,59.8, ,87, ,55.8, ,1,I,234, ,61.1, 
240,4/18/2019,0500,108,0,R,0, ,0, ,14.9, ,59.6, ,86, ,55.3, ,1,I,33, ,61, 
240,4/18/2019,0600,108,0, ,0, ,41, ,15.1, ,58.3, ,91, ,55.7, ,1, ,314, ,60.9, 
240,4/18/2019,0700,108,0,R,0, ,398, ,17.7, ,63.8,Y,87,Y,60,Y,1,I,351, ,60.8, 
240,4/18/2019,0800,108,0.01,Y,0, ,834, ,18.5, ,68.6,Y,77,Y,61.2,Y,2.2, ,17, ,60.7, 
240,4/18/2019,0900,108,0.02,R,0, ,1220, ,24.6, ,81.3,Y,68,Y,69.5,Y,1,I,304, ,60.6, 
240,4/18/2019,1000,108,0.02,R,0, ,1576, ,14.5, ,79, ,43, ,54.5, ,1,I,315, ,60.5, 
240,4/18/2019,1100,108,0.02, ,0, ,1718, ,11.6, ,82.6, ,31, ,48.5, ,1.9, ,303, ,60.4, 
240,4/18/2019,1200,108,0.03, ,0, ,1879, ,9.5, ,86.3, ,22, ,43.1, ,2, ,267, ,60.4, 
240,4/18/2019,1300,108,0.03, ,0, ,1887, ,9, ,88.7, ,19, ,41.8, ,3, ,316, ,60.5, 
240,4/18/2019,1400,108,0.03, ,0, ,1724, ,8.8, ,91.3, ,18, ,41.3, ,3.2, ,75, ,60.5, 
240,4/18/2019,1500,108,0.02, ,0, ,1426, ,9.3, ,90.2, ,19, ,42.8, ,6, ,307, ,60.7, 
240,4/18/2019,1600,108,0.02, ,0, ,1047, ,10.9, ,87, ,25, ,46.9, ,11, ,310, ,60.9, 
240,4/18/2019,1700,108,0.02, ,0, ,639, ,10.7, ,84.3, ,27, ,46.3, ,12.3, ,308, ,61.1, 
240,4/18/2019,1800,108,0.01, ,0, ,242, ,9.9, ,81.1, ,27, ,44.2, ,10.1, ,322, ,61.3, 
240,4/18/2019,1900,108,0,Y,0, ,12, ,9.4, ,77.4,Y,29,Y,42.9,Y,2.9, ,343, ,61.5, 
240,4/18/2019,2000,108,0,R,0, ,0, ,11.8, ,79.8,R,34,R,48.9,R,1,I,360, ,61.7, 
240,4/18/2019,2100,108,0,R,0, ,0, ,11.4, ,75.8,R,37,R,48,R,3.3, ,28, ,61.9, 
240,4/18/2019,2200,108,0,R,0, ,0, ,10.6, ,68,Y,45,Y,46,Y,1,I,285, ,62, 
240,4/18/2019,2300,108,0,R,0, ,0, ,9.5, ,61, ,52, ,43.2, ,1,I,280, ,62, 
240,4/18/2019,2400,108,0,R,0, ,0, ,9.7, ,61.1,Y,53,Y,43.8,Y,1,I,109, ,62, 
240,4/19/2019,0100,109,0,R,0, ,0, ,9.9, ,59.2, ,58, ,44.4, ,1,I,278, ,62, 
240,4/19/2019,0200,109,0,R,0, ,0, ,14.6, ,64.9,Y,69,Y,54.6,Y,1,I,327, ,62.1, 
240,4/19/2019,0300,109,0,R,0, ,0, ,14.6, ,64.1,Y,72,Y,54.7,Y,1,I,68, ,62.3, 
240,4/19/2019,0400,109,0,R,0, ,0, ,16.4, ,65.3,Y,77,Y,57.9,Y,1,I,277, ,62.4, 
240,4/19/2019,0500,109,0,R,0, ,0, ,16.4, ,64.2,Y,80,Y,58,Y,1,I,32, ,62.4, 
240,4/19/2019,0600,109,0,R,0, ,31, ,16.3, ,63,Y,83,Y,57.8,Y,1,I,296, ,62.3, 
240,4/19/2019,0700,109,0,R,0, ,398, ,16, ,65.5,Y,75,Y,57.2,Y,1,I,299, ,62.2, 
240,4/19/2019,0800,109,0.01,Y,0, ,787, ,17.6, ,72.2,Y,65,Y,59.9,Y,1, ,11, ,62, 
240,4/19/2019,0900,109,0.02,R,0, ,1270, ,14.7, ,77.5,Y,45,Y,54.8,Y,1,I,256, ,61.9, 
240,4/19/2019,1000,109,0.02,R,0, ,1563, ,12, ,82, ,32, ,49.4, ,1,I,238, ,61.8, 
240,4/19/2019,1100,109,0.02,Y,0, ,1543, ,11.2, ,87.4,Y,25,Y,47.6,Y,1.1, ,216, ,61.7, 
240,4/19/2019,1200,109,0.02, ,0, ,1547, ,9.3, ,87.5, ,21, ,42.6, ,2.9, ,230, ,61.7, 
240,4/19/2019,1300,109,0.03, ,0, ,1937, ,8.9, ,89.5, ,19, ,41.6, ,6.8, ,190, ,61.7, 
240,4/19/2019,1400,109,0.03, ,0, ,1735, ,7.9, ,91.1, ,16, ,38.4, ,7.6, ,190, ,61.8, 
240,4/19/2019,1500,109,0.03, ,0, ,1418, ,10.2, ,90.1, ,21, ,44.9, ,10.1, ,203, ,61.8, 
240,4/19/2019,1600,109,0.02, ,0, ,1024, ,15.7, ,82.3, ,42, ,56.6, ,11.7, ,169, ,62, 
240,4/19/2019,1700,109,0.01, ,0, ,650, ,19.3, ,80, ,55, ,62.4, ,10.4, ,155, ,62.2, 
240,4/19/2019,1800,109,0.01,Y,0, ,229, ,26.4, ,84.4,Y,66,Y,71.6,Y,10.3, ,140, ,62.4, 
240,4/19/2019,1900,109,0, ,0, ,12, ,18.8, ,74, ,66, ,61.7, ,8.8, ,135, ,62.5, 
240,4/19/2019,2000,109,0, ,0, ,0, ,14.5, ,67.9, ,62, ,54.5, ,5.8, ,152, ,62.7, 
240,4/19/2019,2100,109,0, ,0, ,0, ,12.6, ,63.5, ,63, ,50.7, ,1.7, ,197, ,62.8, 
240,4/19/2019,2200,109,0,R,0, ,0, ,11.9, ,60.4, ,66, ,49.1, ,1,I,251, ,62.9, 
240,4/19/2019,2300,109,0,R,0, ,0, ,11.8, ,59.5, ,68, ,48.8, ,1,I,205, ,62.9, 
240,4/19/2019,2400,109,0,Y,0, ,0, ,14.7, ,62.3,Y,77,Y,54.8,Y,1.3, ,104, ,62.9, 
240,4/20/2019,0100,110,0,A,0, ,0, ,27.1,Q,--,S,--,Q,--,Q,1.5, ,123, ,62.9, 
240,4/20/2019,0200,110,0,Y,0, ,0, ,22.5, ,67.6,Y,98,Y,66.9,Y,3.2, ,92, ,62.9, 
240,4/20/2019,0300,110,0,Y,0, ,0, ,22.9, ,67.7,Y,99,Y,67.4,Y,5.3, ,145, ,63.1, 
240,4/20/2019,0400,110,0,Y,0, ,0, ,22.3, ,67.1,Y,98,Y,66.6,Y,5.1, ,144, ,63.1, 
240,4/20/2019,0500,110,0,Y,0, ,0, ,21.9, ,67.4,Y,95,Y,66,Y,4.2, ,101, ,63.2, 
240,4/20/2019,0600,110,0,Y,0, ,23, ,21, ,67.3,Y,92,Y,64.8,Y,5.3, ,158, ,63.1, 
240,4/20/2019,0700,110,0,Y,0, ,220, ,20.3, ,67.4,Y,89,Y,64,Y,4.2, ,203, ,62.9, 
240,4/20/2019,0800,110,0.01,Y,0, ,456, ,19.6, ,67.7,Y,85,Y,62.9,Y,5.9, ,174, ,62.8, 
240,4/20/2019,0900,110,0.01, ,0, ,869, ,18.1, ,67.2, ,79, ,60.6, ,5.6, ,172, ,62.7, 
240,4/20/2019,1000,110,0.02, ,0, ,1565, ,12.8, ,61.5, ,69, ,51.2, ,6, ,176, ,62.5, 
240,4/20/2019,1100,110,0.02, ,0, ,1788, ,14.3, ,66.4, ,65, ,54.2, ,2.9, ,166, ,62.4, 
240,4/20/2019,1200,110,0.03, ,0, ,1821, ,23.7, ,81.4, ,65, ,68.4, ,4.5, ,154, ,62.4, 
240,4/20/2019,1300,110,0.02, ,0, ,1270, ,17.7, ,76.5, ,57, ,60.1, ,3.7, ,167, ,62.3, 
240,4/20/2019,1400,110,0.02, ,0, ,1140, ,14.6, ,73.1, ,53, ,54.7, ,7.1, ,160, ,62.4, 
240,4/20/2019,1500,110,0.01, ,0, ,791, ,14, ,71.8, ,53, ,53.5, ,5.7, ,182, ,62.4, 
240,4/20/2019,1600,110,0.01, ,0, ,914, ,13.7, ,69.5, ,56, ,52.9, ,9.7, ,326, ,62.5, 
240,4/20/2019,1700,110,0.01, ,0, ,436, ,13.2, ,68.5, ,56, ,52, ,6.1, ,345, ,62.6, 
240,4/20/2019,1800,110,0, ,0, ,214, ,14.9, ,70, ,60, ,55.3, ,6.2, ,347, ,62.7, 
240,4/20/2019,1900,110,0, ,0, ,12, ,16.2, ,68.5, ,68, ,57.6, ,7.1, ,176, ,62.8, 
240,4/20/2019,2000,110,0, ,0, ,0, ,12.5, ,59.6, ,72, ,50.4, ,5.6, ,167, ,62.9, 
240,4/20/2019,2100,110,0, ,0, ,0, ,12, ,56.5, ,77, ,49.3, ,8.2, ,145, ,62.9, 
240,4/20/2019,2200,110,0, ,0, ,0, ,12.7, ,56.3, ,82, ,50.9, ,9.9, ,170, ,62.9, 
240,4/20/2019,2300,110,0, ,0, ,0, ,13.8, ,58.6, ,82, ,53.1, ,7.5, ,171, ,62.9, 
240,4/20/2019,2400,110,0, ,0, ,0, ,13.3, ,58.5, ,79, ,52.1, ,6, ,172, ,62.9, 
240,4/21/2019,0100,111,0, ,0, ,0, ,13.2, ,58, ,80, ,51.9, ,4.1, ,168, ,62.9, 
240,4/21/2019,0200,111,0, ,0, ,0, ,13, ,57.9, ,79, ,51.6, ,4.8, ,176, ,63, 
240,4/21/2019,0300,111,0, ,0, ,0, ,13.2, ,57.9, ,80, ,51.9, ,4.1, ,169, ,63.1, 
240,4/21/2019,0400,111,0, ,0, ,0, ,13.6, ,57.8, ,83, ,52.7, ,5.4, ,172, ,63.2, 
240,4/21/2019,0500,111,0, ,0, ,0, ,13.7, ,57.7, ,84, ,52.9, ,4.7, ,176, ,63.2, 
240,4/21/2019,0600,111,0, ,0, ,42, ,13.8, ,57.6, ,85, ,53.1, ,5.1, ,177, ,63.1, 
240,4/21/2019,0700,111,0, ,0, ,245, ,13.8, ,57.7, ,85, ,53.2, ,7.2, ,171, ,62.9, 
240,4/21/2019,0800,111,0.01, ,0, ,538, ,12.7, ,58.5, ,76, ,50.8, ,6.6, ,189, ,62.7, 
240,4/21/2019,0900,111,0.01, ,0, ,1161, ,10.4, ,58.8, ,61, ,45.5, ,6.3, ,177, ,62.6, 
240,4/21/2019,1000,111,0.02, ,0, ,1318, ,9.2, ,59.6, ,53, ,42.5, ,4.3, ,180, ,62.5, 
240,4/21/2019,1100,111,0.02, ,0, ,1828, ,9.7, ,63, ,50, ,43.8, ,4.2, ,188, ,62.4, 
240,4/21/2019,1200,111,0.03, ,0, ,1898, ,14.2, ,73.3, ,51, ,53.8, ,4, ,153, ,62.3, 
240,4/21/2019,1300,111,0.03, ,0, ,1867, ,15.7, ,78, ,48, ,56.8, ,2.9, ,138, ,62.3, 
240,4/21/2019,1400,111,0.02, ,0, ,1702, ,13, ,75.1, ,44, ,51.6, ,3.9, ,314, ,62.3, 
240,4/21/2019,1500,111,0.02, ,0, ,1440, ,11.3, ,72.5, ,41, ,47.7, ,6.5, ,95, ,62.3, 
240,4/21/2019,1600,111,0.01, ,0, ,953, ,12.7, ,69.9, ,51, ,50.9, ,9.2, ,186, ,62.4, 
240,4/21/2019,1700,111,0.01, ,0, ,763, ,12.8, ,68, ,55, ,51.1, ,8.7, ,183, ,62.5, 
240,4/21/2019,1800,111,0, ,0, ,309, ,13.7, ,68.2, ,58, ,53, ,5.2, ,220, ,62.7, 
240,4/21/2019,1900,111,0, ,0, ,20, ,17.4, ,70.2, ,69, ,59.6, ,4.3, ,186, ,62.8, 
240,4/21/2019,2000,111,0, ,0, ,0, ,14.3, ,63.9, ,71, ,54.2, ,5.3, ,111, ,62.9, 
240,4/21/2019,2100,111,0, ,0, ,0, ,11.3, ,56.2, ,73, ,47.7, ,7.7, ,134, ,63, 
240,4/21/2019,2200,111,0, ,0, ,0, ,10.9, ,54.3, ,76, ,46.8, ,6.6, ,136, ,63.1, 
240,4/21/2019,2300,111,0, ,0, ,0, ,11, ,54.1, ,77, ,47, ,6.4, ,140, ,63.1, 
240,4/21/2019,2400,111,0, ,0, ,0, ,11, ,54.3, ,76, ,46.9, ,1.6, ,176, ,63.1, 
240,4/22/2019,0100,112,0,R,0, ,0, ,15.9, ,61.3, ,86, ,57, ,1,I,226, ,63.1, 
240,4/22/2019,0200,112,0,R,0, ,0, ,18.3, ,64.5,Y,89,Y,61,Y,1,I,246, ,63.2, 
240,4/22/2019,0300,112,0,R,0, ,0, ,18.6, ,63.6,Y,93,Y,61.4,Y,1,I,332, ,63.3, 
240,4/22/2019,0400,112,0,R,0, ,0, ,17.1, ,60.8, ,94, ,59.1, ,1,I,284, ,63.4, 
240,4/22/2019,0500,112,0,R,0, ,0, ,14.7, ,56.6, ,94, ,54.8, ,1,I,207, ,63.4, 
240,4/22/2019,0600,112,0,R,0, ,50, ,14.3, ,56.3, ,92, ,54.1, ,1,I,251, ,63.2, 
240,4/22/2019,0700,112,0,R,0, ,410, ,14.5, ,57.5, ,90, ,54.5, ,1,I,244, ,63, 
240,4/22/2019,0800,112,0.01, ,0, ,838, ,12.2, ,57, ,77, ,49.8, ,1, ,236, ,62.8, 
240,4/22/2019,0900,112,0.01, ,0, ,1237, ,16, ,66.3, ,73, ,57.3, ,1.4, ,331, ,62.6, 
240,4/22/2019,1000,112,0.02, ,0, ,1559, ,18.8, ,74.6, ,64, ,61.7, ,1.5, ,157, ,62.4, 
240,4/22/2019,1100,112,0.02, ,0, ,1749, ,14.3, ,73.1, ,51, ,54.2, ,1.8, ,222, ,62.3, 
240,4/22/2019,1200,112,0.03, ,0, ,1918, ,13.4, ,78.3, ,40, ,52.3, ,7.9, ,321, ,62.3, 
240,4/22/2019,1300,112,0.03, ,0, ,1863, ,11, ,78.7, ,33, ,47.1, ,15.2, ,313, ,62.3, 
240,4/22/2019,1400,112,0.03, ,0, ,1720, ,9.4, ,78.4, ,28, ,43, ,16.3, ,317, ,62.3, 
240,4/22/2019,1500,112,0.02, ,0, ,941, ,8.6, ,77.7, ,26, ,40.6, ,15.7, ,322, ,62.4, 
240,4/22/2019,1600,112,0.02, ,0, ,860, ,8.7, ,76.8, ,28, ,41, ,11.6, ,321, ,62.5, 
240,4/22/2019,1700,112,0.01, ,0, ,508, ,9.4, ,76.1, ,31, ,43, ,11.5, ,328, ,62.6, 
240,4/22/2019,1800,112,0.01, ,0, ,388, ,13.6, ,74.2, ,47, ,52.7, ,8.2, ,190, ,62.7, 
240,4/22/2019,1900,112,0, ,0, ,20, ,21.9, ,77.3, ,68, ,66.1, ,9.7, ,150, ,62.8, 
240,4/22/2019,2000,112,0, ,0, ,0, ,19.7, ,72.7, ,72, ,63.1, ,8.5, ,157, ,62.8, 
240,4/22/2019,2100,112,0, ,0, ,0, ,15.9, ,66.9, ,71, ,57.1, ,1.7, ,134, ,62.9, 
240,4/22/2019,2200,112,0, ,0, ,0, ,13.9, ,62.7, ,71, ,53.3, ,3.4, ,138, ,62.9, 
240,4/22/2019,2300,112,0, ,0, ,0, ,13.3, ,59.3, ,77, ,52.1, ,1.4, ,257, ,62.9, 
240,4/22/2019,2400,112,0, ,0, ,0, ,13.2, ,56.9, ,83, ,51.8, ,1.1, ,254, ,62.9, 
240,4/23/2019,0100,113,0,R,0, ,0, ,15.8, ,60.6, ,88, ,56.9, ,1,I,352, ,62.9, 
240,4/23/2019,0200,113,0,R,0, ,0, ,21.7, ,67.2,Y,95,Y,65.8,Y,1,I,257, ,62.9, 
240,4/23/2019,0300,113,0,R,0, ,0, ,21.4, ,66.5,Y,97,Y,65.5,Y,1,I,277, ,62.8, 
240,4/23/2019,0400,113,0,R,0, ,0, ,19.3, ,63.1,Y,98,Y,62.5,Y,1,I,278, ,62.8, 
240,4/23/2019,0500,113,0,R,0, ,0, ,17.4, ,60.3, ,97, ,59.6, ,1,I,223, ,62.7, 
240,4/23/2019,0600,113,0,R,0, ,33, ,17.2, ,60.1, ,97, ,59.3, ,1,I,138, ,62.6, 
240,4/23/2019,0700,113,0,R,0, ,431, ,18.4, ,63, ,94, ,61.2, ,1,I,289, ,62.5, 
240,4/23/2019,0800,113,0.01,R,0, ,859, ,18.4, ,66.6, ,82, ,61.1, ,1,I,356, ,62.4, 
240,4/23/2019,0900,113,0.02,R,0, ,1258, ,18.3, ,74.8, ,62, ,61, ,1,I,313, ,62.3, 
240,4/23/2019,1000,113,0.02, ,0, ,1580, ,13.2, ,79.2, ,39, ,51.9, ,5.6, ,351, ,62.2, 
240,4/23/2019,1100,113,0.03, ,0, ,1797, ,10.8, ,85.5, ,26, ,46.6, ,9.6, ,350, ,62.2, 
240,4/23/2019,1200,113,0.03, ,0, ,1898, ,9.3, ,85.1, ,23, ,42.7, ,11.5, ,321, ,62.2, 
240,4/23/2019,1300,113,0.03, ,0, ,1865, ,9.1, ,86.1, ,21, ,42, ,9.3, ,312, ,62.2, 
240,4/23/2019,1400,113,0.03, ,0, ,1706, ,9.2, ,86.6, ,21, ,42.3, ,10, ,314, ,62.2, 
240,4/23/2019,1500,113,0.03, ,0, ,1439, ,9.1, ,86.4, ,21, ,42.1, ,10.2, ,310, ,62.3, 
240,4/23/2019,1600,113,0.02, ,0, ,1094, ,9.3, ,85.8, ,22, ,42.7, ,11.4, ,303, ,62.4, 
240,4/23/2019,1700,113,0.02, ,0, ,692, ,10.3, ,84.4, ,26, ,45.3, ,9.8, ,323, ,62.6, 
240,4/23/2019,1800,113,0.01, ,0, ,273, ,13.9, ,80.7, ,39, ,53.3, ,7, ,96, ,62.7, 
240,4/23/2019,1900,113,0,Y,0, ,18, ,20.8, ,80.9,Y,58,Y,64.7,Y,8.4, ,137, ,62.9, 
240,4/23/2019,2000,113,0,R,0, ,0, ,22.1, ,81.7,R,60,R,66.3,R,2.5, ,147, ,63, 
240,4/23/2019,2100,113,0,Y,0, ,0, ,18.5, ,75.1,Y,62,Y,61.2,Y,1.4, ,169, ,63.1, 
240,4/23/2019,2200,113,0,R,0, ,0, ,17, ,72.4,Y,63,Y,58.9,Y,1,I,147, ,63.2, 
240,4/23/2019,2300,113,0,R,0, ,0, ,13, ,62.2, ,68, ,51.5, ,1,I,239, ,63.2, 
240,4/23/2019,2400,113,0,R,0, ,0, ,13.7, ,60.5, ,76, ,52.9, ,1,I,300, ,63.3, 
240,4/24/2019,0100,114,0,R,0, ,0, ,22.2, ,70.5,R,87,R,66.5,R,1.2, ,257, ,63.3, 
240,4/24/2019,0200,114,0,R,0, ,0, ,21.5, ,69.3,Y,88,Y,65.5,Y,1,I,242, ,63.4, 
240,4/24/2019,0300,114,0,R,0, ,0, ,17.3, ,62.7,Y,89,Y,59.5,Y,1,I,282, ,63.5, 
240,4/24/2019,0400,114,0,R,0, ,0, ,15.5, ,59.8, ,88, ,56.4, ,1,I,315, ,63.6, 
240,4/24/2019,0500,114,0, ,0, ,0, ,15.3, ,58.8, ,90, ,56, ,1, ,259, ,63.6, 
240,4/24/2019,0600,114,0,R,0, ,37, ,15.5, ,59.3, ,90, ,56.4, ,1,I,343, ,63.5, 
240,4/24/2019,0700,114,0, ,0, ,449, ,15.9, ,61.7, ,85, ,57, ,1, ,315, ,63.4, 
240,4/24/2019,0800,114,0.01,Y,0, ,864, ,21.5, ,74.8,Y,73,Y,65.6,Y,1, ,229, ,63.2, 
240,4/24/2019,0900,114,0.02, ,0, ,1248, ,18.7, ,78.4, ,56, ,61.5, ,1.1, ,184, ,63.1, 
240,4/24/2019,1000,114,0.02, ,0, ,1569, ,14.8, ,78.9, ,44, ,55.1, ,3.2, ,175, ,63, 
240,4/24/2019,1100,114,0.03, ,0, ,1782, ,13.7, ,80.9, ,38, ,52.9, ,4.2, ,153, ,62.9, 
240,4/24/2019,1200,114,0.03, ,0, ,1871, ,15.7, ,86.3, ,37, ,56.8, ,4.5, ,150, ,62.9, 
240,4/24/2019,1300,114,0.03, ,0, ,1828, ,15.1, ,87.2, ,34, ,55.6, ,3.6, ,347, ,62.9, 
240,4/24/2019,1400,114,0.03, ,0, ,1671, ,13.1, ,87.1, ,30, ,51.8, ,5.9, ,350, ,62.9, 
240,4/24/2019,1500,114,0.02, ,0, ,1409, ,12.9, ,87.2, ,29, ,51.3, ,7.6, ,322, ,63.1, 
240,4/24/2019,1600,114,0.02, ,0, ,1050, ,14.2, ,86.6, ,33, ,54, ,5.9, ,312, ,63.2, 
240,4/24/2019,1700,114,0.01, ,0, ,657, ,12.4, ,84.7, ,31, ,50.3, ,9.4, ,334, ,63.4, 
240,4/24/2019,1800,114,0.01, ,0, ,268, ,10.7, ,82.1, ,29, ,46.4, ,7.5, ,341, ,63.6, 
240,4/24/2019,1900,114,0,Y,0, ,18, ,12.3, ,78.6,Y,37,Y,49.9,Y,1.9, ,327, ,63.8, 
240,4/24/2019,2000,114,0,Y,0, ,0, ,14.3, ,79.3,Y,42,Y,54.2,Y,2.5, ,6, ,64, 
240,4/24/2019,2100,114,0,R,0, ,0, ,18.3, ,81.6,R,50,R,61,R,1,I,62, ,64.1, 
240,4/24/2019,2200,114,0,R,0, ,0, ,14.7, ,73.3,Y,52,Y,54.8,Y,1,I,161, ,64.2, 
240,4/24/2019,2300,114,0,R,0, ,0, ,12.4, ,66.2,Y,56,Y,50.2,Y,1,I,232, ,64.2, 
240,4/24/2019,2400,114,0,R,0, ,0, ,11.8, ,61.7, ,63, ,48.9, ,1,I,267, ,64.2, 
240,4/25/2019,0100,115,0,R,0, ,0, ,13.8, ,62.6, ,71, ,53.1, ,1,I,286, ,64.2, 
240,4/25/2019,0200,115,0,R,0, ,0, ,17.9, ,67.4,Y,78,Y,60.3,Y,1,I,287, ,64.2, 
240,4/25/2019,0300,115,0,R,0, ,0, ,15.8, ,63,Y,80,Y,56.8,Y,1,I,262, ,64.1, 
240,4/25/2019,0400,115,0,R,0, ,0, ,15.1, ,60.5, ,84, ,55.5, ,1,I,257, ,64.1, 
240,4/25/2019,0500,115,0,R,0, ,0, ,13.9, ,57.7, ,85, ,53.3, ,1,I,268, ,64, 
240,4/25/2019,0600,115,0,R,0, ,43, ,13.5, ,56.4, ,87, ,52.6, ,1,I,262, ,63.9, 
240,4/25/2019,0700,115,0,R,0, ,453, ,14.5, ,61.4, ,78, ,54.5, ,1,I,317, ,63.8, 
240,4/25/2019,0800,115,0.01,R,0, ,870, ,23, ,78.3,Y,70,Y,67.5,Y,1,I,304, ,63.7, 
240,4/25/2019,0900,115,0.02, ,0, ,1265, ,17.6, ,79.6, ,51, ,59.9, ,1, ,187, ,63.6, 
240,4/25/2019,1000,115,0.02, ,0, ,1582, ,13.1, ,80.3, ,37, ,51.8, ,1.7, ,146, ,63.5, 
240,4/25/2019,1100,115,0.03, ,0, ,1797, ,10.9, ,83.1, ,28, ,46.9, ,2.3, ,148, ,63.4, 
240,4/25/2019,1200,115,0.03, ,0, ,1885, ,11.9, ,88.2, ,26, ,49.2, ,2.5, ,185, ,63.4, 
240,4/25/2019,1300,115,0.03, ,0, ,1848, ,11.4, ,88.3, ,25, ,48, ,3, ,325, ,63.5, 
240,4/25/2019,1400,115,0.03, ,0, ,1687, ,12.5, ,90, ,26, ,50.4, ,5.7, ,341, ,63.5, 
240,4/25/2019,1500,115,0.03, ,0, ,1411, ,13.1, ,90.2, ,27, ,51.8, ,7.3, ,193, ,63.6, 
240,4/25/2019,1600,115,0.02, ,0, ,1072, ,12.2, ,86.7, ,28, ,49.9, ,6.4, ,331, ,63.8, 
240,4/25/2019,1700,115,0.02, ,0, ,679, ,10.4, ,84.5, ,26, ,45.6, ,10.1, ,336, ,64, 
240,4/25/2019,1800,115,0.01, ,0, ,256, ,8.3, ,81.2, ,23, ,39.6, ,7.2, ,329, ,64.2, 
240,4/25/2019,1900,115,0, ,0, ,22, ,8.9, ,78.1, ,27, ,41.6, ,4.2, ,344, ,64.4, 
240,4/25/2019,2000,115,0,Y,0, ,0, ,16.2, ,82.4,Y,43,Y,57.5,Y,3.2, ,59, ,64.6, 
240,4/25/2019,2100,115,0,R,0, ,0, ,19.4, ,81.8,R,52,R,62.6,R,1.1, ,126, ,64.7, 
240,4/25/2019,2200,115,0,Y,0, ,0, ,14.5, ,72.7,Y,53,Y,54.6,Y,1, ,200, ,64.8, 
240,4/25/2019,2300,115,0,R,0, ,0, ,9.8, ,61.1, ,53, ,43.9, ,1,I,256, ,64.8, 
240,4/25/2019,2400,115,0,R,0, ,0, ,9.6, ,60.5, ,53, ,43.4, ,1,I,244, ,64.8, 
240,4/26/2019,0100,116,0,R,0, ,0, ,16.5, ,70.4,R,65,R,58.1,R,1,I,248, ,64.8, 
240,4/26/2019,0200,116,0,R,0, ,0, ,17.5, ,70.3,Y,69,Y,59.8,Y,1,I,360, ,64.9, 
240,4/26/2019,0300,116,0,R,0, ,0, ,18.4, ,69.2,Y,76,Y,61.1,Y,1,I,319, ,65, 
240,4/26/2019,0400,116,0,R,0, ,0, ,13.6, ,59.8, ,77, ,52.7, ,1,I,283, ,65, 
240,4/26/2019,0500,116,0,R,0, ,0, ,12.9, ,57.8, ,79, ,51.3, ,1,I,239, ,65, 
240,4/26/2019,0600,116,0,R,0, ,50, ,12.5, ,56.4, ,80, ,50.5, ,1,I,266, ,64.9, 
240,4/26/2019,0700,116,0,R,0, ,462, ,13.7, ,61.4, ,74, ,53, ,1,I,4, ,64.7, 
240,4/26/2019,0800,116,0.01, ,0, ,876, ,18.3, ,72.6, ,67, ,61, ,1.7, ,25, ,64.6, 
240,4/26/2019,0900,116,0.02,R,0, ,1269, ,18.8, ,79.6, ,55, ,61.7, ,1,I,168, ,64.4, 
240,4/26/2019,1000,116,0.02, ,0, ,1592, ,15.7, ,81, ,43, ,56.7, ,1.3, ,335, ,64.3, 
240,4/26/2019,1100,116,0.03, ,0, ,1805, ,11.1, ,81.3, ,30, ,47.3, ,1.2, ,19, ,64.2, 
240,4/26/2019,1200,116,0.03, ,0, ,1889, ,11, ,85.5, ,26, ,47, ,3.8, ,157, ,64.1, 
240,4/26/2019,1300,116,0.03, ,0, ,1854, ,11.7, ,86.2, ,27, ,48.7, ,3.8, ,252, ,64.1, 
240,4/26/2019,1400,116,0.03, ,0, ,1664, ,13.8, ,83.8, ,35, ,53.2, ,7.5, ,341, ,64.2, 
240,4/26/2019,1500,116,0.02, ,0, ,1416, ,13.1, ,83.1, ,34, ,51.8, ,9.6, ,342, ,64.3, 
240,4/26/2019,1600,116,0.02, ,0, ,1074, ,15.2, ,83.2, ,39, ,55.8, ,5.5, ,167, ,64.4, 
240,4/26/2019,1700,116,0.01, ,0, ,672, ,14.5, ,78.9, ,43, ,54.6, ,8.5, ,136, ,64.6, 
240,4/26/2019,1800,116,0.01, ,0, ,279, ,15.3, ,77, ,48, ,56, ,5.9, ,152, ,64.8, 
240,4/26/2019,1900,116,0, ,0, ,22, ,19.7, ,78.2, ,60, ,63.1, ,5.6, ,151, ,65, 
240,4/26/2019,2000,116,0, ,0, ,0, ,15.8, ,69.2, ,65, ,56.8, ,7.7, ,135, ,65.1, 
240,4/26/2019,2100,116,0, ,0, ,0, ,13.7, ,63.4, ,68, ,52.9, ,3.3, ,190, ,65.2, 
240,4/26/2019,2200,116,0, ,0, ,0, ,13.5, ,61.4, ,73, ,52.5, ,1.3, ,172, ,65.3, 
240,4/26/2019,2300,116,0,R,0, ,0, ,13.1, ,59.3, ,76, ,51.7, ,1,I,129, ,65.4, 
240,4/26/2019,2400,116,0,R,0, ,0, ,14.2, ,59.6, ,81, ,53.9, ,1,I,118, ,65.4, 
240,4/27/2019,0100,117,0,R,0, ,0, ,15.6, ,60.4, ,87, ,56.5, ,1,I,135, ,65.4, 
240,4/27/2019,0200,117,0, ,0, ,0, ,15.9, ,58.3, ,96, ,57.1, ,3.7, ,179, ,65.4, 
240,4/27/2019,0300,117,0,R,0, ,0, ,16.5, ,58, ,100, ,58, ,1,I,211, ,65.5, 
240,4/27/2019,0400,117,0, ,0, ,0, ,16.6, ,58.5, ,99, ,58.3, ,1.2, ,97, ,65.6, 
240,4/27/2019,0500,117,0, ,0, ,0, ,16.8, ,58.5, ,100, ,58.5, ,2.1, ,144, ,65.6, 
240,4/27/2019,0600,117,0, ,0, ,20, ,16.7, ,58.2, ,100, ,58.2, ,1.7, ,103, ,65.5, 
240,4/27/2019,0700,117,0, ,0, ,89, ,16.7, ,58.1, ,100, ,58.1, ,1, ,352, ,65.4, 
240,4/27/2019,0800,117,0, ,0, ,190, ,17.3, ,59.3, ,100, ,59.3, ,2.1, ,189, ,65.2, 
240,4/27/2019,0900,117,0, ,0, ,382, ,19.2, ,63.2, ,97, ,62.4, ,1, ,270, ,65.1, 
240,4/27/2019,1000,117,0.01, ,0, ,781, ,20.3, ,66.3, ,92, ,63.9, ,1.5, ,250, ,65, 
240,4/27/2019,1100,117,0.02, ,0, ,1757, ,18.6, ,67.4, ,81, ,61.5, ,2, ,341, ,64.9, 
240,4/27/2019,1200,117,0.03, ,0, ,1914, ,27.3, ,81.2, ,75, ,72.6, ,2.7, ,332, ,64.9, 
240,4/27/2019,1300,117,0.03, ,0, ,1861, ,18.7, ,76.8, ,59, ,61.6, ,4.7, ,353, ,64.8, 
240,4/27/2019,1400,117,0.02, ,0, ,1724, ,19.2, ,80.2, ,54, ,62.3, ,3.1, ,326, ,64.9, 
240,4/27/2019,1500,117,0.02, ,0, ,1433, ,16.4, ,78.7, ,49, ,57.8, ,6.7, ,321, ,64.9, 
240,4/27/2019,1600,117,0.02, ,0, ,1072, ,15.4, ,77.8, ,47, ,56.1, ,8.7, ,339, ,65, 
240,4/27/2019,1700,117,0.01, ,0, ,673, ,15.1, ,77.3, ,47, ,55.6, ,5.8, ,334, ,65.1, 
240,4/27/2019,1800,117,0.01, ,0, ,276, ,15.3, ,75.1, ,51, ,56, ,4.7, ,320, ,65.3, 
240,4/27/2019,1900,117,0, ,0, ,26, ,20.5, ,75.8, ,67, ,64.1, ,4.4, ,332, ,65.4, 
240,4/27/2019,2000,117,0, ,0, ,0, ,19.3, ,72.1, ,72, ,62.5, ,4.6, ,21, ,65.6, 
240,4/27/2019,2100,117,0, ,0, ,0, ,16.7, ,66.3, ,76, ,58.5, ,4.6, ,108, ,65.7, 
240,4/27/2019,2200,117,0, ,0, ,0, ,15.1, ,60.7, ,83, ,55.6, ,5.4, ,150, ,65.7, 
240,4/27/2019,2300,117,0, ,0, ,0, ,16.4, ,60, ,93, ,57.9, ,5.9, ,151, ,65.8, 
240,4/27/2019,2400,117,0, ,0, ,0, ,17.4, ,60.2, ,98, ,59.6, ,5.5, ,164, ,65.7, 
240,4/28/2019,0100,118,0, ,0, ,0, ,17.7, ,60, ,100, ,60, ,4.3, ,169, ,65.7, 
240,4/28/2019,0200,118,0, ,0, ,0, ,19.9, ,62.4, ,100, ,62.4, ,2.5, ,180, ,65.8, 
240,4/28/2019,0300,118,0,R,0, ,0, ,20,R,62, ,100,R,62,R,3.9, ,172, ,65.9, 
240,4/28/2019,0400,118,0, ,0, ,0, ,19.3, ,61.3, ,100, ,61.3, ,1.2, ,181, ,66, 
240,4/28/2019,0500,118,0,R,0, ,0, ,19.3, ,61.1, ,100, ,61.1, ,1,I,227, ,66, 
240,4/28/2019,0600,118,0, ,0, ,29, ,19.1, ,61.3, ,100, ,61.3, ,1.5, ,24, ,65.9, 
240,4/28/2019,0700,118,0, ,0, ,193, ,18.2, ,62, ,96, ,60.8, ,1.3, ,97, ,65.8, 
240,4/28/2019,0800,118,0.01, ,0, ,635, ,17.6, ,62.7, ,90, ,59.9, ,1.4, ,6, ,65.7, 
240,4/28/2019,0900,118,0.01, ,0, ,1262, ,15.1, ,63.6, ,75, ,55.7, ,4, ,182, ,65.5, 
240,4/28/2019,1000,118,0.02, ,0, ,1590, ,19.5, ,75.4, ,65, ,62.7, ,4.7, ,169, ,65.5, 
240,4/28/2019,1100,118,0.03, ,0, ,1852, ,15.9, ,76, ,52, ,57.1, ,3.6, ,177, ,65.4, 
240,4/28/2019,1200,118,0.03, ,0, ,1803, ,14.2, ,79.1, ,42, ,54, ,3.7, ,210, ,65.4, 
240,4/28/2019,1300,118,0.03, ,0, ,1856, ,12.6, ,80.2, ,36, ,50.8, ,4.5, ,168, ,65.4, 
240,4/28/2019,1400,118,0.02, ,0, ,942, ,13.7, ,79.2, ,40, ,52.9, ,11.1, ,190, ,65.4, 
240,4/28/2019,1500,118,0.01, ,0, ,486, ,17.2, ,76.2, ,56, ,59.3, ,10.4, ,158, ,65.5, 
240,4/28/2019,1600,118,0.01, ,0, ,691, ,18.1, ,81.8, ,49, ,60.7, ,6.3, ,144, ,65.6, 
240,4/28/2019,1700,118,0.01, ,0, ,625, ,11.7, ,79.2, ,34, ,48.8, ,4.5, ,167, ,65.7, 
240,4/28/2019,1800,118,0, ,0, ,337, ,8.9, ,75.3, ,30, ,41.6, ,1.1, ,259, ,65.8, 
240,4/28/2019,1900,118,0, ,0, ,9, ,14.2, ,73.2, ,51, ,53.9, ,6.6, ,180, ,65.9, 
240,4/28/2019,2000,118,0, ,0, ,0, ,14, ,61.1, ,76, ,53.6, ,10.3, ,151, ,66, 
240,4/28/2019,2100,118,0, ,0, ,0, ,14, ,58.5, ,83, ,53.5, ,9.6, ,140, ,66.1, 
240,4/28/2019,2200,118,0, ,0, ,0, ,14.8, ,59.3, ,86, ,55, ,9, ,158, ,66.1, 
240,4/28/2019,2300,118,0, ,0, ,0, ,15.5, ,59.8, ,88, ,56.3, ,9.9, ,180, ,66.1, 
240,4/28/2019,2400,118,0, ,0, ,0, ,16.5, ,60.4, ,92, ,58, ,7.2, ,184, ,66.1, 
240,4/29/2019,0100,119,0, ,0, ,0, ,16.8, ,60.7, ,93, ,58.6, ,7.2, ,194, ,66, 
240,4/29/2019,0200,119,0, ,0, ,0, ,17.7, ,61.5, ,95, ,60, ,7.6, ,199, ,66.1, 
240,4/29/2019,0300,119,0, ,0, ,0, ,19.7, ,62.9, ,100, ,62.9, ,4.9, ,174, ,66.1, 
240,4/29/2019,0400,119,0, ,0, ,0, ,18.7, ,62.4, ,97, ,61.5, ,3.9, ,153, ,66.2, 
240,4/29/2019,0500,119,0, ,0, ,0, ,17.8, ,62.3, ,93, ,60.2, ,7.3, ,135, ,66.2, 
240,4/29/2019,0600,119,0, ,0, ,28, ,17.3, ,62.5, ,90, ,59.4, ,5.9, ,158, ,66, 
240,4/29/2019,0700,119,0, ,0, ,343, ,16.9, ,63.4, ,85, ,58.8, ,3.9, ,179, ,65.9, 
240,4/29/2019,0800,119,0.01, ,0, ,426, ,16.4, ,64.3, ,80, ,57.9, ,7.3, ,190, ,65.8, 
240,4/29/2019,0900,119,0.01, ,0, ,567, ,16.9, ,63.7, ,84, ,58.8, ,7.9, ,179, ,65.7, 
240,4/29/2019,1000,119,0.01, ,0.01, ,860, ,18.3, ,63.9, ,90, ,61, ,4.2, ,171, ,65.6, 
240,4/29/2019,1100,119,0.01, ,0, ,804, ,16, ,63, ,81, ,57.1, ,5.1, ,174, ,65.5, 
240,4/29/2019,1200,119,0.01, ,0, ,881, ,15.5, ,62.1, ,81, ,56.3, ,9.8, ,180, ,65.4, 
240,4/29/2019,1300,119,0.02, ,0, ,1292, ,13.4, ,61.8, ,71, ,52.4, ,9, ,183, ,65.4, 
240,4/29/2019,1400,119,0.01, ,0, ,1057, ,13.2, ,61, ,72, ,51.9, ,10.4, ,188, ,65.4, 
240,4/29/2019,1500,119,0.01, ,0, ,931, ,13.2, ,60.4, ,73, ,51.9, ,10.4, ,175, ,65.4, 
240,4/29/2019,1600,119,0, ,0, ,168, ,13.1, ,59.7, ,75, ,51.8, ,9, ,197, ,65.4, 
240,4/29/2019,1700,119,0, ,0, ,174, ,13.6, ,58.8, ,80, ,52.8, ,7.8, ,184, ,65.4, 
240,4/29/2019,1800,119,0, ,0, ,119, ,13.4, ,58.6, ,80, ,52.4, ,7.8, ,175, ,65.4, 
240,4/29/2019,1900,119,0, ,0, ,3, ,12.9, ,58.3, ,78, ,51.4, ,7.7, ,191, ,65.5, 
240,4/29/2019,2000,119,0, ,0, ,0, ,13, ,57.2, ,81, ,51.5, ,5.6, ,184, ,65.5, 
240,4/29/2019,2100,119,0, ,0, ,0, ,12.9, ,56.8, ,82, ,51.3, ,5, ,178, ,65.5, 
240,4/29/2019,2200,119,0, ,0, ,0, ,13, ,56.3, ,84, ,51.5, ,4.7, ,183, ,65.4, 
240,4/29/2019,2300,119,0, ,0, ,0, ,13.1, ,55.9, ,86, ,51.7, ,5, ,171, ,65.4, 
240,4/29/2019,2400,119,0, ,0, ,0, ,12.9, ,55.7, ,85, ,51.2, ,5.8, ,173, ,65.3, 
240,4/30/2019,0100,120,0, ,0, ,0, ,13.1, ,55.3, ,88, ,51.7, ,6.1, ,175, ,65.3, 
240,4/30/2019,0200,120,0, ,0, ,0, ,13.2, ,55, ,89, ,51.9, ,5.5, ,173, ,65.2, 
240,4/30/2019,0300,120,0, ,0, ,0, ,13.1, ,54.8, ,90, ,51.8, ,5.7, ,171, ,65.1, 
240,4/30/2019,0400,120,0, ,0, ,0, ,13.7, ,55.3, ,92, ,53, ,5.5, ,171, ,65.1, 
240,4/30/2019,0500,120,0, ,0, ,0, ,14.3, ,56.1, ,93, ,54.2, ,1.7, ,177, ,65, 
240,4/30/2019,0600,120,0, ,0, ,22, ,14.5, ,56.4, ,94, ,54.5, ,4.3, ,174, ,64.9, 
240,4/30/2019,0700,120,0, ,0, ,130, ,14.4, ,57.1, ,90, ,54.2, ,3.1, ,180, ,64.9, 
240,4/30/2019,0800,120,0, ,0, ,369, ,14.9, ,57.8, ,91, ,55.3, ,5.1, ,180, ,64.8, 
240,4/30/2019,0900,120,0, ,0.01, ,548, ,15.3, ,58.1, ,92, ,56, ,6.1, ,161, ,64.7, 
240,4/30/2019,1000,120,0, ,0.02, ,585, ,16, ,58.3, ,96, ,57.1, ,1.8, ,156, ,64.7, 
240,4/30/2019,1100,120,0.01, ,0, ,1040, ,14.9, ,59.2, ,87, ,55.2, ,5.3, ,196, ,64.6, 
240,4/30/2019,1200,120,0, ,0, ,567, ,13.5, ,59.1, ,79, ,52.6, ,5.8, ,348, ,64.5, 
240,4/30/2019,1300,120,0.01, ,0, ,897, ,13.4, ,60.8, ,74, ,52.4, ,4.2, ,328, ,64.5, 
240,4/30/2019,1400,120,0.01, ,0, ,696, ,13.5, ,63.1, ,69, ,52.6, ,2.7, ,299, ,64.5, 
240,4/30/2019,1500,120,0, ,0, ,459, ,12.9, ,63.9, ,64, ,51.3, ,3, ,216, ,64.6, 
240,4/30/2019,1600,120,0, ,0, ,303, ,12.1, ,63.6, ,60, ,49.7, ,7.8, ,202, ,64.6, 
240,4/30/2019,1700,120,0.01, ,0, ,291, ,11.9, ,63, ,61, ,49.2, ,8.8, ,198, ,64.6, 
240,4/30/2019,1800,120,0, ,0, ,101, ,12, ,60.9, ,66, ,49.3, ,8.9, ,201, ,64.7, 
240,4/30/2019,1900,120,0, ,0, ,8, ,11.3, ,57.9, ,69, ,47.8, ,6.9, ,229, ,64.7, 
240,4/30/2019,2000,120,0, ,0, ,0, ,11.1, ,56.6, ,71, ,47.4, ,4.6, ,206, ,64.7, 
240,4/30/2019,2100,120,0, ,0, ,0, ,11.2, ,56, ,73, ,47.5, ,5.4, ,181, ,64.7, 
240,4/30/2019,2200,120,0, ,0, ,0, ,11.5, ,55, ,78, ,48.3, ,5.3, ,153, ,64.7, 
240,4/30/2019,2300,120,0, ,0, ,0, ,12.3, ,54.5, ,85, ,50, ,4, ,137, ,64.7, 
240,4/30/2019,2400,120,0, ,0, ,0, ,13, ,54.9, ,88, ,51.4, ,2.2, ,157, ,64.6, 
240,5/1/2019,0100,121,0, ,0, ,0, ,12.9, ,54.8, ,88, ,51.4, ,1.3, ,173, ,64.6, 
240,5/1/2019,0200,121,0,R,0, ,0, ,12.7, ,54.4, ,88, ,50.9, ,1,I,102, ,64.6, 
240,5/1/2019,0300,121,0,R,0, ,0, ,12.4, ,54.2, ,86, ,50.3, ,1,I,357, ,64.7, 
240,5/1/2019,0400,121,0, ,0, ,0, ,12, ,54.3, ,83, ,49.3, ,2.1, ,349, ,64.7, 
240,5/1/2019,0500,121,0,R,0, ,1, ,11.9, ,54.2, ,83, ,49.1, ,1,I,320, ,64.7, 
240,5/1/2019,0600,121,0,R,0, ,58, ,11.8, ,54.1, ,82, ,48.9, ,1,I,334, ,64.6, 
240,5/1/2019,0700,121,0, ,0, ,247, ,11.9, ,54.8, ,81, ,49.1, ,1, ,327, ,64.5, 
240,5/1/2019,0800,121,0.01, ,0, ,647, ,12, ,56.3, ,77, ,49.3, ,1.1, ,308, ,64.4, 
240,5/1/2019,0900,121,0.02, ,0, ,1652,Y,11.1, ,58.8, ,65, ,47.2, ,2.3, ,31, ,64.3, 
240,5/1/2019,1000,121,0.01, ,0, ,1233, ,10.2, ,59.1, ,60, ,45, ,3.8, ,33, ,64.2, 
240,5/1/2019,1100,121,0.02, ,0, ,1799, ,10.7, ,62, ,57, ,46.4, ,4.9, ,344, ,64.1, 
240,5/1/2019,1200,121,0.03, ,0, ,1896, ,14.7, ,71.9, ,55, ,54.8, ,4.1, ,325, ,64.1, 
240,5/1/2019,1300,121,0.03, ,0, ,1887, ,14, ,74.5, ,48, ,53.6, ,3.2, ,349, ,64.1, 
240,5/1/2019,1400,121,0.02, ,0, ,1728, ,13.2, ,76.2, ,43, ,52, ,2.6, ,239, ,64.1, 
240,5/1/2019,1500,121,0.02, ,0, ,1452, ,14.6, ,79.9, ,42, ,54.7, ,4.9, ,325, ,64.2, 
240,5/1/2019,1600,121,0.02, ,0, ,1091, ,13, ,78, ,40, ,51.5, ,5.5, ,333, ,64.3, 
240,5/1/2019,1700,121,0.01, ,0, ,599, ,14.7, ,75.4, ,49, ,54.9, ,7.2, ,181, ,64.4, 
240,5/1/2019,1800,121,0.01, ,0, ,303, ,12.5, ,72.5, ,46, ,50.5, ,5.8, ,331, ,64.6, 
240,5/1/2019,1900,121,0, ,0, ,25, ,12.9, ,68.3, ,55, ,51.4, ,5.3, ,319, ,64.7, 
240,5/1/2019,2000,121,0, ,0, ,0, ,17.2, ,69.1, ,71, ,59.2, ,6.1, ,136, ,64.9, 
240,5/1/2019,2100,121,0, ,0, ,0, ,14.4, ,61.7, ,77, ,54.2, ,3, ,113, ,65, 
240,5/1/2019,2200,121,0, ,0, ,0, ,12.8, ,57.5, ,79, ,51.2, ,2.2, ,122, ,65, 
240,5/1/2019,2300,121,0,R,0, ,0, ,13.6, ,57.1, ,85, ,52.7, ,1,I,67, ,65, 
240,5/1/2019,2400,121,0,R,0, ,0, ,13.9, ,58.1, ,84, ,53.3, ,1,I,58, ,65, 
240,5/2/2019,0100,122,0,R,0, ,0, ,14.6, ,57.8, ,89, ,54.6, ,1,I,245, ,65, 
240,5/2/2019,0200,122,0,R,0, ,0, ,13.1, ,53.9, ,93, ,51.7, ,1,I,249, ,64.9, 
240,5/2/2019,0300,122,0,R,0, ,0, ,13, ,52.9, ,95, ,51.4, ,1,I,262, ,64.9, 
240,5/2/2019,0400,122,0,R,0, ,0, ,12.5, ,51.6, ,96, ,50.5, ,1,I,351, ,64.8, 
240,5/2/2019,0500,122,0,R,0, ,2, ,12.4, ,50.7, ,98, ,50.2, ,1,I,249, ,64.7, 
240,5/2/2019,0600,122,0,R,0, ,98, ,12.2, ,50.1, ,99, ,49.8, ,1,I,263, ,64.5, 
240,5/2/2019,0700,122,0,R,0, ,434, ,13.3, ,54.1, ,93, ,52.1, ,1,I,349, ,64.4, 
240,5/2/2019,0800,122,0.01, ,0, ,755, ,14.6, ,58.2, ,88, ,54.7, ,1, ,334, ,64.3, 
240,5/2/2019,0900,122,0.01, ,0, ,882, ,14.4, ,61.8, ,76, ,54.3, ,1, ,301, ,64.1, 
240,5/2/2019,1000,122,0.02, ,0, ,1317, ,15.5, ,66.7, ,70, ,56.4, ,1.3, ,260, ,64.1, 
240,5/2/2019,1100,122,0.02, ,0, ,1553, ,15.6, ,71.7, ,59, ,56.5, ,1.8, ,280, ,64, 
240,5/2/2019,1200,122,0.02, ,0, ,1677, ,16.2, ,77.4, ,50, ,57.5, ,2.8, ,314, ,64, 
240,5/2/2019,1300,122,0.03, ,0, ,1978, ,12.3, ,78.5, ,37, ,49.9, ,3.1, ,250, ,64, 
240,5/2/2019,1400,122,0.02, ,0, ,1644, ,12.9, ,80.2, ,37, ,51.2, ,3.9, ,322, ,64, 
240,5/2/2019,1500,122,0.02, ,0, ,1410, ,12.9, ,79.5, ,37, ,51.3, ,9.2, ,332, ,64.1, 
240,5/2/2019,1600,122,0.02, ,0, ,982, ,12.5, ,76.7, ,40, ,50.4, ,9.3, ,336, ,64.2, 
240,5/2/2019,1700,122,0.01, ,0, ,693, ,13.1, ,75.2, ,44, ,51.8, ,6, ,331, ,64.4, 
240,5/2/2019,1800,122,0.01, ,0, ,292, ,14.1, ,72.6, ,52, ,53.8, ,4.4, ,179, ,64.6, 
240,5/2/2019,1900,122,0, ,0, ,24, ,15.7, ,74.1, ,55, ,56.7, ,3.9, ,352, ,64.7, 
240,5/2/2019,2000,122,0, ,0, ,0, ,20.7, ,73.7, ,73, ,64.5, ,5.5, ,145, ,64.9, 
240,5/2/2019,2100,122,0, ,0, ,0, ,20.8, ,70.7, ,81, ,64.6, ,4.6, ,137, ,65, 
240,5/2/2019,2200,122,0, ,0, ,0, ,16.7, ,63.1, ,85, ,58.4, ,6.4, ,132, ,65, 
240,5/2/2019,2300,122,0, ,0, ,0, ,15.8, ,60.5, ,88, ,56.9, ,2.8, ,154, ,65.1, 
240,5/2/2019,2400,122,0,R,0, ,0, ,14.6, ,57.4, ,91, ,54.8, ,1,I,229, ,65.1, 
240,5/3/2019,0100,123,0,R,0, ,0, ,18.3, ,62.4, ,95, ,61, ,1,I,212, ,65, 
240,5/3/2019,0200,123,0, ,0, ,0, ,19.3, ,63.1, ,98, ,62.5, ,1.6, ,141, ,65.1, 
240,5/3/2019,0300,123,0,Y,0, ,0, ,20.5, ,63,Y,100,Y,63,Y,1.8, ,147, ,65.3, 
240,5/3/2019,0400,123,0,R,0, ,0, ,18.5,R,59.6, ,100,R,59.6,R,1,I,124, ,65.4, 
240,5/3/2019,0500,123,0,R,0, ,1, ,16.1,R,55.8, ,100,R,55.8,R,1,I,254, ,65.4, 
240,5/3/2019,0600,123,0,R,0, ,64, ,14.1, ,52.6, ,100, ,52.6, ,1,I,274, ,65.3, 
240,5/3/2019,0700,123,0,R,0, ,309, ,15.5, ,55.2, ,100, ,55.2, ,1,I,273, ,65.1, 
240,5/3/2019,0800,123,0.01,R,0, ,914, ,18.4, ,59.9, ,100, ,59.9, ,1,I,85, ,65, 
240,5/3/2019,0900,123,0.02,R,0, ,1314, ,22.5, ,70.4, ,88, ,66.8, ,1,I,175, ,64.8, 
240,5/3/2019,1000,123,0.02, ,0, ,1621, ,20.2, ,75.1, ,68, ,63.7, ,1.3, ,164, ,64.7, 
240,5/3/2019,1100,123,0.03, ,0, ,1852, ,17.5, ,76.6, ,56, ,59.7, ,2, ,187, ,64.6, 
240,5/3/2019,1200,123,0.03, ,0, ,1925, ,14.8, ,77.6, ,46, ,55.1, ,2.5, ,12, ,64.6, 
240,5/3/2019,1300,123,0.03, ,0, ,1867, ,15.3, ,81.9, ,41, ,55.9, ,6.8, ,354, ,64.6, 
240,5/3/2019,1400,123,0.03, ,0, ,1714, ,15.6, ,83.5, ,40, ,56.5, ,5.8, ,343, ,64.7, 
240,5/3/2019,1500,123,0.03, ,0, ,1450, ,15.5, ,83.7, ,39, ,56.4, ,9.5, ,325, ,64.8, 
240,5/3/2019,1600,123,0.02, ,0, ,1111, ,15.3, ,82.2, ,41, ,56, ,10.3, ,333, ,64.9, 
240,5/3/2019,1700,123,0.01, ,0, ,711, ,13.3, ,78.9, ,39, ,52.2, ,7.6, ,323, ,65.1, 
240,5/3/2019,1800,123,0.01, ,0, ,303, ,14, ,76.5, ,45, ,53.6, ,4.3, ,202, ,65.2, 
240,5/3/2019,1900,123,0, ,0, ,28, ,14.8, ,73.8, ,52, ,55.1, ,4.5, ,125, ,65.4, 
240,5/3/2019,2000,123,0, ,0, ,0, ,17.3, ,74.4, ,60, ,59.5, ,4.2, ,124, ,65.5, 
240,5/3/2019,2100,123,0,Y,0, ,0, ,22.2, ,77.5,Y,69,Y,66.5,Y,6.4, ,138, ,65.6, 
240,5/3/2019,2200,123,0,Y,0, ,0, ,19.7, ,73.3,Y,71,Y,63.1,Y,3.8, ,134, ,65.7, 
240,5/3/2019,2300,123,0, ,0, ,0, ,15.1, ,65, ,72, ,55.7, ,2.4, ,154, ,65.7, 
240,5/3/2019,2400,123,0,R,0, ,0, ,13.5, ,60.9, ,74, ,52.6, ,1,I,193, ,65.7, 
240,5/4/2019,0100,124,0,R,0, ,0, ,14.5, ,60, ,82, ,54.4, ,1,I,319, ,65.7, 
240,5/4/2019,0200,124,0,R,0, ,0, ,18, ,64.1,Y,88,Y,60.5,Y,1,I,250, ,65.7, 
240,5/4/2019,0300,124,0,R,0, ,0, ,15.8, ,59.9, ,90, ,56.8, ,1,I,334, ,65.9, 
240,5/4/2019,0400,124,0,R,0, ,0, ,14.6, ,56.9, ,92, ,54.7, ,1,I,238, ,65.9, 
240,5/4/2019,0500,124,0,R,0, ,1, ,14.3, ,56.4, ,92, ,54.1, ,1,I,290, ,65.9, 
240,5/4/2019,0600,124,0,R,0, ,76, ,13.8, ,54.7, ,95, ,53.2, ,1,I,327, ,65.8, 
240,5/4/2019,0700,124,0,R,0, ,497, ,18.2, ,62.8, ,93, ,60.9, ,1,I,353, ,65.6, 
240,5/4/2019,0800,124,0.01, ,0, ,927, ,16.5, ,63.9, ,81, ,58, ,1, ,322, ,65.4, 
240,5/4/2019,0900,124,0.02, ,0, ,1325, ,22.2, ,75.4, ,74, ,66.5, ,1, ,271, ,65.2, 
240,5/4/2019,1000,124,0.02, ,0, ,1650, ,20, ,77.2, ,63, ,63.5, ,1.2, ,68, ,65.1, 
240,5/4/2019,1100,124,0.03, ,0, ,1869, ,15.6, ,78.2, ,47, ,56.6, ,1.9, ,190, ,65, 
240,5/4/2019,1200,124,0.03, ,0, ,1958, ,12, ,77.1, ,38, ,49.4, ,2.8, ,182, ,64.9, 
240,5/4/2019,1300,124,0.03, ,0, ,1900, ,12.5, ,79.5, ,36, ,50.4, ,5.6, ,159, ,64.9, 
240,5/4/2019,1400,124,0.03, ,0, ,1728, ,14.1, ,82.1, ,38, ,53.7, ,8.8, ,161, ,65, 
240,5/4/2019,1500,124,0.02, ,0, ,1472, ,14.6, ,81.4, ,40, ,54.7, ,9.3, ,177, ,65.1, 
240,5/4/2019,1600,124,0.02, ,0, ,1105, ,13.5, ,78.3, ,41, ,52.5, ,10.2, ,175, ,65.2, 
240,5/4/2019,1700,124,0.01, ,0, ,699, ,12.9, ,77.2, ,40, ,51.3, ,8.2, ,176, ,65.4, 
240,5/4/2019,1800,124,0.01, ,0, ,288, ,12.9, ,74.4, ,44, ,51.4, ,8.7, ,147, ,65.6, 
240,5/4/2019,1900,124,0, ,0, ,28, ,14.7, ,74.5, ,50, ,54.8, ,6.6, ,121, ,65.8, 
240,5/4/2019,2000,124,0, ,0, ,0, ,17.4, ,77.9, ,53, ,59.5, ,7, ,125, ,65.9, 
240,5/4/2019,2100,124,0, ,0, ,0, ,14.3, ,66.8, ,64, ,54.2, ,8.3, ,135, ,66.1, 
240,5/4/2019,2200,124,0, ,0, ,0, ,12.1, ,61.4, ,65, ,49.6, ,6.7, ,140, ,66.1, 
240,5/4/2019,2300,124,0, ,0, ,0, ,12.1, ,60.4, ,68, ,49.7, ,5.9, ,144, ,66.1, 
240,5/4/2019,2400,124,0,Y,0, ,0, ,18.4, ,68.9,Y,77,Y,61.2,Y,1.2, ,154, ,66.1, 
240,5/5/2019,0100,125,0,Y,0, ,0, ,20.7, ,67.7,Y,89,Y,64.5,Y,4.6, ,148, ,66.1, 
240,5/5/2019,0200,125,0, ,0, ,0, ,16.5, ,60.3, ,92, ,58.1, ,1.1, ,142, ,66.1, 
240,5/5/2019,0300,125,0, ,0, ,0, ,16.4, ,58.7, ,97, ,57.9, ,2.8, ,173, ,66.2, 
240,5/5/2019,0400,125,0, ,0, ,0, ,16.4, ,58.2, ,99, ,57.9, ,4.7, ,165, ,66.3, 
240,5/5/2019,0500,125,0, ,0, ,0, ,16, ,57.6, ,98, ,57.2, ,2.5, ,160, ,66.3, 
240,5/5/2019,0600,125,0, ,0, ,40, ,15.7, ,57.3, ,98, ,56.7, ,1.2, ,25, ,66.1, 
240,5/5/2019,0700,125,0, ,0, ,193, ,15.3, ,57.7, ,94, ,56, ,1.7, ,155, ,66, 
240,5/5/2019,0800,125,0, ,0, ,337, ,15.3, ,58.6, ,91, ,56, ,1.1, ,8, ,65.8, 
240,5/5/2019,0900,125,0.01, ,0, ,763, ,15.3, ,60.8, ,84, ,55.9, ,3.2, ,156, ,65.7, 
240,5/5/2019,1000,125,0.02, ,0, ,1631, ,15.3, ,64.4, ,74, ,56, ,3.5, ,170, ,65.6, 
240,5/5/2019,1100,125,0.02, ,0, ,1881, ,16.1, ,70.7, ,63, ,57.3, ,2.6, ,171, ,65.4, 
240,5/5/2019,1200,125,0.03, ,0, ,1970, ,17.2, ,76.1, ,56, ,59.2, ,2.7, ,149, ,65.4, 
240,5/5/2019,1300,125,0.03, ,0, ,1929, ,13.8, ,76.8, ,44, ,53.1, ,5.7, ,219, ,65.4, 
240,5/5/2019,1400,125,0.03, ,0, ,1792, ,14.1, ,79.2, ,41, ,53.8, ,6.9, ,196, ,65.4, 
240,5/5/2019,1500,125,0.01, ,0, ,676, ,12.7, ,73.9, ,44, ,50.9, ,9.5, ,182, ,65.4, 
240,5/5/2019,1600,125,0.01, ,0, ,557, ,12, ,72.4, ,44, ,49.4, ,9.7, ,173, ,65.5, 
240,5/5/2019,1700,125,0.01, ,0, ,197, ,13.5, ,72.3, ,50, ,52.6, ,10.9, ,179, ,65.7, 
240,5/5/2019,1800,125,0.01, ,0, ,235, ,14.1, ,69.7, ,57, ,53.7, ,9.6, ,186, ,65.8, 
240,5/5/2019,1900,125,0, ,0, ,18, ,18.6, ,72.7, ,68, ,61.4, ,7.4, ,169, ,65.9, 
240,5/5/2019,2000,125,0, ,0, ,0, ,13.2, ,62.9, ,67, ,52, ,8.2, ,130, ,66, 
240,5/5/2019,2100,125,0, ,0, ,0, ,12.6, ,59.9, ,71, ,50.6, ,8.6, ,136, ,66.1, 
240,5/5/2019,2200,125,0, ,0, ,0, ,12.3, ,57.5, ,76, ,49.9, ,7.8, ,149, ,66.1, 
240,5/5/2019,2300,125,0, ,0, ,0, ,12.4, ,56.7, ,79, ,50.2, ,6.8, ,144, ,66.1, 
240,5/5/2019,2400,125,0, ,0, ,0, ,12.5, ,56.6, ,80, ,50.4, ,5.9, ,144, ,66, 
240,5/6/2019,0100,126,0, ,0, ,0, ,12.5, ,56.3, ,81, ,50.6, ,5.8, ,163, ,65.9, 
240,5/6/2019,0200,126,0, ,0, ,0, ,14.6, ,58.8, ,86, ,54.7, ,5.2, ,173, ,66, 
240,5/6/2019,0300,126,0,Y,0, ,0, ,20, ,65.5,Y,93,Y,63.5,Y,2.7, ,167, ,66, 
240,5/6/2019,0400,126,0,Y,0, ,0, ,20.3, ,65.8,Y,93,Y,63.9,Y,1.5, ,131, ,66.1, 
240,5/6/2019,0500,126,0,Y,0, ,1, ,20.4, ,65.4,Y,95,Y,64.1,Y,4.5, ,144, ,66.1, 
240,5/6/2019,0600,126,0, ,0, ,63, ,20, ,64.8, ,95, ,63.5, ,3.1, ,139, ,65.9, 
240,5/6/2019,0700,126,0, ,0, ,127, ,20.6, ,65.4, ,96, ,64.3, ,3.6, ,182, ,65.8, 
240,5/6/2019,0800,126,0.01, ,0, ,535, ,20.1, ,66.3, ,91, ,63.7, ,4.4, ,161, ,65.7, 
240,5/6/2019,0900,126,0.01, ,0, ,1273, ,15.2, ,63.2, ,77, ,55.8, ,3.8, ,183, ,65.6, 
240,5/6/2019,1000,126,0.02, ,0, ,1574, ,13, ,64.6, ,63, ,51.5, ,4.1, ,140, ,65.5, 
240,5/6/2019,1100,126,0.01, ,0, ,993, ,14.8, ,69, ,61, ,55.1, ,7, ,346, ,65.4, 
240,5/6/2019,1200,126,0, ,0, ,403, ,13.6, ,66.7, ,61, ,52.8, ,8.9, ,346, ,65.3, 
240,5/6/2019,1300,126,0, ,0.02, ,366, ,13.7, ,62.1, ,72, ,53, ,6.6, ,284, ,65.3, 
240,5/6/2019,1400,126,0.01, ,0, ,1160, ,12.9, ,62.6, ,67, ,51.4, ,7.8, ,352, ,65.3, 
240,5/6/2019,1500,126,0.01, ,0, ,627, ,14.5, ,69, ,60, ,54.5, ,7, ,51, ,65.3, 
240,5/6/2019,1600,126,0, ,0.01, ,257, ,15.8, ,66.3, ,72, ,56.9, ,8.5, ,121, ,65.3, 
240,5/6/2019,1700,126,0, ,0.21, ,51, ,14.6, ,60.6, ,81, ,54.7, ,6.6, ,1, ,65.3, 
240,5/6/2019,1800,126,0, ,0.13, ,271, ,14.3, ,57.5, ,89, ,54.2, ,4.2, ,70, ,65.3, 
240,5/6/2019,1900,126,0, ,0, ,105, ,13.4, ,58.3, ,81, ,52.3, ,1.4, ,152, ,65.3, 
240,5/6/2019,2000,126,0, ,0, ,0, ,13, ,58.4, ,78, ,51.5, ,2.3, ,345, ,65.2, 
240,5/6/2019,2100,126,0, ,0, ,0, ,12.4, ,57.3, ,78, ,50.3, ,5.1, ,357, ,65.2, 
240,5/6/2019,2200,126,0, ,0, ,0, ,12.2, ,55.6, ,81, ,49.8, ,3.9, ,352, ,65.1, 
240,5/6/2019,2300,126,0, ,0, ,0, ,13.1, ,56.2, ,85, ,51.7, ,2.8, ,114, ,65, 
240,5/6/2019,2400,126,0, ,0, ,0, ,15.9, ,58.9, ,94, ,57.1, ,6.4, ,142, ,64.9, 
240,5/7/2019,0100,127,0, ,0, ,0, ,17, ,60.3, ,95, ,58.9, ,3, ,142, ,64.8, 
240,5/7/2019,0200,127,0, ,0, ,0, ,16.7, ,59.9, ,95, ,58.4, ,2.5, ,154, ,64.7, 
240,5/7/2019,0300,127,0, ,0, ,0, ,16.1, ,59.3, ,93, ,57.4, ,4.6, ,167, ,64.7, 
240,5/7/2019,0400,127,0, ,0, ,0, ,15.8, ,59.1, ,93, ,56.9, ,2.8, ,180, ,64.6, 
240,5/7/2019,0500,127,0, ,0, ,0, ,16.2, ,59.3, ,94, ,57.6, ,5.5, ,148, ,64.5, 
240,5/7/2019,0600,127,0, ,0, ,39, ,16.4, ,59.3, ,95, ,58, ,5.1, ,138, ,64.4, 
240,5/7/2019,0700,127,0, ,0, ,189, ,16.6, ,60, ,94, ,58.3, ,1.1, ,136, ,64.4, 
240,5/7/2019,0800,127,0.01, ,0, ,583, ,16.2, ,61.1, ,88, ,57.5, ,3.1, ,151, ,64.3, 
240,5/7/2019,0900,127,0.01, ,0, ,1022, ,15, ,61.3, ,81, ,55.3, ,3.1, ,159, ,64.2, 
240,5/7/2019,1000,127,0.02, ,0, ,1586, ,13, ,61.3, ,70, ,51.6, ,4.2, ,139, ,64.2, 
240,5/7/2019,1100,127,0.01, ,0, ,659, ,12.3, ,61.8, ,65, ,50.1, ,1.7, ,218, ,64.2, 
240,5/7/2019,1200,127,0, ,0, ,426, ,12.7, ,62.3, ,66, ,50.9, ,7.2, ,176, ,64.2, 
240,5/7/2019,1300,127,0, ,0, ,272, ,13, ,60.9, ,71, ,51.4, ,9, ,188, ,64.2, 
240,5/7/2019,1400,127,0, ,0, ,193, ,13, ,60.7, ,72, ,51.6, ,6.9, ,195, ,64.3, 
240,5/7/2019,1500,127,0, ,0, ,113, ,12.8, ,59.6, ,73, ,51, ,6.7, ,234, ,64.3, 
240,5/7/2019,1600,127,0, ,0, ,130, ,12.5, ,58.9, ,73, ,50.5, ,5.3, ,228, ,64.4, 
240,5/7/2019,1700,127,0, ,0, ,131, ,12.4, ,59.1, ,72, ,50.2, ,5.6, ,211, ,64.4, 
240,5/7/2019,1800,127,0, ,0, ,34, ,12.2, ,58.9, ,72, ,49.8, ,3.6, ,209, ,64.5, 
240,5/7/2019,1900,127,0, ,0, ,3, ,11.7, ,58.6, ,70, ,48.7, ,4.1, ,175, ,64.5, 
240,5/7/2019,2000,127,0, ,0, ,0, ,11.8, ,58.1, ,71, ,48.8, ,4.8, ,175, ,64.5, 
240,5/7/2019,2100,127,0, ,0, ,0, ,11.7, ,57.3, ,73, ,48.7, ,5.4, ,177, ,64.4, 
240,5/7/2019,2200,127,0, ,0, ,0, ,11.7, ,56.8, ,74, ,48.7, ,1, ,193, ,64.4, 
240,5/7/2019,2300,127,0, ,0, ,0, ,11.7, ,56.4, ,75, ,48.7, ,4.7, ,149, ,64.4, 
240,5/7/2019,2400,127,0, ,0, ,0, ,11.6, ,55.7, ,77, ,48.5, ,6.6, ,149, ,64.4, 
240,5/8/2019,0100,128,0, ,0, ,0, ,11.7, ,55.2, ,78, ,48.6, ,6, ,146, ,64.3, 
240,5/8/2019,0200,128,0, ,0, ,0, ,11.9, ,55.1, ,80, ,49.2, ,5.5, ,163, ,64.4, 
240,5/8/2019,0300,128,0, ,0, ,0, ,12, ,54.9, ,82, ,49.4, ,3.5, ,172, ,64.5, 
240,5/8/2019,0400,128,0,R,0, ,0, ,11.9, ,54.9, ,81, ,49.2, ,1,I,168, ,64.6, 
240,5/8/2019,0500,128,0,R,0, ,0, ,12, ,54.6, ,82, ,49.3, ,1,I,133, ,64.6, 
240,5/8/2019,0600,128,0, ,0, ,19, ,12.4, ,54.5, ,85, ,50.3, ,4.3, ,169, ,64.6, 
240,5/8/2019,0700,128,0, ,0, ,92, ,12.6, ,54.4, ,87, ,50.7, ,1.4, ,209, ,64.4, 
240,5/8/2019,0800,128,0, ,0, ,248, ,12.8, ,54.5, ,88, ,51.1, ,1.4, ,197, ,64.4, 
240,5/8/2019,0900,128,0, ,0, ,471, ,12.8, ,55.9, ,84, ,51.2, ,1.1, ,233, ,64.3, 
240,5/8/2019,1000,128,0.01,R,0, ,706, ,12.7, ,57.8, ,78, ,50.9, ,1,I,200, ,64.2, 
240,5/8/2019,1100,128,0.01,R,0, ,646, ,12.4, ,58.8, ,73, ,50.2, ,1,I,220, ,64.1, 
240,5/8/2019,1200,128,0.01, ,0, ,787, ,12.8, ,60.7, ,70, ,51.1, ,1.2, ,233, ,64.1, 
240,5/8/2019,1300,128,0.01,R,0, ,795, ,12.6, ,61.8, ,67, ,50.7, ,1,I,246, ,64.1, 
240,5/8/2019,1400,128,0.01, ,0, ,752, ,13.3, ,64.7, ,64, ,52.1, ,1.2, ,337, ,64.1, 
240,5/8/2019,1500,128,0, ,0, ,406, ,13.3, ,64.9, ,63, ,52.1, ,3.7, ,346, ,64.1, 
240,5/8/2019,1600,128,0, ,0, ,242, ,13.3, ,64.2, ,65, ,52.1, ,5.1, ,351, ,64.1, 
240,5/8/2019,1700,128,0, ,0, ,124, ,13.4, ,63.1, ,68, ,52.3, ,3.9, ,210, ,64.2, 
240,5/8/2019,1800,128,0, ,0, ,52, ,13.7, ,62.1, ,72, ,53, ,6.6, ,177, ,64.3, 
240,5/8/2019,1900,128,0, ,0, ,4, ,13.7, ,59.9, ,78, ,52.9, ,6.9, ,181, ,64.3, 
240,5/8/2019,2000,128,0, ,0, ,0, ,13.6, ,58.6, ,81, ,52.7, ,5.1, ,182, ,64.3, 
240,5/8/2019,2100,128,0, ,0, ,0, ,13.5, ,57.9, ,82, ,52.5, ,4.2, ,180, ,64.4, 
240,5/8/2019,2200,128,0, ,0, ,0, ,13.4, ,57.4, ,83, ,52.4, ,5, ,180, ,64.4, 
240,5/8/2019,2300,128,0, ,0, ,0, ,13.3, ,57, ,84, ,52.2, ,4.6, ,177, ,64.4, 
240,5/8/2019,2400,128,0, ,0, ,0, ,13.2, ,56.6, ,85, ,52, ,5, ,168, ,64.4, 
240,5/9/2019,0100,129,0, ,0, ,0, ,13.2, ,55.9, ,86, ,51.9, ,5.8, ,161, ,64.4, 
240,5/9/2019,0200,129,0, ,0, ,0, ,13.1, ,55.5, ,87, ,51.6, ,5.4, ,143, ,64.3, 
240,5/9/2019,0300,129,0, ,0, ,0, ,13.1, ,55.1, ,88, ,51.7, ,4.1, ,136, ,64.3, 
240,5/9/2019,0400,129,0,R,0, ,0, ,12.9, ,54.9, ,88, ,51.3, ,1,I,230, ,64.3, 
240,5/9/2019,0500,129,0,R,0, ,0, ,13.2, ,54.7, ,90, ,51.9, ,1,I,348, ,64.2, 
240,5/9/2019,0600,129,0,R,0, ,13, ,13.2, ,54.7, ,90, ,51.9, ,1,I,355, ,64.2, 
240,5/9/2019,0700,129,0,R,0, ,48, ,13.2, ,54.8, ,90, ,52, ,1,I,356, ,64.1, 
240,5/9/2019,0800,129,0,R,0, ,111, ,13.3, ,55, ,90, ,52.2, ,1,I,356, ,64.1, 
240,5/9/2019,0900,129,0, ,0, ,293, ,13.3, ,55.9, ,87, ,52.2, ,1.3, ,356, ,64, 
240,5/9/2019,1000,129,0, ,0, ,432, ,13.1, ,57.1, ,82, ,51.7, ,1.5, ,350, ,64, 
240,5/9/2019,1100,129,0,R,0, ,432, ,12.4, ,58.5, ,74, ,50.2, ,1,I,8, ,63.9, 
240,5/9/2019,1200,129,0,R,0, ,572, ,12.4, ,59.9, ,71, ,50.3, ,1,I,306, ,63.9, 
240,5/9/2019,1300,129,0,R,0, ,530, ,12.5, ,60.9, ,69, ,50.5, ,1,I,199, ,63.9, 
240,5/9/2019,1400,129,0.01, ,0, ,758, ,12.7, ,62.4, ,66, ,50.8, ,2.8, ,164, ,63.9, 
240,5/9/2019,1500,129,0.01, ,0, ,609, ,13, ,63.1, ,66, ,51.5, ,5.1, ,182, ,63.9, 
240,5/9/2019,1600,129,0, ,0, ,224, ,13.2, ,62.5, ,68, ,51.9, ,7.1, ,172, ,63.9, 
240,5/9/2019,1700,129,0, ,0, ,122, ,13.2, ,61.8, ,70, ,52, ,6.3, ,188, ,64, 
240,5/9/2019,1800,129,0, ,0, ,42, ,13.1, ,60.7, ,72, ,51.8, ,7, ,187, ,64, 
240,5/9/2019,1900,129,0, ,0, ,4, ,13.1, ,59.6, ,75, ,51.7, ,6.8, ,184, ,64, 
240,5/9/2019,2000,129,0, ,0, ,0, ,13.2, ,57.9, ,81, ,52, ,6.8, ,174, ,64.1, 
240,5/9/2019,2100,129,0, ,0, ,0, ,13.1, ,57, ,83, ,51.8, ,6, ,180, ,64.1, 
240,5/9/2019,2200,129,0, ,0, ,0, ,13, ,56.5, ,83, ,51.4, ,5.7, ,177, ,64.1, 
240,5/9/2019,2300,129,0, ,0, ,0, ,13, ,56.1, ,85, ,51.6, ,5.7, ,173, ,64.1, 
240,5/9/2019,2400,129,0, ,0, ,0, ,13.1, ,55.3, ,88, ,51.7, ,5.3, ,194, ,64.1, 
240,5/10/2019,0100,130,0, ,0.03, ,0, ,13.9, ,54.2, ,97, ,53.3, ,1.2, ,341, ,64.1, 
240,5/10/2019,0200,130,0, ,0.02, ,0, ,14.2, ,53.8, ,100, ,53.8, ,3.1, ,0, ,64.2, 
240,5/10/2019,0300,130,0, ,0, ,0, ,14.2, ,53.7, ,100, ,53.7, ,4.6, ,357, ,64.3, 
240,5/10/2019,0400,130,0, ,0, ,0, ,14.2, ,53.6, ,100, ,53.6, ,1.3, ,26, ,64.4, 
240,5/10/2019,0500,130,0,R,0, ,1, ,14.2, ,53.7, ,100, ,53.7, ,1,I,347, ,64.4, 
240,5/10/2019,0600,130,0, ,0, ,30, ,14, ,53.9, ,98, ,53.5, ,3.1, ,174, ,64.3, 
240,5/10/2019,0700,130,0, ,0, ,155, ,13.5, ,54.7, ,92, ,52.5, ,5.7, ,177, ,64.2, 
240,5/10/2019,0800,130,0, ,0, ,191, ,13.2, ,55.2, ,89, ,52, ,6.3, ,194, ,64.1, 
240,5/10/2019,0900,130,0, ,0, ,372, ,13, ,55.9, ,85, ,51.5, ,5.1, ,195, ,64, 
240,5/10/2019,1000,130,0.01, ,0, ,693, ,12.6, ,57.3, ,78, ,50.7, ,4.7, ,201, ,63.9, 
240,5/10/2019,1100,130,0.01, ,0, ,666, ,12.3, ,59, ,72, ,50, ,3, ,244, ,63.8, 
240,5/10/2019,1200,130,0, ,0, ,322, ,11.9, ,59.1, ,70, ,49.2, ,1.7, ,306, ,63.8, 
240,5/10/2019,1300,130,0, ,0, ,500, ,12.5, ,60.5, ,69, ,50.5, ,2, ,3, ,63.8, 
240,5/10/2019,1400,130,0, ,0, ,455, ,12.5, ,61, ,68, ,50.5, ,2.8, ,353, ,63.8, 
240,5/10/2019,1500,130,0, ,0, ,445, ,12.3, ,61.6, ,66, ,50.1, ,4.2, ,209, ,63.8, 
240,5/10/2019,1600,130,0, ,0, ,420, ,12, ,61.7, ,64, ,49.3, ,3, ,221, ,63.8, 
240,5/10/2019,1700,130,0, ,0, ,216, ,11.7, ,61.6, ,63, ,48.8, ,2.3, ,218, ,63.8, 
240,5/10/2019,1800,130,0, ,0, ,78, ,12.8, ,60.8, ,70, ,51.1, ,6.6, ,186, ,63.8, 
240,5/10/2019,1900,130,0, ,0, ,5, ,12.5, ,59.7, ,72, ,50.6, ,3.9, ,173, ,63.9, 
240,5/10/2019,2000,130,0, ,0, ,0, ,12.2, ,58.9, ,72, ,49.9, ,2.4, ,135, ,63.9, 
240,5/10/2019,2100,130,0, ,0, ,0, ,12.2, ,57.9, ,75, ,49.9, ,2.7, ,130, ,63.9, 
240,5/10/2019,2200,130,0, ,0, ,0, ,12.1, ,56.3, ,78, ,49.6, ,1.7, ,172, ,63.9, 
240,5/10/2019,2300,130,0,R,0, ,0, ,12.1, ,54.1, ,84, ,49.5, ,1,I,1, ,63.9, 
240,5/10/2019,2400,130,0,R,0, ,0, ,12.4, ,54.1, ,87, ,50.2, ,1,I,215, ,63.9, 
240,5/11/2019,0100,131,0,R,0, ,0, ,12.6, ,53.9, ,89, ,50.6, ,1,I,224, ,63.9, 
240,5/11/2019,0200,131,0, ,0, ,0, ,12.7, ,53, ,92, ,50.8, ,1.1, ,257, ,64, 
240,5/11/2019,0300,131,0,R,0, ,0, ,13.3, ,54.3, ,93, ,52.2, ,1,I,76, ,64, 
240,5/11/2019,0400,131,0,R,0, ,0, ,13.4, ,54.4, ,93, ,52.3, ,1,I,270, ,64.1, 
240,5/11/2019,0500,131,0,R,0, ,1, ,13.7, ,54.8, ,94, ,53, ,1,I,291, ,64.1, 
240,5/11/2019,0600,131,0, ,0, ,56, ,14, ,55.3, ,94, ,53.5, ,1.3, ,305, ,64.1, 
240,5/11/2019,0700,131,0, ,0, ,291, ,14.3, ,56.1, ,93, ,54.2, ,2.9, ,330, ,64, 
240,5/11/2019,0800,131,0, ,0, ,477, ,13.9, ,57.3, ,86, ,53.3, ,2.5, ,331, ,63.9, 
240,5/11/2019,0900,131,0.01, ,0, ,1216, ,14.4, ,61.5, ,77, ,54.4, ,1.6, ,32, ,63.8, 
240,5/11/2019,1000,131,0.02, ,0, ,1466, ,15.5, ,65.6, ,72, ,56.4, ,2.1, ,222, ,63.7, 
240,5/11/2019,1100,131,0.02, ,0, ,1389, ,15.7, ,69.7, ,64, ,56.8, ,4.6, ,360, ,63.7, 
240,5/11/2019,1200,131,0.03, ,0, ,1993, ,15, ,70.6, ,59, ,55.4, ,7.8, ,337, ,63.7, 
240,5/11/2019,1300,131,0.03, ,0, ,1906, ,15.5, ,73.2, ,56, ,56.4, ,6.8, ,333, ,63.7, 
240,5/11/2019,1400,131,0.03, ,0, ,1728, ,15.1, ,75.4, ,50, ,55.6, ,7.3, ,331, ,63.8, 
240,5/11/2019,1500,131,0.02, ,0, ,1481, ,13.9, ,74.9, ,47, ,53.3, ,10.4, ,335, ,63.9, 
240,5/11/2019,1600,131,0.01, ,0, ,821, ,13.8, ,74.2, ,48, ,53.2, ,11.1, ,331, ,64, 
240,5/11/2019,1700,131,0.01, ,0, ,298, ,13.7, ,72.2, ,51, ,53, ,10.7, ,324, ,64.2, 
240,5/11/2019,1800,131,0.01, ,0, ,300, ,13.7, ,70.6, ,54, ,52.9, ,8.2, ,308, ,64.3, 
240,5/11/2019,1900,131,0, ,0, ,39, ,14.4, ,69.5, ,58, ,54.2, ,6.8, ,337, ,64.4, 
240,5/11/2019,2000,131,0, ,0, ,0, ,17.4, ,69.6, ,70, ,59.5, ,8.5, ,149, ,64.5, 
240,5/11/2019,2100,131,0, ,0, ,0, ,18.4, ,69.4, ,75, ,61.2, ,6.3, ,136, ,64.6, 
240,5/11/2019,2200,131,0, ,0, ,0, ,18.2, ,67.7, ,79, ,60.9, ,6.1, ,145, ,64.6, 
240,5/11/2019,2300,131,0, ,0, ,0, ,18.3, ,65.8, ,84, ,61, ,6.1, ,135, ,64.7, 
240,5/11/2019,2400,131,0, ,0, ,0, ,15.4, ,60.7, ,85, ,56.1, ,5.3, ,135, ,64.6, 
240,5/12/2019,0100,132,0, ,0, ,0, ,14.3, ,57.8, ,88, ,54.1, ,1.5, ,205, ,64.6, 
240,5/12/2019,0200,132,0,R,0, ,0, ,15.2, ,57.9, ,93, ,55.9, ,1,I,244, ,64.7, 
240,5/12/2019,0300,132,0,R,0, ,0, ,15.7, ,58.7, ,93, ,56.7, ,1,I,96, ,64.8, 
240,5/12/2019,0400,132,0, ,0, ,0, ,17, ,59.5, ,98, ,58.9, ,1.2, ,30, ,64.9, 
240,5/12/2019,0500,132,0,R,0, ,3, ,17.8, ,59.7, ,100, ,59.7, ,1,I,272, ,64.9, 
240,5/12/2019,0600,132,0,R,0, ,129, ,19, ,60.7, ,100, ,60.7, ,1,I,294, ,64.8, 
240,5/12/2019,0700,132,0.01, ,0, ,544, ,21.3, ,64.6, ,100, ,64.6, ,1.2, ,208, ,64.6, 
240,5/12/2019,0800,132,0.01, ,0, ,945, ,16.8, ,61.8, ,90, ,58.6, ,1, ,199, ,64.5, 
240,5/12/2019,0900,132,0.02, ,0, ,1337, ,21.1, ,71.1, ,81, ,65, ,1.3, ,208, ,64.3, 
240,5/12/2019,1000,132,0.02, ,0, ,1650, ,19.1, ,72.8, ,69, ,62.1, ,1.5, ,235, ,64.2, 
240,5/12/2019,1100,132,0.03, ,0, ,1854, ,17.4, ,75.6, ,58, ,59.6, ,2, ,225, ,64.1, 
240,5/12/2019,1200,132,0.03, ,0, ,1935, ,16.2, ,77.3, ,51, ,57.5, ,2.8, ,36, ,64.1, 
240,5/12/2019,1300,132,0.03, ,0, ,1947, ,17.2, ,82.2, ,46, ,59.2, ,5.7, ,345, ,64.1, 
240,5/12/2019,1400,132,0.03, ,0, ,1644, ,17.1, ,83.6, ,44, ,59.1, ,7.9, ,335, ,64.2, 
240,5/12/2019,1500,132,0.02, ,0, ,1437, ,17.6, ,82.8, ,46, ,59.8, ,8.6, ,333, ,64.3, 
240,5/12/2019,1600,132,0.02, ,0, ,1197, ,18.2, ,81.6, ,50, ,60.9, ,3.8, ,11, ,64.5, 
240,5/12/2019,1700,132,0.01, ,0, ,737, ,16.3, ,76.6, ,52, ,57.7, ,10.2, ,160, ,64.6, 
240,5/12/2019,1800,132,0.01, ,0, ,327, ,15.5, ,73.2, ,56, ,56.4, ,10, ,156, ,64.8, 
240,5/12/2019,1900,132,0, ,0, ,43, ,18.3, ,73.7, ,64, ,60.9, ,8, ,151, ,65, 
240,5/12/2019,2000,132,0, ,0, ,0, ,24.8, ,77.5, ,77, ,69.7, ,8.7, ,132, ,65.2, 
240,5/12/2019,2100,132,0, ,0, ,0, ,24, ,73.8, ,84, ,68.7, ,6.3, ,160, ,65.3, 
240,5/12/2019,2200,132,0, ,0, ,0, ,18.4, ,64.6, ,89, ,61.1, ,7.5, ,146, ,65.4, 
240,5/12/2019,2300,132,0, ,0, ,0, ,17.7, ,61.6, ,94, ,60, ,4.8, ,176, ,65.5, 
240,5/12/2019,2400,132,0, ,0, ,0, ,17.6, ,60.7, ,97, ,59.8, ,4.2, ,161, ,65.5, 
240,5/13/2019,0100,133,0, ,0, ,0, ,17.5, ,60.2, ,98, ,59.7, ,1.5, ,175, ,65.5, 
240,5/13/2019,0200,133,0, ,0, ,0, ,17.8, ,59.9, ,100, ,59.9, ,3.7, ,196, ,65.6, 
240,5/13/2019,0300,133,0, ,0, ,0, ,17.9, ,59.6, ,100, ,59.6, ,2.5, ,223, ,65.7, 
240,5/13/2019,0400,133,0, ,0, ,0, ,17.4, ,58.8, ,100, ,58.8, ,1.5, ,276, ,65.8, 
240,5/13/2019,0500,133,0,R,0, ,1, ,17.6, ,59.1, ,100, ,59.1, ,1,I,263, ,65.9, 
240,5/13/2019,0600,133,0,R,0, ,23, ,17.8, ,59.5, ,100, ,59.5, ,1,I,289, ,65.8, 
240,5/13/2019,0700,133,0, ,0, ,91, ,18, ,59.8, ,100, ,59.8, ,1.7, ,355, ,65.6, 
240,5/13/2019,0800,133,0,R,0, ,180, ,18.2, ,60.1, ,100, ,60.1, ,1,I,255, ,65.5, 
240,5/13/2019,0900,133,0, ,0, ,311, ,18.3, ,61, ,100, ,61, ,1, ,293, ,65.4, 
240,5/13/2019,1000,133,0.01, ,0, ,777, ,18, ,62.3, ,94, ,60.5, ,1.3, ,237, ,65.3, 
240,5/13/2019,1100,133,0.02, ,0, ,1859, ,22, ,70.4, ,87, ,66.2, ,1.6, ,328, ,65.3, 
240,5/13/2019,1200,133,0.03,R,0, ,1941, ,25.5, ,78.3, ,77, ,70.5, ,1,I,98, ,65.2, 
240,5/13/2019,1300,133,0.03, ,0, ,1910, ,19.2, ,77.5, ,60, ,62.3, ,2.2, ,348, ,65.2, 
240,5/13/2019,1400,133,0.03, ,0, ,1743, ,17.3, ,78.4, ,52, ,59.3, ,7.2, ,339, ,65.2, 
240,5/13/2019,1500,133,0.02, ,0, ,1402, ,17.5, ,79.2, ,51, ,59.7, ,7.6, ,334, ,65.3, 
240,5/13/2019,1600,133,0.02, ,0, ,1092, ,17.3, ,79.1, ,51, ,59.3, ,4.9, ,328, ,65.4, 
240,5/13/2019,1700,133,0.01, ,0, ,701, ,16.5, ,76.5, ,53, ,58, ,7.8, ,334, ,65.6, 
240,5/13/2019,1800,133,0.01, ,0, ,337, ,15.8, ,73.4, ,56, ,56.9, ,8, ,343, ,65.7, 
240,5/13/2019,1900,133,0, ,0, ,66, ,16.5, ,71.8, ,62, ,58.1, ,7, ,350, ,65.8, 
240,5/13/2019,2000,133,0, ,0, ,0, ,17.1, ,69.8, ,69, ,59, ,1.5, ,26, ,65.9, 
240,5/13/2019,2100,133,0,Y,0, ,0, ,24.3, ,75.9,Y,79,Y,69.1,Y,1.4, ,109, ,66, 
240,5/13/2019,2200,133,0, ,0, ,0, ,21.5, ,70.2, ,85, ,65.5, ,2.2, ,160, ,66.1, 
240,5/13/2019,2300,133,0, ,0, ,0, ,18.5, ,64.9, ,88, ,61.2, ,4.3, ,140, ,66.1, 
240,5/13/2019,2400,133,0, ,0, ,0, ,16.7, ,60.3, ,94, ,58.4, ,4.5, ,164, ,66.1, 
240,5/14/2019,0100,134,0,R,0, ,0, ,16.9, ,59.5, ,97, ,58.8, ,1,I,124, ,66.1, 
240,5/14/2019,0200,134,0, ,0, ,0, ,17, ,59.5, ,98, ,58.9, ,2.1, ,328, ,66, 
240,5/14/2019,0300,134,0,R,0, ,0, ,17, ,59.1, ,99, ,58.9, ,1,I,358, ,66, 
240,5/14/2019,0400,134,0,R,0, ,0, ,17.1, ,59, ,100, ,59, ,1,I,328, ,65.9, 
240,5/14/2019,0500,134,0, ,0, ,1, ,17.5, ,59.1, ,100, ,59.1, ,1.1, ,357, ,65.9, 
240,5/14/2019,0600,134,0,R,0, ,27, ,17.5, ,59.1, ,100, ,59.1, ,1,I,334, ,65.8, 
240,5/14/2019,0700,134,0,R,0, ,110, ,17.8, ,59.6, ,100, ,59.6, ,1,I,359, ,65.8, 
240,5/14/2019,0800,134,0,R,0, ,265, ,18.2, ,60.2, ,100, ,60.2, ,1,I,250, ,65.7, 
240,5/14/2019,0900,134,0.01, ,0, ,990, ,18.3, ,62.1, ,96, ,61, ,1.7, ,281, ,65.6, 
240,5/14/2019,1000,134,0.02, ,0, ,1660, ,21.1, ,69.2, ,86, ,65, ,1.2, ,309, ,65.6, 
240,5/14/2019,1100,134,0.03, ,0, ,1867, ,24.1, ,77.9, ,74, ,68.9, ,1.5, ,319, ,65.6, 
240,5/14/2019,1200,134,0.03, ,0, ,1892, ,19.4, ,78.3, ,59, ,62.6, ,2.9, ,162, ,65.5, 
240,5/14/2019,1300,134,0.03, ,0, ,1817, ,19.6, ,82.7, ,51, ,62.9, ,5.6, ,303, ,65.6, 
240,5/14/2019,1400,134,0.03, ,0, ,1724, ,19.5, ,84.8, ,48, ,62.8, ,4.8, ,323, ,65.6, 
240,5/14/2019,1500,134,0.01, ,0, ,640, ,16.9, ,84.1, ,42, ,58.8, ,3.7, ,210, ,65.8, 
240,5/14/2019,1600,134,0.01, ,0, ,490, ,16.1, ,83.3, ,41, ,57.3, ,3.5, ,190, ,65.9, 
240,5/14/2019,1700,134,0.01, ,0, ,670, ,16.1, ,82.5, ,43, ,57.5, ,2.7, ,318, ,66.1, 
240,5/14/2019,1800,134,0.01, ,0, ,294, ,15.9, ,79.3, ,47, ,57.1, ,6.8, ,324, ,66.3, 
240,5/14/2019,1900,134,0, ,0, ,34, ,14.9, ,73.4, ,53, ,55.3, ,2.3, ,325, ,66.4, 
240,5/14/2019,2000,134,0, ,0, ,0, ,16.6, ,72.4, ,61, ,58.2, ,1.5, ,64, ,66.6, 
240,5/14/2019,2100,134,0,Y,0, ,0, ,24.8, ,78.4,Y,75,Y,69.7,Y,4.9, ,128, ,66.7, 
240,5/14/2019,2200,134,0, ,0, ,0, ,21.4, ,71.4, ,82, ,65.4, ,4.8, ,147, ,66.7, 
240,5/14/2019,2300,134,0, ,0, ,0, ,18.1, ,65.6, ,84, ,60.6, ,2, ,173, ,66.7, 
240,5/14/2019,2400,134,0, ,0, ,0, ,16.9, ,63.3, ,85, ,58.7, ,1.2, ,149, ,66.7, 
240,5/15/2019,0100,135,0, ,0, ,0, ,16.6, ,61.5, ,89, ,58.2, ,2, ,156, ,66.7, 
240,5/15/2019,0200,135,0,R,0, ,0, ,16.5, ,60.5, ,92, ,58, ,1,I,198, ,66.8, 
240,5/15/2019,0300,135,0, ,0, ,0, ,16.9, ,60.3, ,94, ,58.7, ,5.1, ,153, ,67, 
240,5/15/2019,0400,135,0, ,0, ,0, ,17.8, ,59.6, ,100, ,59.6, ,4.6, ,158, ,67.1, 
240,5/15/2019,0500,135,0, ,0, ,0, ,18, ,59.6, ,100, ,59.6, ,2.3, ,165, ,67.1, 
240,5/15/2019,0600,135,0, ,0, ,45, ,17.7, ,59.2, ,100, ,59.2, ,2.1, ,166, ,67, 
240,5/15/2019,0700,135,0, ,0, ,139, ,17.8, ,59.3, ,100, ,59.3, ,1.5, ,236, ,66.8, 
240,5/15/2019,0800,135,0, ,0, ,352, ,18.1, ,60.4, ,100, ,60.4, ,1.6, ,246, ,66.7, 
240,5/15/2019,0900,135,0.01, ,0, ,1133, ,17.2, ,62.2, ,90, ,59.2, ,1.9, ,190, ,66.6, 
240,5/15/2019,1000,135,0.02, ,0, ,1346, ,22.5, ,73.7, ,79, ,66.9, ,3.9, ,186, ,66.5, 
240,5/15/2019,1100,135,0.02, ,0, ,1456, ,22, ,78, ,67, ,66.3, ,3.1, ,178, ,66.4, 
240,5/15/2019,1200,135,0.02, ,0, ,1353, ,19.4, ,75.5, ,64, ,62.6, ,5.8, ,166, ,66.4, 
240,5/15/2019,1300,135,0.03, ,0, ,1691, ,17.8, ,74.7, ,61, ,60.2, ,8.5, ,163, ,66.4, 
240,5/15/2019,1400,135,0.02, ,0, ,1555, ,16.9, ,76, ,55, ,58.8, ,9.6, ,153, ,66.4, 
240,5/15/2019,1500,135,0.02, ,0, ,1393, ,15.3, ,75.7, ,51, ,56, ,11.7, ,149, ,66.5, 
240,5/15/2019,1600,135,0.02, ,0, ,973, ,14.6, ,74.5, ,50, ,54.7, ,10.5, ,160, ,66.6, 
240,5/15/2019,1700,135,0.01, ,0, ,420, ,14, ,70.6, ,55, ,53.6, ,9.9, ,168, ,66.7, 
240,5/15/2019,1800,135,0.01, ,0, ,203, ,17.7, ,71.6, ,67, ,60, ,9.3, ,170, ,66.8, 
240,5/15/2019,1900,135,0, ,0, ,71, ,20.4, ,72, ,76, ,64.1, ,8.3, ,172, ,66.9, 
240,5/15/2019,2000,135,0, ,0, ,0, ,17.6, ,66.3, ,80, ,59.8, ,7.7, ,166, ,67, 
240,5/15/2019,2100,135,0, ,0, ,0, ,15.8, ,64, ,78, ,56.8, ,5.9, ,174, ,67, 
240,5/15/2019,2200,135,0, ,0, ,0, ,15.5, ,62.7, ,80, ,56.3, ,6.2, ,162, ,66.9, 
240,5/15/2019,2300,135,0, ,0, ,0, ,14, ,59.8, ,80, ,53.5, ,8.4, ,190, ,66.9, 
240,5/15/2019,2400,135,0, ,0, ,0, ,13.1, ,58.6, ,78, ,51.8, ,6.4, ,176, ,66.8, 
240,5/16/2019,0100,136,0, ,0, ,0, ,12.9, ,58.4, ,77, ,51.3, ,7.3, ,199, ,66.7, 
240,5/16/2019,0200,136,0, ,0, ,0, ,13.7, ,59, ,80, ,53, ,6.7, ,147, ,66.6, 
240,5/16/2019,0300,136,0, ,0, ,0, ,15.4, ,60.7, ,85, ,56.2, ,5.8, ,162, ,66.5, 
240,5/16/2019,0400,136,0, ,0, ,0, ,17.2, ,62.3, ,90, ,59.3, ,7.5, ,143, ,66.3, 
240,5/16/2019,0500,136,0, ,0, ,0, ,18.2, ,63.4, ,91, ,60.8, ,7.1, ,171, ,66.2, 
240,5/16/2019,0600,136,0, ,0, ,29, ,17.9, ,63.4, ,90, ,60.4, ,7.7, ,173, ,66.1, 
240,5/16/2019,0700,136,0, ,0, ,182, ,17.8, ,63.4, ,89, ,60.2, ,9.7, ,171, ,65.9, 
240,5/16/2019,0800,136,0, ,0, ,290, ,18.8, ,63.1, ,95, ,61.7, ,9.8, ,178, ,65.8, 
240,5/16/2019,0900,136,0, ,0.01, ,283, ,20, ,63.4, ,100, ,63.4, ,9, ,170, ,65.7, 
240,5/16/2019,1000,136,0, ,0.01, ,554, ,19.4, ,63.1, ,99, ,62.6, ,10.4, ,181, ,65.6, 
240,5/16/2019,1100,136,0.01, ,0, ,1221, ,17.9, ,62, ,94, ,60.3, ,13.2, ,178, ,65.5, 
240,5/16/2019,1200,136,0.02, ,0, ,1574, ,16.5, ,64.6, ,79, ,58, ,12.4, ,184, ,65.4, 
240,5/16/2019,1300,136,0.03, ,0, ,2013, ,17.7, ,74.1, ,62, ,60.1, ,15.3, ,220, ,65.3, 
240,5/16/2019,1400,136,0.03, ,0, ,1799, ,14.5, ,72.6, ,53, ,54.6, ,13.8, ,225, ,65.3, 
240,5/16/2019,1500,136,0.02, ,0, ,1343, ,11.6, ,69.6, ,47, ,48.4, ,11.2, ,228, ,65.3, 
240,5/16/2019,1600,136,0.02, ,0, ,1137, ,10.2, ,67.4, ,45, ,45.1, ,13.6, ,227, ,65.3, 
240,5/16/2019,1700,136,0.01, ,0, ,798, ,10.7, ,65.4, ,50, ,46.4, ,13, ,228, ,65.4, 
240,5/16/2019,1800,136,0.01, ,0, ,373, ,10.6, ,62.5, ,55, ,46.2, ,12.1, ,225, ,65.4, 
240,5/16/2019,1900,136,0, ,0, ,52, ,10.2, ,57.7, ,63, ,45.1, ,10.2, ,221, ,65.4, 
240,5/16/2019,2000,136,0, ,0, ,0, ,10.8, ,57.3, ,68, ,46.7, ,6.9, ,199, ,65.4, 
240,5/16/2019,2100,136,0, ,0, ,0, ,15.3, ,64.2, ,75, ,56.1, ,6.1, ,208, ,65.4, 
240,5/16/2019,2200,136,0, ,0, ,0, ,15.5, ,64.1, ,76, ,56.4, ,5.1, ,161, ,65.3, 
240,5/16/2019,2300,136,0, ,0, ,0, ,16.6, ,63.9, ,82, ,58.3, ,6.5, ,133, ,65.1, 
240,5/16/2019,2400,136,0, ,0, ,0, ,17.2, ,63, ,88, ,59.3, ,7.7, ,133, ,65, 
240,5/17/2019,0100,137,0, ,0, ,0, ,17.7, ,62.4, ,92, ,60, ,6.9, ,137, ,64.9, 
240,5/17/2019,0200,137,0, ,0, ,0, ,17.6, ,61.2, ,95, ,59.9, ,7.5, ,149, ,64.9, 
240,5/17/2019,0300,137,0, ,0, ,0, ,17.9, ,61.2, ,97, ,60.3, ,6, ,161, ,64.9, 
240,5/17/2019,0400,137,0, ,0, ,0, ,17.6, ,60.5, ,98, ,59.9, ,5.8, ,142, ,64.9, 
240,5/17/2019,0500,137,0, ,0, ,4, ,17.7, ,60.4, ,99, ,60, ,6.4, ,159, ,64.9, 
240,5/17/2019,0600,137,0, ,0, ,105, ,17.7, ,60.6, ,98, ,60.1, ,5.8, ,185, ,64.7, 
240,5/17/2019,0700,137,0, ,0, ,212, ,17.6, ,61.6, ,94, ,59.9, ,5.5, ,194, ,64.5, 
240,5/17/2019,0800,137,0, ,0, ,361, ,16.8, ,62.5, ,87, ,58.6, ,2.4, ,238, ,64.3, 
240,5/17/2019,0900,137,0.02, ,0, ,1369, ,12.7, ,60, ,72, ,50.8, ,1.8, ,142, ,64.2, 
240,5/17/2019,1000,137,0.02, ,0, ,1704, ,11.8, ,63.2, ,59, ,48.9, ,2.8, ,196, ,64, 
240,5/17/2019,1100,137,0.02, ,0, ,1446, ,11.7, ,66.5, ,53, ,48.8, ,4.3, ,262, ,64, 
240,5/17/2019,1200,137,0.02, ,0, ,1600, ,13.8, ,72.8, ,50, ,53.2, ,4.9, ,261, ,63.9, 
240,5/17/2019,1300,137,0.02, ,0, ,1328, ,16.1, ,77.7, ,50, ,57.5, ,3.8, ,209, ,64, 
240,5/17/2019,1400,137,0.01, ,0, ,737, ,15.7, ,76, ,51, ,56.7, ,4.4, ,194, ,64, 
240,5/17/2019,1500,137,0.01, ,0, ,624, ,15.9, ,74.5, ,54, ,57, ,10.1, ,204, ,64.1, 
240,5/17/2019,1600,137,0.01, ,0, ,725, ,15.4, ,74.6, ,53, ,56.1, ,10, ,213, ,64.2, 
240,5/17/2019,1700,137,0.01, ,0, ,427, ,15, ,74.7, ,51, ,55.4, ,8.5, ,211, ,64.3, 
240,5/17/2019,1800,137,0.01, ,0, ,284, ,15.1, ,73.9, ,53, ,55.6, ,7.5, ,227, ,64.4, 
240,5/17/2019,1900,137,0, ,0, ,71, ,14.8, ,71.8, ,56, ,55.1, ,6.7, ,298, ,64.5, 
240,5/17/2019,2000,137,0, ,0, ,0, ,12.5, ,67.5, ,54, ,50.4, ,2.9, ,315, ,64.5, 
240,5/17/2019,2100,137,0, ,0, ,0, ,11.4, ,61.5, ,61, ,47.9, ,3.9, ,129, ,64.5, 
240,5/17/2019,2200,137,0, ,0, ,0, ,10.5, ,57.5, ,65, ,45.9, ,7.6, ,133, ,64.5, 
240,5/17/2019,2300,137,0, ,0, ,0, ,9.1, ,55, ,62, ,42.2, ,7.7, ,132, ,64.5, 
240,5/17/2019,2400,137,0, ,0, ,0, ,11.2, ,57.8, ,68, ,47.4, ,3.6, ,160, ,64.4, 
240,5/18/2019,0100,138,0,R,0, ,0, ,12.7, ,57.9, ,78, ,50.9, ,1,I,243, ,64.3, 
240,5/18/2019,0200,138,0,R,0, ,0, ,12.4, ,55.4, ,83, ,50.3, ,1,I,300, ,64.3, 
240,5/18/2019,0300,138,0,R,0, ,0, ,11.5, ,52.6, ,85, ,48.3, ,1,I,304, ,64.3, 
240,5/18/2019,0400,138,0,R,0, ,0, ,10.5, ,49.1, ,88, ,45.8, ,1,I,295, ,64.3, 
240,5/18/2019,0500,138,0,R,0, ,5, ,10.2, ,48.3, ,89, ,45.1, ,1,I,273, ,64.3, 
240,5/18/2019,0600,138,0, ,0, ,206, ,10.6, ,49, ,89, ,46, ,1, ,292, ,64.1, 
240,5/18/2019,0700,138,0.01, ,0, ,593, ,12.6, ,55.8, ,82, ,50.6, ,1.1, ,5, ,63.9, 
240,5/18/2019,0800,138,0.01,R,0, ,852, ,11.5, ,58.7, ,68, ,48.3, ,1,I,171, ,63.7, 
240,5/18/2019,0900,138,0.01, ,0, ,1099, ,13.9, ,67.3, ,61, ,53.3, ,1.1, ,61, ,63.5, 
240,5/18/2019,1000,138,0.02, ,0, ,1654, ,13, ,70.5, ,51, ,51.5, ,1.7, ,19, ,63.4, 
240,5/18/2019,1100,138,0.02, ,0, ,1745, ,12.3, ,73.4, ,44, ,50, ,2.8, ,255, ,63.3, 
240,5/18/2019,1200,138,0.03, ,0, ,1861, ,12.7, ,77.3, ,40, ,51, ,3.1, ,189, ,63.3, 
240,5/18/2019,1300,138,0.02, ,0, ,1520, ,12.8, ,78, ,39, ,51.1, ,3.3, ,179, ,63.4, 
240,5/18/2019,1400,138,0.01, ,0, ,1044, ,13.3, ,77.2, ,42, ,52.2, ,2.9, ,196, ,63.5, 
240,5/18/2019,1500,138,0.02, ,0, ,1013, ,13.3, ,76.5, ,43, ,52.1, ,7.9, ,193, ,63.6, 
240,5/18/2019,1600,138,0.01, ,0, ,781, ,12.4, ,74.9, ,42, ,50.2, ,8.4, ,310, ,63.8, 
240,5/18/2019,1700,138,0.01, ,0, ,436, ,11.8, ,71.9, ,44, ,49, ,9.2, ,323, ,64, 
240,5/18/2019,1800,138,0.01, ,0, ,310, ,11.6, ,70.8, ,45, ,48.5, ,4.9, ,312, ,64.2, 
240,5/18/2019,1900,138,0, ,0, ,17, ,12.2, ,68.4, ,51, ,49.7, ,3, ,160, ,64.3, 
240,5/18/2019,2000,138,0, ,0, ,0, ,16.2, ,69.6, ,66, ,57.6, ,7.8, ,149, ,64.4, 
240,5/18/2019,2100,138,0, ,0, ,0, ,15.4, ,66.2, ,70, ,56.2, ,7.6, ,153, ,64.4, 
240,5/18/2019,2200,138,0, ,0, ,0, ,14, ,64.5, ,68, ,53.6, ,8.4, ,156, ,64.4, 
240,5/18/2019,2300,138,0, ,0, ,0, ,13.1, ,60.4, ,73, ,51.8, ,9, ,157, ,64.4, 
240,5/18/2019,2400,138,0, ,0, ,0, ,14, ,59.4, ,81, ,53.6, ,7.3, ,179, ,64.4, 
240,5/19/2019,0100,139,0, ,0, ,0, ,14, ,59.1, ,82, ,53.6, ,10.3, ,187, ,64.3, 
240,5/19/2019,0200,139,0, ,0, ,0, ,14, ,58.4, ,84, ,53.5, ,7.5, ,177, ,64.4, 
240,5/19/2019,0300,139,0, ,0.02, ,0, ,14.7, ,57, ,93, ,54.9, ,5.9, ,168, ,64.5, 
240,5/19/2019,0400,139,0, ,0.02, ,0, ,18.8, ,60.9, ,100, ,60.9, ,6.2, ,338, ,64.5, 
240,5/19/2019,0500,139,0, ,0.03, ,1, ,17.7, ,60.3, ,99, ,60, ,3.6, ,351, ,64.5, 
240,5/19/2019,0600,139,0, ,0, ,28, ,16.3, ,57.7, ,100, ,57.7, ,1.3, ,53, ,64.4, 
240,5/19/2019,0700,139,0, ,0, ,166, ,16.6, ,58.7, ,98, ,58.2, ,1.9, ,345, ,64.3, 
240,5/19/2019,0800,139,0, ,0.02, ,324, ,16.7, ,59.5, ,96, ,58.4, ,3.2, ,37, ,64.1, 
240,5/19/2019,0900,139,0.01, ,0, ,748, ,15.9, ,60.1, ,89, ,57, ,5.4, ,168, ,64, 
240,5/19/2019,1000,139,0.01, ,0, ,668, ,16.5, ,61, ,90, ,58, ,7.5, ,177, ,63.8, 
240,5/19/2019,1100,139,0.01, ,0, ,1110, ,18.2, ,62.6, ,94, ,60.8, ,7.1, ,173, ,63.7, 
240,5/19/2019,1200,139,0.01, ,0, ,1066, ,15.8, ,61.1, ,86, ,56.9, ,7.4, ,169, ,63.7, 
240,5/19/2019,1300,139,0, ,0.03, ,557, ,14.3, ,57.3, ,89, ,54.1, ,7.7, ,164, ,63.6, 
240,5/19/2019,1400,139,0.02, ,0, ,1501, ,15.2, ,59.1, ,89, ,55.9, ,7.3, ,177, ,63.7, 
240,5/19/2019,1500,139,0.02, ,0, ,1613, ,16.9, ,67.4, ,74, ,58.7, ,9.4, ,208, ,63.7, 
240,5/19/2019,1600,139,0.02, ,0, ,1225, ,12.7, ,67.6, ,55, ,50.8, ,12.5, ,218, ,63.8, 
240,5/19/2019,1700,139,0.01, ,0, ,812, ,12, ,65.5, ,56, ,49.3, ,14.6, ,227, ,63.8, 
240,5/19/2019,1800,139,0.01, ,0, ,386, ,11.9, ,62.4, ,62, ,49.1, ,14.3, ,230, ,63.9, 
240,5/19/2019,1900,139,0, ,0, ,40, ,12.1, ,60.3, ,67, ,49.5, ,10.8, ,220, ,64, 
240,5/19/2019,2000,139,0, ,0, ,0, ,11.4, ,57.9, ,70, ,48, ,8.9, ,200, ,64, 
240,5/19/2019,2100,139,0, ,0, ,0, ,11, ,55.4, ,73, ,46.9, ,8.9, ,204, ,64, 
240,5/19/2019,2200,139,0, ,0, ,0, ,11.7, ,53.1, ,85, ,48.6, ,5.9, ,168, ,64, 
240,5/19/2019,2300,139,0, ,0, ,0, ,12.2, ,52.7, ,90, ,49.7, ,7.3, ,162, ,63.9, 
240,5/19/2019,2400,139,0, ,0, ,0, ,12.5, ,52.6, ,93, ,50.6, ,6.5, ,168, ,63.8, 
240,5/20/2019,0100,140,0, ,0, ,0, ,12.2, ,52.6, ,90, ,49.8, ,4.6, ,188, ,63.7, 
240,5/20/2019,0200,140,0, ,0, ,0, ,11.5, ,52.3, ,86, ,48.3, ,1.7, ,227, ,63.7, 
240,5/20/2019,0300,140,0, ,0, ,0, ,11.5, ,52.7, ,85, ,48.3, ,2.9, ,189, ,63.8, 
240,5/20/2019,0400,140,0, ,0, ,0, ,11.7, ,52.2, ,88, ,48.7, ,2.7, ,184, ,63.9, 
240,5/20/2019,0500,140,0, ,0.02, ,3, ,11.8, ,52, ,89, ,48.9, ,4.5, ,146, ,63.9, 
240,5/20/2019,0600,140,0, ,0, ,118, ,12.2, ,51.7, ,93, ,49.7, ,4, ,168, ,63.7, 
240,5/20/2019,0700,140,0, ,0, ,215, ,12.3, ,52, ,93, ,50, ,2.6, ,90, ,63.6, 
240,5/20/2019,0800,140,0.01, ,0, ,776, ,12, ,54.3, ,84, ,49.4, ,1.3, ,65, ,63.4, 
240,5/20/2019,0900,140,0.01, ,0, ,627, ,11.2, ,55.2, ,75, ,47.6, ,2.1, ,107, ,63.3, 
240,5/20/2019,1000,140,0.01, ,0, ,1269, ,10.9, ,56.8, ,69, ,46.7, ,3.2, ,207, ,63.2, 
240,5/20/2019,1100,140,0.01, ,0, ,792, ,9.9, ,57.8, ,61, ,44.3, ,3.6, ,208, ,63.2, 
240,5/20/2019,1200,140,0.02, ,0, ,1371, ,10.8, ,62.3, ,56, ,46.7, ,3.6, ,164, ,63.2, 
240,5/20/2019,1300,140,0.01, ,0, ,1091, ,11.8, ,66.3, ,54, ,49, ,1.9, ,252, ,63.2, 
240,5/20/2019,1400,140,0.02, ,0, ,1894, ,12.5, ,70, ,50, ,50.4, ,5.1, ,224, ,63.2, 
240,5/20/2019,1500,140,0.01, ,0, ,894, ,12.3, ,67.6, ,53, ,50, ,9.4, ,188, ,63.3, 
240,5/20/2019,1600,140,0.01, ,0, ,794, ,11.8, ,66.8, ,53, ,48.9, ,9.6, ,198, ,63.4, 
240,5/20/2019,1700,140,0.01, ,0, ,391, ,11.4, ,65.2, ,54, ,48.1, ,11.3, ,184, ,63.6, 
240,5/20/2019,1800,140,0.01, ,0, ,121, ,11.4, ,63.4, ,57, ,48, ,11.4, ,185, ,63.7, 
240,5/20/2019,1900,140,0, ,0, ,37, ,12.8, ,63.9, ,63, ,51.1, ,9.3, ,181, ,63.8, 
240,5/20/2019,2000,140,0, ,0, ,0, ,12.4, ,60.5, ,69, ,50.3, ,7.1, ,173, ,63.9, 
240,5/20/2019,2100,140,0, ,0, ,0, ,11.2, ,55.8, ,74, ,47.5, ,6.7, ,171, ,63.9, 
240,5/20/2019,2200,140,0, ,0, ,0, ,10.8, ,53.9, ,76, ,46.6, ,6.8, ,145, ,63.9, 
240,5/20/2019,2300,140,0, ,0, ,0, ,10.9, ,52.6, ,81, ,46.9, ,6.9, ,140, ,63.8, 
240,5/20/2019,2400,140,0, ,0, ,0, ,11.1, ,52.6, ,82, ,47.2, ,7.9, ,153, ,63.8, 
240,5/21/2019,0100,141,0, ,0, ,0, ,11.5, ,52.1, ,86, ,48.2, ,7.2, ,161, ,63.7, 
240,5/21/2019,0200,141,0, ,0, ,0, ,11.7, ,52.1, ,88, ,48.8, ,5.5, ,164, ,63.6, 
240,5/21/2019,0300,141,0, ,0, ,0, ,11.9, ,52, ,90, ,49.2, ,6.4, ,150, ,63.5, 
240,5/21/2019,0400,141,0, ,0, ,0, ,11.9, ,52, ,90, ,49.1, ,4.6, ,175, ,63.4, 
240,5/21/2019,0500,141,0, ,0, ,2, ,11.9, ,51.9, ,90, ,49.2, ,3.7, ,178, ,63.3, 
240,5/21/2019,0600,141,0, ,0, ,75, ,11.9, ,51.5, ,91, ,49, ,1.3, ,218, ,63.2, 
240,5/21/2019,0700,141,0.01, ,0, ,541, ,12.2, ,53.5, ,87, ,49.8, ,2.1, ,199, ,63.1, 
240,5/21/2019,0800,141,0.01, ,0, ,941, ,11.6, ,55.3, ,78, ,48.6, ,8.3, ,189, ,63, 
240,5/21/2019,0900,141,0.02, ,0, ,1361, ,11.6, ,57.9, ,70, ,48.4, ,9.7, ,184, ,62.9, 
240,5/21/2019,1000,141,0.02, ,0, ,1227, ,11, ,61.6, ,59, ,47.1, ,9.2, ,217, ,62.9, 
240,5/21/2019,1100,141,0.02, ,0, ,1466, ,10.9, ,65.3, ,51, ,46.8, ,11, ,221, ,62.8, 
240,5/21/2019,1200,141,0.03, ,0, ,2015, ,12, ,69, ,49, ,49.3, ,15.5, ,230, ,62.8, 
240,5/21/2019,1300,141,0.03, ,0, ,1956, ,11.3, ,68, ,48, ,47.8, ,16, ,227, ,62.9, 
240,5/21/2019,1400,141,0.03, ,0, ,1664, ,11.4, ,67.1, ,50, ,47.9, ,15.8, ,224, ,62.9, 
240,5/21/2019,1500,141,0.02, ,0, ,1545, ,11.3, ,66.1, ,52, ,47.8, ,16.2, ,221, ,63, 
240,5/21/2019,1600,141,0.02, ,0, ,1198, ,10.9, ,64.3, ,53, ,46.7, ,17, ,222, ,63.1, 
240,5/21/2019,1700,141,0.01, ,0, ,687, ,10.9, ,62.9, ,56, ,46.9, ,14.2, ,223, ,63.2, 
240,5/21/2019,1800,141,0.01, ,0, ,167, ,11.4, ,61.4, ,62, ,48.1, ,12, ,219, ,63.3, 
240,5/21/2019,1900,141,0, ,0, ,31, ,11.1, ,58.6, ,66, ,47.3, ,11.6, ,229, ,63.3, 
240,5/21/2019,2000,141,0, ,0, ,0, ,10.2, ,55.2, ,69, ,45, ,9.4, ,234, ,63.4, 
240,5/21/2019,2100,141,0, ,0, ,0, ,10.7, ,55.1, ,72, ,46.3, ,7.7, ,212, ,63.3, 
240,5/21/2019,2200,141,0, ,0, ,0, ,11, ,54.5, ,76, ,47, ,6.6, ,195, ,63.3, 
240,5/21/2019,2300,141,0, ,0, ,0, ,11.3, ,54.4, ,78, ,47.7, ,5.1, ,148, ,63.2, 
240,5/21/2019,2400,141,0, ,0, ,0, ,11.7, ,54, ,82, ,48.7, ,6.8, ,169, ,63.1, 
240,5/22/2019,0100,142,0, ,0, ,0, ,11.5, ,53.5, ,82, ,48.3, ,6.9, ,172, ,63, 
240,5/22/2019,0200,142,0, ,0, ,0, ,11.2, ,51.6, ,86, ,47.4, ,7.6, ,175, ,63.1, 
240,5/22/2019,0300,142,0, ,0, ,0, ,11.6, ,51.8, ,88, ,48.4, ,6.2, ,169, ,63.1, 
240,5/22/2019,0400,142,0, ,0, ,0, ,11.7, ,51.7, ,89, ,48.7, ,6.5, ,160, ,63.2, 
240,5/22/2019,0500,142,0, ,0, ,5, ,11.9, ,51.9, ,90, ,49, ,5, ,175, ,63.2, 
240,5/22/2019,0600,142,0, ,0, ,89, ,11.6, ,51.5, ,89, ,48.5, ,2.8, ,193, ,63.1, 
240,5/22/2019,0700,142,0.01, ,0, ,508, ,11.7, ,53.1, ,85, ,48.6, ,3.8, ,178, ,63, 
240,5/22/2019,0800,142,0.01, ,0, ,803, ,10.9, ,55.9, ,72, ,46.8, ,3.8, ,173, ,62.8, 
240,5/22/2019,0900,142,0.01, ,0, ,940, ,10.3, ,56.7, ,65, ,45.3, ,7, ,174, ,62.7, 
240,5/22/2019,1000,142,0.01, ,0, ,685, ,10.1, ,56.9, ,64, ,44.8, ,10.9, ,182, ,62.6, 
240,5/22/2019,1100,142,0.01, ,0, ,1046, ,10.3, ,57.1, ,64, ,45.2, ,10.8, ,183, ,62.6, 
240,5/22/2019,1200,142,0.01, ,0, ,563, ,9.7, ,56, ,63, ,43.8, ,11.6, ,206, ,62.6, 
240,5/22/2019,1300,142,0.02, ,0, ,1803, ,9.9, ,57.9, ,60, ,44.3, ,13.2, ,188, ,62.6, 
240,5/22/2019,1400,142,0, ,0.12, ,78, ,9.8, ,55.5, ,65, ,43.9, ,11.6, ,276, ,62.6, 
240,5/22/2019,1500,142,0,Y,0.15, ,134, ,10.6, ,51.2,Y,82,Y,46,Y,4.9, ,34, ,62.6, 
240,5/22/2019,1600,142,0,Y,0.01, ,217, ,10.7, ,52,Y,81,Y,46.3,Y,4.6, ,311, ,62.6, 
240,5/22/2019,1700,142,0,Y,0, ,230, ,10.2, ,51.6,Y,78,Y,45.2,Y,3.4, ,281, ,62.5, 
240,5/22/2019,1800,142,0, ,0, ,223, ,10.6, ,52.2, ,79, ,46.1, ,4.6, ,142, ,62.5, 
240,5/22/2019,1900,142,0, ,0, ,19, ,11.4, ,51.7, ,87, ,47.9, ,2.8, ,129, ,62.4, 
240,5/22/2019,2000,142,0,R,0, ,0, ,11.6, ,51.2, ,90, ,48.4, ,1,I,200, ,62.3, 
240,5/22/2019,2100,142,0,R,0, ,0, ,11.7, ,51.1, ,92, ,48.7, ,1,I,180, ,62.2, 
240,5/22/2019,2200,142,0, ,0, ,0, ,11.5, ,50.8, ,91, ,48.2, ,4.4, ,152, ,62.2, 
240,5/22/2019,2300,142,0, ,0, ,0, ,11.4, ,50.2, ,92, ,47.9, ,3.5, ,162, ,62.1, 
240,5/22/2019,2400,142,0, ,0, ,0, ,11.2, ,49.6, ,92, ,47.5, ,4, ,151, ,62.1, 
240,5/23/2019,0100,143,0, ,0, ,0, ,11.3, ,49.6, ,94, ,47.8, ,6.5, ,132, ,62, 
240,5/23/2019,0200,143,0, ,0, ,0, ,11.5, ,49.7, ,94, ,48.1, ,3.7, ,145, ,62, 
240,5/23/2019,0300,143,0, ,0, ,0, ,11.9, ,50.5, ,95, ,49.2, ,3.4, ,163, ,61.9, 
240,5/23/2019,0400,143,0, ,0, ,0, ,12.3, ,51.2, ,96, ,50, ,4.5, ,137, ,61.8, 
240,5/23/2019,0500,143,0, ,0, ,1, ,12.6, ,51.5, ,97, ,50.7, ,3.8, ,161, ,61.7, 
240,5/23/2019,0600,143,0, ,0, ,30, ,12.9, ,52.3, ,96, ,51.3, ,6.1, ,182, ,61.7, 
240,5/23/2019,0700,143,0, ,0, ,172, ,13, ,52.8, ,95, ,51.5, ,7.8, ,178, ,61.6, 
240,5/23/2019,0800,143,0, ,0, ,197, ,12.7, ,53.2, ,92, ,51, ,8.7, ,178, ,61.6, 
240,5/23/2019,0900,143,0, ,0, ,301, ,13.1, ,53.7, ,93, ,51.6, ,8.9, ,181, ,61.5, 
240,5/23/2019,1000,143,0, ,0, ,216, ,13.2, ,53.6, ,94, ,52, ,8.7, ,190, ,61.5, 
240,5/23/2019,1100,143,0, ,0, ,450, ,13, ,54.8, ,89, ,51.6, ,10, ,189, ,61.5, 
240,5/23/2019,1200,143,0, ,0, ,326, ,13, ,55.1, ,88, ,51.5, ,10.8, ,186, ,61.5, 
240,5/23/2019,1300,143,0, ,0, ,340, ,12.8, ,55.3, ,86, ,51.1, ,10.8, ,192, ,61.4, 
240,5/23/2019,1400,143,0, ,0, ,368, ,12.8, ,55.4, ,85, ,51.1, ,9.4, ,197, ,61.4, 
240,5/23/2019,1500,143,0.01, ,0, ,590, ,12.3, ,56.8, ,78, ,50.1, ,8.9, ,218, ,61.4, 
240,5/23/2019,1600,143,0.01, ,0, ,772, ,12.4, ,58.4, ,74, ,50.2, ,8.4, ,220, ,61.4, 
240,5/23/2019,1700,143,0.01, ,0, ,711, ,12.3, ,60, ,70, ,50, ,7.3, ,220, ,61.4, 
240,5/23/2019,1800,143,0, ,0, ,329, ,11.7, ,59.8, ,67, ,48.6, ,4.4, ,221, ,61.5, 
240,5/23/2019,1900,143,0, ,0, ,25, ,12.1, ,58.1, ,73, ,49.6, ,3.6, ,352, ,61.5, 
240,5/23/2019,2000,143,0, ,0, ,0, ,12.7, ,56, ,83, ,50.9, ,2.8, ,2, ,61.6, 
240,5/23/2019,2100,143,0, ,0, ,0, ,12.3, ,53.9, ,87, ,50.1, ,2.3, ,346, ,61.6, 
240,5/23/2019,2200,143,0,R,0, ,0, ,11.8, ,51.5, ,91, ,48.9, ,1,I,279, ,61.6, 
240,5/23/2019,2300,143,0,R,0, ,0, ,12, ,51.1, ,94, ,49.3, ,1,I,233, ,61.6, 
240,5/23/2019,2400,143,0,R,0, ,0, ,11.8, ,50.2, ,95, ,49, ,1,I,345, ,61.6, 
240,5/24/2019,0100,144,0,R,0, ,0, ,11.7, ,49.5, ,97, ,48.7, ,1,I,16, ,61.6, 
240,5/24/2019,0200,144,0,R,0, ,0, ,13.1, ,51.2, ,100, ,51.2, ,1,I,318, ,61.6, 
240,5/24/2019,0300,144,0,R,0, ,0, ,14.7, ,53.6, ,100, ,53.6, ,1,I,88, ,61.7, 
240,5/24/2019,0400,144,0,R,0, ,0, ,13.6, ,51.5, ,100, ,51.5, ,1,I,347, ,61.8, 
240,5/24/2019,0500,144,0, ,0, ,6, ,11.8, ,48, ,100, ,48, ,1, ,25, ,61.8, 
240,5/24/2019,0600,144,0, ,0, ,118, ,11.9, ,48.3, ,100, ,48.3, ,1.1, ,4, ,61.6, 
240,5/24/2019,0700,144,0,R,0, ,510, ,13, ,50.6, ,100, ,50.6, ,1,I,343, ,61.5, 
240,5/24/2019,0800,144,0.01,R,0, ,989, ,15.4, ,55.5, ,100, ,55.5, ,1,I,333, ,61.4, 
240,5/24/2019,0900,144,0.02, ,0, ,1373, ,14.9, ,60, ,84, ,55.3, ,2.6, ,337, ,61.2, 
240,5/24/2019,1000,144,0.02, ,0, ,1681, ,14.5, ,64.9, ,69, ,54.5, ,3.1, ,327, ,61.1, 
240,5/24/2019,1100,144,0.03, ,0, ,1877, ,15.5, ,71, ,60, ,56.4, ,3.8, ,338, ,61.1, 
240,5/24/2019,1200,144,0.03, ,0, ,1964, ,15, ,74.1, ,52, ,55.4, ,3.7, ,309, ,61.1, 
240,5/24/2019,1300,144,0.03, ,0, ,1927, ,14.1, ,76.1, ,46, ,53.7, ,3.6, ,293, ,61.2, 
240,5/24/2019,1400,144,0.03, ,0, ,1819, ,11.9, ,76.9, ,38, ,49.2, ,2.9, ,13, ,61.4, 
240,5/24/2019,1500,144,0.02, ,0, ,1460, ,12.3, ,80.2, ,35, ,49.9, ,1.9, ,258, ,61.5, 
240,5/24/2019,1600,144,0.02, ,0, ,1192, ,12.5, ,80, ,36, ,50.5, ,6.6, ,327, ,61.8, 
240,5/24/2019,1700,144,0.01, ,0, ,816, ,12.8, ,76.6, ,41, ,51.1, ,9.8, ,319, ,62, 
240,5/24/2019,1800,144,0.01, ,0, ,369, ,12.4, ,74, ,43, ,50.2, ,7.7, ,329, ,62.3, 
240,5/24/2019,1900,144,0, ,0, ,63, ,13.7, ,70.9, ,53, ,53, ,6.9, ,159, ,62.6, 
240,5/24/2019,2000,144,0, ,0, ,0, ,15.9, ,69.9, ,63, ,57, ,8.2, ,133, ,62.8, 
240,5/24/2019,2100,144,0, ,0, ,0, ,17.6, ,69.5, ,71, ,59.9, ,8.2, ,133, ,62.9, 
240,5/24/2019,2200,144,0, ,0, ,0, ,16.1, ,66.3, ,73, ,57.3, ,6.4, ,135, ,63, 
240,5/24/2019,2300,144,0, ,0, ,0, ,12.4, ,59.4, ,72, ,50.3, ,2.3, ,140, ,63.1, 
240,5/24/2019,2400,144,0,R,0, ,0, ,12.3, ,57.8, ,75, ,49.9, ,1,I,191, ,63.1, 
240,5/25/2019,0100,145,0,R,0, ,0, ,13.4, ,57.2, ,84, ,52.3, ,1,I,238, ,63.1, 
240,5/25/2019,0200,145,0,R,0, ,0, ,17.4, ,61.7, ,92, ,59.5, ,1,I,236, ,63.2, 
240,5/25/2019,0300,145,0,R,0, ,0, ,18.7, ,62.8, ,96, ,61.6, ,1,I,241, ,63.3, 
240,5/25/2019,0400,145,0,R,0, ,0, ,19.1, ,62.5, ,99, ,62.2, ,1,I,347, ,63.4, 
240,5/25/2019,0500,145,0,R,0, ,8, ,17.9, ,60, ,100, ,60, ,1,I,332, ,63.3, 
240,5/25/2019,0600,145,0,R,0, ,210, ,17.8, ,59.5, ,100, ,59.5, ,1,I,264, ,63.2, 
240,5/25/2019,0700,145,0.01,R,0, ,590, ,19.6, ,64.5, ,95, ,63, ,1,I,222, ,63, 
240,5/25/2019,0800,145,0.01, ,0, ,991, ,14.9, ,62, ,78, ,55.3, ,2.1, ,172, ,62.8, 
240,5/25/2019,0900,145,0.02, ,0, ,1369, ,18.1, ,69.5, ,73, ,60.6, ,1.2, ,189, ,62.7, 
240,5/25/2019,1000,145,0.02, ,0, ,1683, ,17.4, ,71.8, ,65, ,59.6, ,1.9, ,169, ,62.5, 
240,5/25/2019,1100,145,0.03, ,0, ,1933, ,17.8, ,75.5, ,59, ,60.2, ,5.3, ,176, ,62.5, 
240,5/25/2019,1200,145,0.02, ,0, ,1460, ,16.8, ,75.3, ,56, ,58.5, ,5, ,255, ,62.5, 
240,5/25/2019,1300,145,0.03, ,0, ,2073, ,17.7, ,77, ,56, ,60, ,8.8, ,168, ,62.6, 
240,5/25/2019,1400,145,0.02, ,0, ,1411, ,18, ,78.1, ,55, ,60.5, ,6.4, ,192, ,62.7, 
240,5/25/2019,1500,145,0.02, ,0, ,1272, ,17.1, ,76.9, ,54, ,59.1, ,8.4, ,177, ,62.9, 
240,5/25/2019,1600,145,0.02, ,0, ,1214, ,16.9, ,75.8, ,56, ,58.8, ,9.9, ,180, ,63.1, 
240,5/25/2019,1700,145,0.01, ,0, ,640, ,15.4, ,71.8, ,58, ,56.1, ,10.3, ,174, ,63.3, 
240,5/25/2019,1800,145,0.01, ,0, ,273, ,15, ,68.8, ,62, ,55.3, ,9.2, ,175, ,63.6, 
240,5/25/2019,1900,145,0, ,0, ,59, ,14.9, ,66.5, ,67, ,55.2, ,7, ,171, ,63.8, 
240,5/25/2019,2000,145,0, ,0, ,0, ,15.5, ,65.8, ,71, ,56.3, ,5.2, ,157, ,64, 
240,5/25/2019,2100,145,0,Y,0, ,0, ,22.2, ,73.3,Y,79,Y,66.4,Y,7.1, ,127, ,64.1, 
240,5/25/2019,2200,145,0, ,0, ,0, ,19.8, ,70, ,79, ,63.2, ,6.7, ,150, ,64.1, 
240,5/25/2019,2300,145,0, ,0, ,0, ,15.4, ,63.2, ,78, ,56.2, ,6.5, ,172, ,64.1, 
240,5/25/2019,2400,145,0, ,0, ,0, ,14.3, ,61, ,78, ,54.1, ,6.1, ,160, ,64.1, 
240,5/26/2019,0100,146,0, ,0, ,0, ,14.5, ,60.2, ,82, ,54.5, ,7.5, ,166, ,64.1, 
240,5/26/2019,0200,146,0, ,0, ,0, ,12.9, ,56.7, ,82, ,51.2, ,7.3, ,175, ,64.1, 
240,5/26/2019,0300,146,0, ,0, ,0, ,12.1, ,56.7, ,77, ,49.7, ,5, ,214, ,64.2, 
240,5/26/2019,0400,146,0, ,0, ,0, ,11.8, ,56.8, ,75, ,49, ,5.5, ,196, ,64.3, 
240,5/26/2019,0500,146,0, ,0, ,3, ,12.7, ,56.4, ,81, ,50.8, ,7.4, ,183, ,64.3, 
240,5/26/2019,0600,146,0, ,0, ,90, ,12.5, ,55.6, ,83, ,50.5, ,6.1, ,184, ,64.2, 
240,5/26/2019,0700,146,0, ,0, ,380, ,12.4, ,56.6, ,79, ,50.3, ,8.2, ,192, ,64, 
240,5/26/2019,0800,146,0.01, ,0, ,676, ,12, ,57.7, ,74, ,49.4, ,11.6, ,198, ,63.9, 
240,5/26/2019,0900,146,0, ,0, ,367, ,12.1, ,57.1, ,76, ,49.5, ,9.2, ,195, ,63.7, 
240,5/26/2019,1000,146,0, ,0, ,311, ,12.5, ,56.5, ,80, ,50.5, ,8.7, ,185, ,63.6, 
240,5/26/2019,1100,146,0, ,0, ,437, ,12.1, ,56.4, ,78, ,49.5, ,9.4, ,220, ,63.5, 
240,5/26/2019,1200,146,0.01, ,0, ,526, ,10.8, ,57.1, ,68, ,46.6, ,10.3, ,220, ,63.4, 
240,5/26/2019,1300,146,0.01, ,0, ,507, ,10.3, ,57.3, ,64, ,45.2, ,9.6, ,207, ,63.3, 
240,5/26/2019,1400,146,0, ,0, ,354, ,10.1, ,55.7, ,67, ,44.8, ,8, ,247, ,63.3, 
240,5/26/2019,1500,146,0,Y,0, ,285, ,10.6, ,55.8,Y,70,Y,46.1,Y,5.5, ,236, ,63.2, 
240,5/26/2019,1600,146,0,Y,0, ,120, ,10.4, ,55.7,Y,69,Y,45.7,Y,6.1, ,233, ,63.2, 
240,5/26/2019,1700,146,0, ,0, ,104, ,10.7, ,55.5, ,71, ,46.3, ,7.1, ,223, ,63.1, 
240,5/26/2019,1800,146,0, ,0, ,109, ,11.6, ,55.1, ,78, ,48.5, ,8.8, ,193, ,63.1, 
240,5/26/2019,1900,146,0, ,0, ,21, ,13, ,55.5, ,87, ,51.5, ,7.8, ,181, ,63, 
240,5/26/2019,2000,146,0, ,0.03, ,0, ,13.7, ,55.1, ,92, ,52.9, ,6.8, ,180, ,62.9, 
240,5/26/2019,2100,146,0, ,0.05, ,0, ,14.8, ,55.3, ,99, ,55, ,3.4, ,189, ,62.9, 
240,5/26/2019,2200,146,0,R,0, ,0, ,15.3, ,55.8, ,100, ,55.8, ,1,I,267, ,62.8, 
240,5/26/2019,2300,146,0, ,0, ,0, ,15.5, ,56.4, ,100, ,56.4, ,1.2, ,263, ,62.7, 
240,5/26/2019,2400,146,0, ,0.04, ,0, ,17.8, ,59.6, ,100, ,59.6, ,3.2, ,292, ,62.7, 
240,5/27/2019,0100,147,0,Y,0.01, ,0, ,23.5, ,67.1,Y,100,Y,67.1,Y,1.1, ,261, ,62.6, 
240,5/27/2019,0200,147,0, ,0, ,0, ,23.4, ,66.7, ,100, ,66.7, ,1.1, ,278, ,62.6, 
240,5/27/2019,0300,147,0,Y,0, ,0, ,22.8, ,66.5,Y,100,Y,66.5,Y,3.6, ,151, ,62.7, 
240,5/27/2019,0400,147,0, ,0, ,0, ,21.9, ,64.8, ,100, ,64.8, ,4.5, ,129, ,62.7, 
240,5/27/2019,0500,147,0, ,0, ,4, ,19.1, ,61, ,100, ,61, ,1.2, ,123, ,62.7, 
240,5/27/2019,0600,147,0, ,0, ,177, ,18.3, ,60.1, ,100, ,60.1, ,2.9, ,119, ,62.6, 
240,5/27/2019,0700,147,0.01, ,0, ,540, ,18.4, ,61.4, ,99, ,61.1, ,4.4, ,125, ,62.4, 
240,5/27/2019,0800,147,0.01, ,0, ,943, ,18.9, ,65, ,90, ,61.9, ,2.6, ,153, ,62.3, 
240,5/27/2019,0900,147,0.01, ,0, ,1070, ,15.9, ,63.4, ,80, ,57, ,3.5, ,138, ,62.2, 
240,5/27/2019,1000,147,0.02, ,0, ,1543, ,11.5, ,59, ,67, ,48.2, ,3.9, ,171, ,62.1, 
240,5/27/2019,1100,147,0.02, ,0, ,1456, ,10.6, ,59, ,62, ,46.1, ,5.9, ,172, ,62, 
240,5/27/2019,1200,147,0.02, ,0, ,1590, ,11.7, ,64, ,57, ,48.7, ,5.1, ,185, ,62, 
240,5/27/2019,1300,147,0.02, ,0, ,1714, ,12.6, ,67.5, ,55, ,50.8, ,4.4, ,191, ,62.1, 
240,5/27/2019,1400,147,0.02, ,0, ,1209, ,13.3, ,70.1, ,53, ,52.2, ,3, ,218, ,62.2, 
240,5/27/2019,1500,147,0.01, ,0, ,545, ,13, ,69.3, ,53, ,51.6, ,5.5, ,177, ,62.3, 
240,5/27/2019,1600,147,0.01, ,0, ,423, ,13.4, ,68.5, ,57, ,52.4, ,5.3, ,171, ,62.5, 
240,5/27/2019,1700,147,0, ,0, ,266, ,13.5, ,68.1, ,57, ,52.5, ,5.6, ,190, ,62.7, 
240,5/27/2019,1800,147,0, ,0, ,125, ,13.2, ,65.1, ,62, ,51.9, ,9.2, ,178, ,62.8, 
240,5/27/2019,1900,147,0, ,0, ,73, ,13.3, ,64.4, ,64, ,52.1, ,7.2, ,187, ,63, 
240,5/27/2019,2000,147,0, ,0, ,0, ,11.8, ,60, ,66, ,48.9, ,6.2, ,166, ,63.1, 
240,5/27/2019,2100,147,0, ,0, ,0, ,10.9, ,56.5, ,70, ,46.7, ,5.4, ,128, ,63.1, 
240,5/27/2019,2200,147,0, ,0, ,0, ,10, ,53.3, ,72, ,44.7, ,6.7, ,134, ,63.1, 
240,5/27/2019,2300,147,0, ,0, ,0, ,10.3, ,53, ,75, ,45.4, ,4.4, ,138, ,63.1, 
240,5/27/2019,2400,147,0, ,0, ,0, ,10.6, ,52.7, ,78, ,46.1, ,1.2, ,149, ,63.1, 
240,5/28/2019,0100,148,0, ,0, ,0, ,13.9, ,57.7, ,86, ,53.4, ,1.5, ,160, ,63, 
240,5/28/2019,0200,148,0, ,0, ,0, ,14.4, ,56.2, ,93, ,54.3, ,1.1, ,257, ,62.9, 
240,5/28/2019,0300,148,0,R,0, ,0, ,13.3, ,53.1, ,96, ,52.1, ,1,I,274, ,62.8, 
240,5/28/2019,0400,148,0,R,0, ,0, ,12.4, ,51, ,97, ,50.3, ,1,I,349, ,62.7, 
240,5/28/2019,0500,148,0, ,0, ,8, ,10.4, ,46.3, ,98, ,45.6, ,1.6, ,258, ,62.5, 
240,5/28/2019,0600,148,0, ,0, ,214, ,11, ,47.2, ,100, ,47.1, ,1.2, ,260, ,62.4, 
240,5/28/2019,0700,148,0.01,R,0, ,600, ,14.9, ,56.6, ,95, ,55.2, ,1,I,359, ,62.2, 
240,5/28/2019,0800,148,0.01,R,0, ,999, ,12.8, ,57.8, ,78, ,51, ,1,I,205, ,62.1, 
240,5/28/2019,0900,148,0.02, ,0, ,1378, ,13.9, ,63.4, ,69, ,53.3, ,1.3, ,154, ,61.9, 
240,5/28/2019,1000,148,0.02, ,0, ,1683, ,15.8, ,70, ,63, ,56.8, ,1.7, ,188, ,61.8, 
240,5/28/2019,1100,148,0.02, ,0, ,1881, ,14.3, ,70.9, ,55, ,54.1, ,1.9, ,173, ,61.8, 
240,5/28/2019,1200,148,0.03, ,0, ,1960, ,15.7, ,76.5, ,50, ,56.7, ,3.9, ,173, ,61.8, 
240,5/28/2019,1300,148,0.03, ,0, ,1949, ,15.5, ,79.5, ,45, ,56.4, ,4.9, ,152, ,61.8, 
240,5/28/2019,1400,148,0.03, ,0, ,1799, ,13.2, ,78.1, ,40, ,51.9, ,5.2, ,333, ,62, 
240,5/28/2019,1500,148,0.02, ,0, ,1353, ,12.3, ,77.1, ,39, ,50, ,8.8, ,346, ,62.1, 
240,5/28/2019,1600,148,0.02, ,0, ,1106, ,12, ,75.6, ,40, ,49.5, ,7.9, ,331, ,62.3, 
240,5/28/2019,1700,148,0.01, ,0, ,789, ,13.3, ,74, ,46, ,52.2, ,8.7, ,148, ,62.6, 
240,5/28/2019,1800,148,0.01, ,0, ,390, ,14.2, ,71.7, ,54, ,54, ,8.3, ,160, ,62.8, 
240,5/28/2019,1900,148,0, ,0, ,75, ,14.5, ,70.3, ,57, ,54.5, ,6.7, ,163, ,63, 
240,5/28/2019,2000,148,0, ,0, ,0, ,15.2, ,69.7, ,61, ,55.8, ,3.6, ,126, ,63.2, 
240,5/28/2019,2100,148,0, ,0, ,0, ,17.7, ,70.4, ,69, ,60, ,4.9, ,124, ,63.4, 
240,5/28/2019,2200,148,0,R,0, ,0, ,23.6, ,76.6,R,76,R,68.3,R,2, ,170, ,63.4, 
240,5/28/2019,2300,148,0, ,0, ,0, ,15.8, ,65.4, ,74, ,56.9, ,1.1, ,179, ,63.5, 
240,5/28/2019,2400,148,0,R,0, ,0, ,15.1, ,63.6, ,75, ,55.7, ,1,I,180, ,63.5, 
240,5/29/2019,0100,149,0,R,0, ,0, ,13.3, ,57.7, ,82, ,52.2, ,1,I,247, ,63.5, 
240,5/29/2019,0200,149,0,R,0, ,0, ,15.1, ,58.7, ,89, ,55.6, ,1,I,263, ,63.6, 
240,5/29/2019,0300,149,0,R,0, ,0, ,24.8, ,69.2,Y,100,Y,69.2,Y,1,I,306, ,63.7, 
240,5/29/2019,0400,149,0,R,0, ,0, ,30.6, ,74.8,R,100,R,74.8,R,1,I,285, ,63.8, 
240,5/29/2019,0500,149,0,R,0, ,6, ,33.2,R,73.7,R,100,R,73.7,R,1, ,270, ,63.8, 
240,5/29/2019,0600,149,0,R,0, ,203, ,16.9, ,59.1, ,98, ,58.7, ,1,I,32, ,63.6, 
240,5/29/2019,0700,149,0.01, ,0, ,597, ,14, ,58.7, ,83, ,53.5, ,1.3, ,20, ,63.4, 
240,5/29/2019,0800,149,0.01, ,0, ,878, ,17, ,66.6, ,76, ,58.9, ,1, ,191, ,63.3, 
240,5/29/2019,0900,149,0.02, ,0, ,1377, ,18.4, ,72.8, ,67, ,61.2, ,1, ,108, ,63.1, 
240,5/29/2019,1000,149,0.02, ,0, ,1685, ,17.7, ,76.2, ,57, ,60, ,1.3, ,108, ,63, 
240,5/29/2019,1100,149,0.03, ,0, ,1873, ,16.7, ,79.3, ,49, ,58.5, ,4.2, ,312, ,62.9, 
240,5/29/2019,1200,149,0.03, ,0,Y,1941, ,15.1, ,82.1, ,40, ,55.7, ,3.8, ,330, ,63, 
240,5/29/2019,1300,149,0.03, ,0, ,1920, ,14.3, ,84.8, ,35, ,54, ,3.5, ,15, ,63.1, 
240,5/29/2019,1400,149,0.03, ,0, ,1592, ,13.9, ,85.3, ,33, ,53.3, ,10.3, ,330, ,63.2, 
240,5/29/2019,1500,149,0.02, ,0, ,1113, ,14.1, ,84.5, ,35, ,53.8, ,11.3, ,328, ,63.4, 
240,5/29/2019,1600,149,0.02, ,0, ,1143, ,14.8, ,84.5, ,36, ,55, ,6.9, ,164, ,63.6, 
240,5/29/2019,1700,149,0.01, ,0, ,739, ,16.2, ,82, ,43, ,57.6, ,10.6, ,133, ,63.8, 
240,5/29/2019,1800,149,0.01, ,0, ,389, ,16, ,79.5, ,46, ,57.1, ,8.2, ,133, ,64, 
240,5/29/2019,1900,149,0, ,0, ,79, ,15.6, ,75.4, ,52, ,56.5, ,4.8, ,127, ,64.1, 
240,5/29/2019,2000,149,0,Y,0, ,0, ,18.3, ,75.5,Y,61,Y,61,Y,2.2, ,84, ,64.3, 
240,5/29/2019,2100,149,0,R,0, ,0, ,23.8, ,78.4,R,72,R,68.5,R,5.2, ,119, ,64.4, 
240,5/29/2019,2200,149,0,R,0, ,0, ,22.9, ,75.1,R,77,R,67.4,R,5.6, ,154, ,64.5, 
240,5/29/2019,2300,149,0, ,0, ,0, ,16.2, ,64.7, ,78, ,57.6, ,1.6, ,191, ,64.5, 
240,5/29/2019,2400,149,0, ,0, ,0, ,15.2, ,61.2, ,82, ,55.7, ,1.1, ,235, ,64.5, 
240,5/30/2019,0100,150,0, ,0, ,0, ,15.6, ,61.5, ,83, ,56.4, ,1, ,111, ,64.5, 
240,5/30/2019,0200,150,0,R,0, ,0, ,15.8, ,60.7, ,87, ,56.8, ,1,I,121, ,64.5, 
240,5/30/2019,0300,150,0,R,0, ,0, ,17.3, ,62.2, ,91, ,59.4, ,1,I,70, ,64.4, 
240,5/30/2019,0400,150,0,R,0, ,0, ,22.6, ,67,Y,100,Y,67,Y,1,I,310, ,64.3, 
240,5/30/2019,0500,150,0,A,0, ,9, ,51,Q,--,S,--,Q,--,Q,1,I,241, ,64.2, 
240,5/30/2019,0600,150,0,A,0, ,214, ,43,Q,--,S,--,Q,--,Q,1,I,278, ,64.1, 
240,5/30/2019,0700,150,0.01, ,0, ,583, ,17.4, ,63.1, ,88, ,59.6, ,1, ,13, ,64, 
240,5/30/2019,0800,150,0.01, ,0, ,988, ,23.7, ,74.6, ,81, ,68.4, ,1.3, ,180, ,63.9, 
240,5/30/2019,0900,150,0.02, ,0, ,1367, ,22.4, ,77.1, ,70, ,66.7, ,1.1, ,141, ,63.8, 
240,5/30/2019,1000,150,0.02, ,0, ,1675, ,17.9, ,77.8, ,55, ,60.3, ,1.9, ,188, ,63.7, 
240,5/30/2019,1100,150,0.03, ,0, ,1877, ,15.1, ,80.6, ,42, ,55.6, ,2.3, ,176, ,63.7, 
240,5/30/2019,1200,150,0.03, ,0, ,1960, ,14.6, ,85.3, ,35, ,54.7, ,4.7, ,178, ,63.7, 
240,5/30/2019,1300,150,0.03, ,0, ,1945, ,10.6, ,87.3, ,24, ,46.1, ,4.9, ,211, ,63.8, 
240,5/30/2019,1400,150,0.03, ,0, ,1782, ,14.2, ,87.9, ,32, ,53.9, ,7.9, ,178, ,64, 
240,5/30/2019,1500,150,0.02, ,0, ,1215, ,13.8, ,85.6, ,33, ,53.2, ,9.8, ,173, ,64.2, 
240,5/30/2019,1600,150,0.02, ,0, ,1235, ,12.2, ,83.7, ,31, ,49.8, ,8, ,341, ,64.4, 
240,5/30/2019,1700,150,0.02, ,0, ,791, ,14.1, ,83.2, ,36, ,53.7, ,9, ,208, ,64.7, 
240,5/30/2019,1800,150,0.01, ,0, ,399, ,14.9, ,79.3, ,44, ,55.3, ,8.5, ,171, ,64.9, 
240,5/30/2019,1900,150,0, ,0, ,78, ,14, ,76.2, ,45, ,53.5, ,9, ,143, ,65.1, 
240,5/30/2019,2000,150,0,R,0, ,0, ,21.7, ,81,R,60,R,65.8,R,7.3, ,128, ,65.2, 
240,5/30/2019,2100,150,0,R,0, ,0, ,23, ,79.8,R,66,R,67.6,R,6.3, ,127, ,65.3, 
240,5/30/2019,2200,150,0,Y,0, ,0, ,19.4, ,72.9,Y,70,Y,62.6,Y,2.9, ,145, ,65.4, 
240,5/30/2019,2300,150,0, ,0, ,0, ,15.7, ,65.5, ,73, ,56.8, ,1, ,169, ,65.4, 
240,5/30/2019,2400,150,0, ,0, ,0, ,15.5, ,63, ,79, ,56.3, ,2, ,136, ,65.4, 
240,5/31/2019,0100,151,0, ,0, ,0, ,15.5, ,60.6, ,86, ,56.3, ,2.6, ,174, ,65.4, 
240,5/31/2019,0200,151,0,Y,0, ,0, ,21.5, ,65.3,Y,100,Y,65.3,Y,3.2, ,155, ,65.5, 
240,5/31/2019,0300,151,0,A,0, ,0, ,34.7,Q,--,S,--,Q,--,Q,1.4, ,161, ,65.6, 
240,5/31/2019,0400,151,0,A,0, ,0, ,40.9,Q,--,S,--,Q,--,Q,1,I,246, ,65.6, 
240,5/31/2019,0500,151,0,A,0, ,3, ,38.1,Q,--,S,--,Q,--,Q,1,I,292, ,65.6, 
240,5/31/2019,0600,151,0,R,0, ,62, ,35.3,R,76.2,R,100,R,76.2,R,1,I,318, ,65.5, 
240,5/31/2019,0700,151,0,R,0, ,191, ,36.9,R,77.5,R,100,R,77.5,R,1,I,74, ,65.3, 
240,5/31/2019,0800,151,0,R,0, ,290, ,38.1,R,78.5,Y,100,R,78.5,R,1,I,307, ,65.2, 
240,5/31/2019,0900,151,0.01,R,0, ,740, ,27.6,R,70, ,100,R,70,R,1,I,195, ,65, 
240,5/31/2019,1000,151,0.02,R,0, ,1669, ,27.7, ,73.9, ,97, ,73, ,1,I,172, ,64.9, 
240,5/31/2019,1100,151,0.03,R,0, ,1871, ,26, ,78.4, ,78, ,71.1, ,1,I,359, ,64.9, 
240,5/31/2019,1200,151,0.03, ,0, ,1933, ,19.3, ,77.4, ,60, ,62.5, ,5.1, ,342, ,64.8, 
240,5/31/2019,1300,151,0.03, ,0, ,1892, ,17.1, ,79.3, ,50, ,59, ,4.3, ,298, ,64.9, 
240,5/31/2019,1400,151,0.03, ,0, ,1755, ,17.8, ,85.3, ,43, ,60.2, ,3.2, ,225, ,65, 
240,5/31/2019,1500,151,0.02, ,0, ,1422, ,18.9, ,85.9, ,45, ,61.8, ,7.6, ,187, ,65.1, 
240,5/31/2019,1600,151,0.02, ,0, ,1148, ,17.7, ,81.4, ,48, ,60, ,9.8, ,178, ,65.2, 
240,5/31/2019,1700,151,0.01, ,0, ,781, ,15.8, ,76.3, ,51, ,56.9, ,10.1, ,165, ,65.5, 
240,5/31/2019,1800,151,0.01, ,0, ,390, ,17.2, ,73.8, ,60, ,59.2, ,10.7, ,149, ,65.7, 
240,5/31/2019,1900,151,0, ,0, ,78, ,25.9, ,78.2, ,79, ,71, ,10.5, ,145, ,65.9, 
240,5/31/2019,2000,151,0, ,0, ,0, ,16.6, ,63.5, ,83, ,58.3, ,8.1, ,163, ,66, 
240,5/31/2019,2100,151,0, ,0, ,0, ,16.3, ,61.2, ,88, ,57.7, ,7, ,166, ,66.1, 
240,5/31/2019,2200,151,0, ,0, ,0, ,16, ,60, ,90, ,57.2, ,6.8, ,147, ,66.1, 
240,5/31/2019,2300,151,0, ,0, ,0, ,15.9, ,59.4, ,92, ,57, ,4.8, ,155, ,66.2, 
240,5/31/2019,2400,151,0, ,0, ,0, ,15.9, ,59.5, ,92, ,57.1, ,2.6, ,212, ,66.1, 
240,6/1/2019,0100,152,0,R,0, ,0, ,15.8, ,59.4, ,92, ,56.9, ,1,I,287, ,66.1, 
240,6/1/2019,0200,152,0,R,0, ,0, ,15.8, ,59.3, ,91, ,56.8, ,1,I,266, ,66.1, 
240,6/1/2019,0300,152,0,R,0, ,0, ,15.8, ,59.3, ,92, ,56.8, ,1,I,221, ,66.2, 
240,6/1/2019,0400,152,0,R,0, ,0, ,15.7, ,59.3, ,91, ,56.7, ,1,I,299, ,66.3, 
240,6/1/2019,0500,152,0, ,0, ,2, ,15.4, ,59.3, ,89, ,56.2, ,1.3, ,339, ,66.4, 
240,6/1/2019,0600,152,0,R,0, ,28, ,15.2, ,59.3, ,88, ,55.8, ,1,I,11, ,66.2, 
240,6/1/2019,0700,152,0, ,0, ,90, ,15.1, ,59.7, ,87, ,55.7, ,1.2, ,7, ,66.1, 
240,6/1/2019,0800,152,0,R,0, ,242, ,15, ,60.3, ,84, ,55.5, ,1,I,268, ,65.9, 
240,6/1/2019,0900,152,0, ,0, ,447, ,15, ,61.4, ,81, ,55.4, ,2.8, ,285, ,65.8, 
240,6/1/2019,1000,152,0.01, ,0, ,1231, ,15.5, ,64.4, ,75, ,56.4, ,2.3, ,177, ,65.6, 
240,6/1/2019,1100,152,0.02, ,0, ,1536, ,21.7, ,74.6, ,74, ,65.9, ,5.8, ,180, ,65.6, 
240,6/1/2019,1200,152,0.03, ,0, ,1958, ,23, ,77.2, ,72, ,67.5, ,5.5, ,175, ,65.5, 
240,6/1/2019,1300,152,0.03, ,0, ,1896, ,28.3, ,84.5, ,70, ,73.6, ,5.9, ,183, ,65.5, 
240,6/1/2019,1400,152,0.03, ,0, ,1755, ,21.2, ,80.1, ,60, ,65.1, ,6.1, ,185, ,65.6, 
240,6/1/2019,1500,152,0.02, ,0, ,1507, ,18.6, ,78.3, ,56, ,61.4, ,8.2, ,172, ,65.7, 
240,6/1/2019,1600,152,0.02, ,0, ,1199, ,17.1, ,75.7, ,56, ,59.1, ,7.9, ,179, ,65.8, 
240,6/1/2019,1700,152,0.01, ,0, ,646, ,16.8, ,74, ,59, ,58.6, ,7.1, ,184, ,66, 
240,6/1/2019,1800,152,0.01, ,0, ,358, ,16.7, ,72.9, ,60, ,58.3, ,4.8, ,263, ,66.2, 
240,6/1/2019,1900,152,0, ,0, ,59, ,17.6, ,71.5, ,67, ,59.8, ,9, ,340, ,66.4, 
240,6/1/2019,2000,152,0, ,0, ,0, ,20.6, ,72.6, ,75, ,64.3, ,5.1, ,338, ,66.5, 
240,6/1/2019,2100,152,0, ,0, ,0, ,17.3, ,66.7, ,77, ,59.3, ,1.5, ,147, ,66.6, 
240,6/1/2019,2200,152,0, ,0, ,0, ,14.5, ,60.2, ,81, ,54.4, ,6.4, ,133, ,66.6, 
240,6/1/2019,2300,152,0, ,0, ,0, ,14.3, ,58, ,87, ,54.2, ,6.3, ,158, ,66.6, 
240,6/1/2019,2400,152,0, ,0, ,0, ,14.8, ,57.9, ,90, ,55.1, ,5.2, ,151, ,66.5, 
240,6/2/2019,0100,153,0, ,0, ,0, ,15, ,58.5, ,90, ,55.5, ,5.1, ,177, ,66.4, 
240,6/2/2019,0200,153,0, ,0, ,0, ,15, ,58.7, ,89, ,55.5, ,3.3, ,189, ,66.4, 
240,6/2/2019,0300,153,0, ,0, ,0, ,15, ,58.6, ,89, ,55.4, ,1.1, ,181, ,66.5, 
240,6/2/2019,0400,153,0, ,0, ,0, ,15, ,58.6, ,89, ,55.5, ,1.6, ,290, ,66.5, 
240,6/2/2019,0500,153,0, ,0, ,2, ,15.8, ,58.1, ,95, ,56.8, ,5.2, ,344, ,66.5, 
240,6/2/2019,0600,153,0, ,0, ,53, ,15.7, ,58.1, ,95, ,56.7, ,2.1, ,335, ,66.4, 
240,6/2/2019,0700,153,0,R,0, ,133, ,15.6, ,58.9, ,92, ,56.4, ,1,I,295, ,66.2, 
240,6/2/2019,0800,153,0, ,0, ,180, ,15.3, ,59.5, ,88, ,55.9, ,1.1, ,297, ,66, 
240,6/2/2019,0900,153,0, ,0, ,289, ,15.4, ,60.2, ,86, ,56.1, ,1.4, ,177, ,65.9, 
240,6/2/2019,1000,153,0, ,0, ,519, ,15.2, ,61.7, ,81, ,55.8, ,1.5, ,207, ,65.8, 
240,6/2/2019,1100,153,0.01, ,0, ,1006, ,18.2, ,68.7, ,76, ,60.8, ,2.3, ,311, ,65.7, 
240,6/2/2019,1200,153,0.03, ,0, ,1735, ,28.3, ,81.9, ,76, ,73.6, ,4.5, ,319, ,65.6, 
240,6/2/2019,1300,153,0.03, ,0, ,1906, ,20.6, ,77.2, ,65, ,64.3, ,5.4, ,338, ,65.6, 
240,6/2/2019,1400,153,0.03, ,0, ,1770, ,17.9, ,76.6, ,57, ,60.4, ,8.6, ,341, ,65.6, 
240,6/2/2019,1500,153,0.02, ,0, ,1474, ,16.8, ,76.2, ,54, ,58.5, ,6.7, ,344, ,65.7, 
240,6/2/2019,1600,153,0.02, ,0, ,1173, ,16.4, ,75.3, ,55, ,57.9, ,9.4, ,334, ,65.8, 
240,6/2/2019,1700,153,0.01, ,0, ,781, ,16.1, ,73.8, ,57, ,57.4, ,9.4, ,328, ,65.9, 
240,6/2/2019,1800,153,0.01, ,0, ,383, ,16.5, ,71.8, ,62, ,58.1, ,10.2, ,323, ,66.1, 
240,6/2/2019,1900,153,0, ,0, ,67, ,17.7, ,70.6, ,69, ,60, ,8.7, ,333, ,66.2, 
240,6/2/2019,2000,153,0, ,0, ,0, ,21.2, ,72.6, ,77, ,65.2, ,1.5, ,300, ,66.3, 
240,6/2/2019,2100,153,0, ,0, ,0, ,19.3, ,68.8, ,80, ,62.4, ,3.6, ,344, ,66.3, 
240,6/2/2019,2200,153,0, ,0, ,0, ,17.5, ,65.1, ,83, ,59.8, ,3, ,349, ,66.2, 
240,6/2/2019,2300,153,0,R,0, ,0, ,15, ,60.3, ,84, ,55.5, ,1,I,21, ,66.2, 
240,6/2/2019,2400,153,0,R,0, ,0, ,14.3, ,58.4, ,86, ,54.1, ,1,I,349, ,66.1, 
240,6/3/2019,0100,154,0, ,0, ,0, ,14.7, ,58.1, ,89, ,54.8, ,3.8, ,339, ,66, 
240,6/3/2019,0200,154,0, ,0, ,0, ,15, ,58.5, ,90, ,55.4, ,5.7, ,337, ,66, 
240,6/3/2019,0300,154,0, ,0, ,0, ,15, ,58.6, ,89, ,55.4, ,5.8, ,348, ,66.1, 
240,6/3/2019,0400,154,0, ,0, ,0, ,15, ,58.3, ,90, ,55.5, ,5, ,347, ,66.1, 
240,6/3/2019,0500,154,0, ,0, ,2, ,15.3, ,58.3, ,92, ,55.9, ,5.3, ,354, ,66.1, 
240,6/3/2019,0600,154,0, ,0, ,40, ,15.3, ,58.1, ,92, ,55.9, ,2.7, ,343, ,65.9, 
240,6/3/2019,0700,154,0,R,0, ,107, ,15.3, ,58.6, ,91, ,56, ,1,I,317, ,65.8, 
240,6/3/2019,0800,154,0, ,0, ,206, ,15.3, ,59.2, ,89, ,56, ,1, ,11, ,65.6, 
240,6/3/2019,0900,154,0,R,0, ,404, ,15.5, ,60.7, ,86, ,56.3, ,1,I,357, ,65.5, 
240,6/3/2019,1000,154,0.01,R,0, ,1137, ,17.3, ,65.1, ,82, ,59.3, ,1,I,325, ,65.4, 
240,6/3/2019,1100,154,0.03, ,0, ,1830, ,24.5, ,77, ,77, ,69.3, ,2.2, ,96, ,65.3, 
240,6/3/2019,1200,154,0.03, ,0, ,1920, ,19.4, ,75.6, ,64, ,62.6, ,3.5, ,338, ,65.3, 
240,6/3/2019,1300,154,0.03, ,0, ,1896, ,18.2, ,78.1, ,56, ,60.9, ,5.5, ,343, ,65.3, 
240,6/3/2019,1400,154,0.03, ,0, ,1743, ,16.6, ,78.1, ,50, ,58.2, ,8.5, ,335, ,65.4, 
240,6/3/2019,1500,154,0.02, ,0, ,1487, ,16.3, ,78.6, ,49, ,57.7, ,8.1, ,323, ,65.5, 
240,6/3/2019,1600,154,0.02, ,0, ,1094, ,16.1, ,80, ,46, ,57.4, ,5.1, ,330, ,65.7, 
240,6/3/2019,1700,154,0.01, ,0, ,752, ,15.7, ,78.7, ,47, ,56.7, ,8.7, ,335, ,65.9, 
240,6/3/2019,1800,154,0.01, ,0, ,377, ,15.6, ,75.4, ,52, ,56.4, ,4.9, ,205, ,66.1, 
240,6/3/2019,1900,154,0, ,0, ,71, ,16.6, ,71.6, ,63, ,58.3, ,5.9, ,168, ,66.2, 
240,6/3/2019,2000,154,0, ,0, ,0, ,19.2, ,71, ,74, ,62.3, ,5.5, ,167, ,66.4, 
240,6/3/2019,2100,154,0,R,0, ,0, ,27.8, ,77.3,R,87,R,73,R,5.9, ,151, ,66.5, 
240,6/3/2019,2200,154,0,Y,0, ,0, ,21.6, ,69.6,Y,87,Y,65.7,Y,2.7, ,162, ,66.5, 
240,6/3/2019,2300,154,0, ,0, ,0, ,19.3, ,65.2, ,91, ,62.4, ,3.8, ,171, ,66.5, 
240,6/3/2019,2400,154,0, ,0, ,0, ,16.5, ,60.4, ,92, ,58.1, ,3.6, ,168, ,66.5, 
240,6/4/2019,0100,155,0, ,0, ,0, ,16.5, ,59.6, ,95, ,58.1, ,3, ,157, ,66.5, 
240,6/4/2019,0200,155,0, ,0, ,0, ,16.4, ,59.4, ,95, ,57.9, ,1.1, ,227, ,66.5, 
240,6/4/2019,0300,155,0,R,0, ,0, ,16.4, ,59.3, ,95, ,57.9, ,1,I,268, ,66.4, 
240,6/4/2019,0400,155,0, ,0, ,0, ,16.5, ,59.1, ,96, ,58, ,1.2, ,318, ,66.3, 
240,6/4/2019,0500,155,0,R,0, ,2, ,16.6, ,59.1, ,97, ,58.2, ,1,I,347, ,66.2, 
240,6/4/2019,0600,155,0,R,0, ,42, ,16.6, ,59, ,97, ,58.2, ,1,I,339, ,66.2, 
240,6/4/2019,0700,155,0, ,0, ,138, ,16.8, ,59.5, ,97, ,58.6, ,1, ,344, ,66.1, 
240,6/4/2019,0800,155,0, ,0, ,283, ,17, ,60.4, ,95, ,58.9, ,1, ,327, ,66, 
240,6/4/2019,0900,155,0.01, ,0, ,918, ,18, ,63.5, ,90, ,60.5, ,1, ,201, ,65.9, 
240,6/4/2019,1000,155,0.02, ,0, ,1654, ,25.1, ,75.1, ,84, ,70, ,1.1, ,155, ,65.8, 
240,6/4/2019,1100,155,0.03,R,0, ,1859, ,23.4, ,77.9, ,72, ,68, ,1,I,168, ,65.8, 
240,6/4/2019,1200,155,0.03, ,0, ,1933, ,20.1, ,80.2, ,57, ,63.6, ,2.4, ,174, ,65.8, 
240,6/4/2019,1300,155,0.03, ,0, ,1904, ,20.7, ,86.2, ,49, ,64.5, ,3.2, ,330, ,65.9, 
240,6/4/2019,1400,155,0.03, ,0, ,1759, ,19, ,87.3, ,43, ,62.1, ,6.8, ,338, ,66, 
240,6/4/2019,1500,155,0.03, ,0, ,1505, ,17.8, ,86.8, ,41, ,60.2, ,8.3, ,347, ,66.2, 
240,6/4/2019,1600,155,0.02, ,0, ,1167, ,17.5, ,86.4, ,41, ,59.8, ,7.6, ,347, ,66.4, 
240,6/4/2019,1700,155,0.01, ,0, ,795, ,18.5, ,84.9, ,45, ,61.2, ,2.4, ,36, ,66.7, 
240,6/4/2019,1800,155,0.01, ,0, ,406, ,19, ,80.9, ,53, ,62, ,6.5, ,169, ,66.9, 
240,6/4/2019,1900,155,0, ,0, ,83, ,17.1, ,74.8, ,58, ,59, ,5.2, ,165, ,67.1, 
240,6/4/2019,2000,155,0,Y,0, ,1, ,19.7, ,74.8,Y,67,Y,63,Y,4.3, ,170, ,67.3, 
240,6/4/2019,2100,155,0,A,0, ,0, ,32.7,Q,--,S,--,Q,--,Q,3.7, ,141, ,67.5, 
240,6/4/2019,2200,155,0,R,0, ,0, ,23.3, ,74.8,R,79,R,67.9,R,1,I,174, ,67.6, 
240,6/4/2019,2300,155,0,Y,0, ,0, ,19.8, ,69.7,Y,80,Y,63.2,Y,1.5, ,164, ,67.6, 
240,6/4/2019,2400,155,0,R,0, ,0, ,19.2, ,68.1,Y,82,Y,62.4,Y,1,I,76, ,67.6, 
240,6/5/2019,0100,156,0,R,0, ,0, ,21.3, ,69.3,R,87,R,65.3,R,1.1, ,7, ,67.6, 
240,6/5/2019,0200,156,0, ,0, ,0, ,16.2, ,61, ,88, ,57.5, ,1.4, ,327, ,67.7, 
240,6/5/2019,0300,156,0,R,0, ,0, ,16.3, ,60.9, ,89, ,57.7, ,1,I,31, ,67.8, 
240,6/5/2019,0400,156,0,R,0, ,0, ,16.1, ,60, ,91, ,57.5, ,1,I,156, ,67.8, 
240,6/5/2019,0500,156,0, ,0, ,7, ,16, ,58.9, ,94, ,57.3, ,1.3, ,152, ,67.8, 
240,6/5/2019,0600,156,0, ,0, ,100, ,17, ,58.9, ,100, ,58.9, ,1.8, ,184, ,67.7, 
240,6/5/2019,0700,156,0, ,0, ,464, ,18.3, ,60.8, ,100, ,60.8, ,1.1, ,206, ,67.5, 
240,6/5/2019,0800,156,0.01,R,0, ,962, ,24.6, ,71.9, ,92, ,69.5, ,1,I,203, ,67.3, 
240,6/5/2019,0900,156,0.02,R,0, ,1344, ,31, ,82,Y,83,Y,76.3,Y,1,I,248, ,67.2, 
240,6/5/2019,1000,156,0.02, ,0, ,1652, ,20.8, ,78.6, ,62, ,64.6, ,1.2, ,127, ,67, 
240,6/5/2019,1100,156,0.03,R,0, ,1842, ,21.6, ,85.2, ,52, ,65.7, ,1,I,154, ,67, 
240,6/5/2019,1200,156,0.03, ,0, ,1918, ,20.1, ,88.7, ,43, ,63.6, ,2.9, ,329, ,67, 
240,6/5/2019,1300,156,0.03, ,0, ,1875, ,19, ,90.1, ,39, ,62.1, ,4.4, ,352, ,67.1, 
240,6/5/2019,1400,156,0.03, ,0, ,1687, ,19.1, ,91, ,38, ,62.2, ,7.5, ,71, ,67.3, 
240,6/5/2019,1500,156,0.03, ,0, ,1493, ,18.5, ,90.2, ,38, ,61.3, ,6.4, ,177, ,67.4, 
240,6/5/2019,1600,156,0.02, ,0, ,1167, ,17.9, ,89.1, ,38, ,60.4, ,6.5, ,350, ,67.7, 
240,6/5/2019,1700,156,0.01, ,0, ,781, ,17.6, ,87, ,40, ,59.9, ,5, ,154, ,68, 
240,6/5/2019,1800,156,0.01,Y,0, ,385, ,19, ,84.7,Y,47,Y,62.1,Y,7.6, ,162, ,68.2, 
240,6/5/2019,1900,156,0, ,0, ,84, ,17.8, ,78.4, ,53, ,60.1, ,8.2, ,145, ,68.5, 
240,6/5/2019,2000,156,0,Y,0, ,1, ,20.6, ,77.1,Y,65,Y,64.4,Y,7.3, ,138, ,68.6, 
240,6/5/2019,2100,156,0,R,0, ,0, ,25.1, ,79.5,R,73,R,70.1,R,4, ,171, ,68.8, 
240,6/5/2019,2200,156,0,R,0, ,0, ,22.2, ,75,R,75,R,66.5,R,2.6, ,160, ,68.9, 
240,6/5/2019,2300,156,0,A,0, ,0, ,23.3,Q,--,S,--,Q,--,Q,2.4, ,123, ,68.9, 
240,6/5/2019,2400,156,0,A,0, ,0, ,24.7,Q,--,S,--,Q,--,Q,1.1, ,168, ,68.9, 
240,6/6/2019,0100,157,0,R,0, ,0, ,22.6, ,71.3,R,86,R,67,R,1, ,160, ,68.8, 
240,6/6/2019,0200,157,0,R,0, ,0, ,17.6, ,64.6,Y,85,Y,59.9,Y,1,I,95, ,68.7, 
240,6/6/2019,0300,157,0,R,0, ,0, ,16.9, ,62.6, ,87, ,58.7, ,1,I,61, ,68.6, 
240,6/6/2019,0400,157,0,R,0, ,0, ,17.2, ,61.3, ,93, ,59.2, ,1,I,20, ,68.5, 
240,6/6/2019,0500,157,0, ,0, ,4, ,18.4, ,61.4, ,99, ,61.2, ,1, ,341, ,68.4, 
240,6/6/2019,0600,157,0, ,0, ,79, ,19.1, ,61.8, ,100, ,61.8, ,2.1, ,345, ,68.2, 
240,6/6/2019,0700,157,0, ,0, ,323, ,19.5, ,62.6, ,100, ,62.6, ,2.8, ,15, ,68.1, 
240,6/6/2019,0800,157,0.01, ,0, ,959, ,22.2, ,68.6, ,93, ,66.5, ,1.7, ,355, ,67.9, 
240,6/6/2019,0900,157,0.02,R,0, ,1359, ,23.9, ,75.5, ,79, ,68.6, ,1,I,140, ,67.8, 
240,6/6/2019,1000,157,0.02, ,0, ,1664, ,18.6, ,77.1, ,59, ,61.4, ,1, ,188, ,67.7, 
240,6/6/2019,1100,157,0.03, ,0, ,1852, ,18.3, ,82.8, ,48, ,61, ,2.8, ,169, ,67.7, 
240,6/6/2019,1200,157,0.03, ,0, ,1931, ,18.5, ,88.3, ,41, ,61.3, ,4.4, ,190, ,67.8, 
240,6/6/2019,1300,157,0.03, ,0, ,1859, ,18, ,88.7, ,39, ,60.5, ,6.9, ,317, ,67.9, 
240,6/6/2019,1400,157,0.03, ,0, ,1708, ,17.3, ,88.2, ,38, ,59.4, ,8.1, ,349, ,68.1, 
240,6/6/2019,1500,157,0.03, ,0, ,1489, ,17, ,86.5, ,39, ,59, ,9.9, ,149, ,68.3, 
240,6/6/2019,1600,157,0.02, ,0, ,1183, ,17.7, ,83.8, ,45, ,60, ,11.2, ,157, ,68.5, 
240,6/6/2019,1700,157,0.02, ,0, ,805, ,17.5, ,80.3, ,50, ,59.7, ,11.1, ,167, ,68.8, 
240,6/6/2019,1800,157,0.01, ,0, ,428, ,16.6, ,76.6, ,53, ,58.2, ,9.9, ,160, ,69, 
240,6/6/2019,1900,157,0,Y,0, ,81, ,23.6, ,79.5,Y,69,Y,68.2,Y,9.5, ,141, ,69.2, 
240,6/6/2019,2000,157,0, ,0, ,1, ,21.6, ,73.5, ,77, ,65.7, ,8.2, ,164, ,69.4, 
240,6/6/2019,2100,157,0, ,0, ,0, ,17.9, ,65.3, ,84, ,60.3, ,6.9, ,167, ,69.5, 
240,6/6/2019,2200,157,0, ,0, ,0, ,16.4, ,61.2, ,89, ,58, ,6.6, ,153, ,69.5, 
240,6/6/2019,2300,157,0, ,0, ,0, ,16.6, ,60.7, ,91, ,58.2, ,4.8, ,144, ,69.5, 
240,6/6/2019,2400,157,0,R,0, ,0, ,16.7, ,60.7, ,92, ,58.4, ,1,I,166, ,69.4, 
240,6/7/2019,0100,158,0,R,0, ,0, ,17, ,61, ,93, ,58.9, ,1,I,297, ,69.3, 
240,6/7/2019,0200,158,0,R,0, ,0, ,17.3, ,61.3, ,94, ,59.4, ,1,I,349, ,69.4, 
240,6/7/2019,0300,158,0,R,0, ,0, ,17.4, ,61.2, ,94, ,59.5, ,1,I,286, ,69.5, 
240,6/7/2019,0400,158,0, ,0, ,0, ,17.4, ,61, ,95, ,59.5, ,1, ,272, ,69.5, 
240,6/7/2019,0500,158,0,R,0, ,2, ,17.6, ,61, ,96, ,59.8, ,1,I,259, ,69.5, 
240,6/7/2019,0600,158,0, ,0, ,40, ,17.7, ,61.1, ,96, ,60, ,1.5, ,259, ,69.3, 
240,6/7/2019,0700,158,0, ,0, ,128, ,17.8, ,62, ,94, ,60.2, ,1.6, ,252, ,69.2, 
240,6/7/2019,0800,158,0, ,0, ,286, ,17.7, ,62.5, ,92, ,60, ,2, ,286, ,69, 
240,6/7/2019,0900,158,0.01, ,0, ,955, ,19.1, ,66.3, ,87, ,62.2, ,1.7, ,181, ,68.8, 
240,6/7/2019,1000,158,0.02, ,0, ,1673, ,31.9, ,81.6, ,87, ,77.2, ,1.6, ,221, ,68.7, 
240,6/7/2019,1100,158,0.03, ,0, ,1883, ,19.2, ,74.5, ,66, ,62.3, ,2.6, ,183, ,68.6, 
240,6/7/2019,1200,158,0.03, ,0, ,1972, ,16.7, ,77.3, ,52, ,58.3, ,4, ,176, ,68.6, 
240,6/7/2019,1300,158,0.03, ,0, ,1923, ,16.1, ,81.1, ,45, ,57.5, ,6.7, ,340, ,68.6, 
240,6/7/2019,1400,158,0.03, ,0, ,1766, ,17, ,81.7, ,46, ,58.9, ,9.5, ,323, ,68.7, 
240,6/7/2019,1500,158,0.03, ,0, ,1507, ,16.1, ,81.4, ,44, ,57.4, ,10.9, ,336, ,68.9, 
240,6/7/2019,1600,158,0.02, ,0, ,1196, ,15.4, ,80.8, ,43, ,56.2, ,9.9, ,336, ,69.1, 
240,6/7/2019,1700,158,0.01, ,0, ,806, ,14.9, ,79.3, ,44, ,55.3, ,9.4, ,330, ,69.4, 
240,6/7/2019,1800,158,0.01, ,0, ,418, ,14.5, ,76.8, ,46, ,54.4, ,6, ,330, ,69.6, 
240,6/7/2019,1900,158,0, ,0, ,92, ,15.1, ,71.6, ,57, ,55.7, ,8.6, ,132, ,69.7, 
240,6/7/2019,2000,158,0, ,0, ,1, ,19.8, ,73.1, ,71, ,63.2, ,7, ,169, ,69.8, 
240,6/7/2019,2100,158,0, ,0, ,0, ,17.5, ,67.1, ,77, ,59.7, ,7.5, ,163, ,69.8, 
240,6/7/2019,2200,158,0, ,0, ,0, ,16.1, ,62.4, ,84, ,57.4, ,5.9, ,150, ,69.9, 
240,6/7/2019,2300,158,0, ,0, ,0, ,15.8, ,60.4, ,88, ,56.9, ,6, ,148, ,69.8, 
240,6/7/2019,2400,158,0, ,0, ,0, ,15.8, ,59.3, ,92, ,56.9, ,5.2, ,159, ,69.7, 
240,6/8/2019,0100,159,0, ,0, ,0, ,16, ,58.9, ,94, ,57.2, ,4.4, ,179, ,69.7, 
240,6/8/2019,0200,159,0, ,0, ,0, ,15.9, ,58.4, ,95, ,57.1, ,3.5, ,213, ,69.7, 
240,6/8/2019,0300,159,0, ,0, ,0, ,16.3, ,58.6, ,97, ,57.7, ,2.3, ,280, ,69.7, 
240,6/8/2019,0400,159,0, ,0, ,0, ,16.5, ,58.7, ,98, ,58.1, ,2.2, ,276, ,69.7, 
240,6/8/2019,0500,159,0,R,0, ,2, ,16.6, ,58.9, ,98, ,58.3, ,1,I,290, ,69.6, 
240,6/8/2019,0600,159,0, ,0, ,39, ,16.7, ,59.1, ,98, ,58.4, ,2.8, ,319, ,69.4, 
240,6/8/2019,0700,159,0, ,0, ,176, ,16.8, ,59.5, ,97, ,58.6, ,1.8, ,23, ,69.2, 
240,6/8/2019,0800,159,0.01, ,0, ,748, ,16.9, ,61, ,92, ,58.7, ,3, ,209, ,69.1, 
240,6/8/2019,0900,159,0.02, ,0, ,1373, ,24.7, ,73.2, ,89, ,69.6, ,1.9, ,173, ,68.9, 
240,6/8/2019,1000,159,0.02, ,0, ,1687, ,18.2, ,74.6, ,62, ,60.8, ,2.7, ,182, ,68.8, 
240,6/8/2019,1100,159,0.03, ,0, ,1892, ,13.5, ,76.7, ,43, ,52.5, ,3.7, ,176, ,68.7, 
240,6/8/2019,1200,159,0.03, ,0, ,1972, ,12.6, ,81.8, ,34, ,50.7, ,3.7, ,177, ,68.8, 
240,6/8/2019,1300,159,0.03, ,0, ,1945, ,11.3, ,84.7, ,28, ,47.7, ,2.9, ,163, ,68.8, 
240,6/8/2019,1400,159,0.03, ,0, ,1811, ,11, ,87, ,25, ,47.1, ,3.5, ,185, ,69, 
240,6/8/2019,1500,159,0.03, ,0, ,1569, ,10.9, ,89.5, ,23, ,46.8, ,4.6, ,180, ,69.1, 
240,6/8/2019,1600,159,0.02, ,0, ,1227, ,11.5, ,88.7, ,25, ,48.3, ,7.8, ,180, ,69.4, 
240,6/8/2019,1700,159,0.02, ,0, ,822, ,12.3, ,84.7, ,30, ,50, ,9.2, ,177, ,69.6, 
240,6/8/2019,1800,159,0.01, ,0, ,426, ,12, ,82.3, ,32, ,49.4, ,8.6, ,170, ,69.9, 
240,6/8/2019,1900,159,0, ,0, ,96, ,12, ,79.4, ,35, ,49.3, ,7, ,133, ,70.2, 
240,6/8/2019,2000,159,0, ,0, ,1, ,12.6, ,74, ,44, ,50.6, ,7.3, ,126, ,70.4, 
240,6/8/2019,2100,159,0,Y,0, ,0, ,14.3, ,75.2,Y,48,Y,54.1,Y,2.8, ,101, ,70.5, 
240,6/8/2019,2200,159,0,R,0, ,0, ,19.5, ,77.4,R,61,R,62.8,R,2.6, ,335, ,70.6, 
240,6/8/2019,2300,159,0,Y,0, ,0, ,15.9, ,71.2,Y,61,Y,57,Y,1, ,9, ,70.6, 
240,6/8/2019,2400,159,0,Y,0, ,0, ,14.2, ,66.9,Y,63,Y,54,Y,1, ,356, ,70.5, 
240,6/9/2019,0100,160,0,Y,0, ,0, ,14.4, ,65.5,Y,67,Y,54.2,Y,1, ,314, ,70.4, 
240,6/9/2019,0200,160,0,R,0, ,0, ,14.6, ,64.7,Y,70,Y,54.8,Y,1,I,33, ,70.4, 
240,6/9/2019,0300,160,0,R,0, ,0, ,13.3, ,61.4, ,72, ,52.2, ,1,I,226, ,70.5, 
240,6/9/2019,0400,160,0,R,0, ,0, ,13.6, ,61.5, ,73, ,52.8, ,1,I,157, ,70.5, 
240,6/9/2019,0500,160,0,R,0, ,10, ,13.1, ,58.4, ,78, ,51.7, ,1,I,325, ,70.4, 
240,6/9/2019,0600,160,0, ,0, ,217, ,14.3, ,59.6, ,82, ,54, ,1, ,350, ,70.2, 
240,6/9/2019,0700,160,0.01,R,0, ,602, ,17.3, ,67.8, ,74, ,59.4, ,1,I,349, ,70, 
240,6/9/2019,0800,160,0.01,R,0, ,1016, ,21.7, ,78.6,Y,65,Y,65.9,Y,1,I,330, ,69.8, 
240,6/9/2019,0900,160,0.02,Y,0, ,1396, ,14.7, ,81.4,Y,40,Y,54.9,Y,1.4, ,307, ,69.5, 
240,6/9/2019,1000,160,0.03,Y,0, ,1716, ,11.4, ,90.8,Y,23,Y,48.1,Y,1.9, ,66, ,69.4, 
240,6/9/2019,1100,160,0.03,Y,0, ,1900, ,8, ,93.4,Y,15,Y,38.7,Y,4, ,88, ,69.4, 
240,6/9/2019,1200,160,0.03, ,0, ,1995, ,6.1, ,94.1, ,11, ,31.8, ,6.4, ,115, ,69.4, 
240,6/9/2019,1300,160,0.04, ,0, ,1976, ,5.3, ,95.1, ,9, ,28.7, ,8.5, ,137, ,69.5, 
240,6/9/2019,1400,160,0.03, ,0, ,1848, ,4.7, ,96, ,8, ,25.5, ,6.6, ,121, ,69.7, 
240,6/9/2019,1500,160,0.03,Y,0, ,1598, ,5, ,96.3,Y,8,Y,26.9,Y,6, ,146, ,69.9, 
240,6/9/2019,1600,160,0.02,Y,0, ,1258, ,5, ,96.5,Y,8,Y,26.9,Y,6.1, ,131, ,70.1, 
240,6/9/2019,1700,160,0.02,Y,0, ,857, ,5.5, ,96,Y,10,Y,29.6,Y,3.7, ,112, ,70.4, 
240,6/9/2019,1800,160,0.01,R,0, ,441, ,7.2, ,93.1,R,14,R,36,R,7.7, ,198, ,70.7, 
240,6/9/2019,1900,160,0.01,R,0, ,89, ,12.9, ,90.5,R,26,R,51.2,R,6.4, ,308, ,71, 
240,6/9/2019,2000,160,0,A,0, ,0, ,11,Q,--,S,--,Q,--,Q,1.4, ,355, ,71.2, 
240,6/9/2019,2100,160,0,A,0, ,0, ,13,Q,--,S,--,Q,--,Q,1,I,26, ,71.4, 
240,6/9/2019,2200,160,0,A,0, ,0, ,19.1,Q,--,S,--,Q,--,Q,5.5, ,171, ,71.4, 
240,6/9/2019,2300,160,0,A,0, ,0, ,19.3,Q,--,S,--,Q,--,Q,2, ,161, ,71.4, 
240,6/9/2019,2400,160,0,R,0, ,0, ,18.7, ,74,R,65,R,61.6,R,1,I,115, ,71.4, 
240,6/10/2019,0100,161,0,R,0, ,0, ,18.3, ,70.9,R,71,R,61,R,1,I,6, ,71.3, 
240,6/10/2019,0200,161,0,R,0, ,0, ,17.4, ,67.9,R,75,R,59.6,R,1,I,290, ,71.3, 
240,6/10/2019,0300,161,0,Y,0, ,0, ,15.2, ,63.7,Y,76,Y,55.8,Y,1.2, ,349, ,71.4, 
240,6/10/2019,0400,161,0, ,0, ,0, ,14.3, ,62.2, ,75, ,54.1, ,1, ,334, ,71.3, 
240,6/10/2019,0500,161,0,R,0, ,11, ,13.8, ,61.1, ,75, ,53.1, ,1,I,8, ,71.3, 
240,6/10/2019,0600,161,0, ,0, ,240, ,13.6, ,61.5, ,73, ,52.8, ,1, ,289, ,71, 
240,6/10/2019,0700,161,0.01,Y,0, ,617, ,18.1, ,73.4,Y,64,Y,60.7,Y,1, ,315, ,70.8, 
240,6/10/2019,0800,161,0.01,Y,0, ,1027, ,15.4, ,80.6,Y,43,Y,56.2,Y,1, ,353, ,70.6, 
240,6/10/2019,0900,161,0.02,R,0, ,1358, ,12.1, ,91.6,R,24,R,49.6,R,1.1, ,163, ,70.4, 
240,6/10/2019,1000,161,0.02,Y,0, ,1745, ,8.2, ,95.1,Y,15,Y,39.5,Y,1, ,172, ,70.2, 
240,6/10/2019,1100,161,0.03,Y,0, ,1925, ,6.7, ,97.3,Y,11,Y,34.4,Y,3.1, ,12, ,70.2, 
240,6/10/2019,1200,161,0.03,Y,0, ,1987, ,6.4, ,98,Y,10,Y,33.2,Y,5.7, ,195, ,70.2, 
240,6/10/2019,1300,161,0.03,Y,0, ,1984, ,6.4, ,98.5,Y,10,Y,33,Y,5, ,231, ,70.3, 
240,6/10/2019,1400,161,0.03,Y,0, ,1809, ,6.5, ,99.1,Y,10,Y,33.5,Y,5.5, ,197, ,70.5, 
240,6/10/2019,1500,161,0.03,Y,0, ,1547, ,6.1, ,99.2,Y,10,Y,32,Y,6.3, ,203, ,70.7, 
240,6/10/2019,1600,161,0.02,Y,0, ,845, ,6.4, ,97.5,Y,11,Y,33.2,Y,6.7, ,213, ,71, 
240,6/10/2019,1700,161,0.01,Y,0, ,599, ,7.6, ,95.3,Y,13,Y,37.3,Y,7.1, ,290, ,71.4, 
240,6/10/2019,1800,161,0.01,R,0, ,466, ,8, ,95,R,14,R,38.8,R,7.1, ,306, ,71.7, 
240,6/10/2019,1900,161,0.01,R,0, ,107, ,9.6, ,92.1,R,19,R,43.6,R,5.2, ,315, ,72, 
240,6/10/2019,2000,161,0,A,0, ,4, ,8.8,Q,--,S,--,Q,--,Q,4.8, ,358, ,72.2, 
240,6/10/2019,2100,161,0,A,0, ,0, ,8.9,Q,--,S,--,Q,--,Q,3, ,31, ,72.3, 
240,6/10/2019,2200,161,0,A,0, ,0, ,9.6,Q,--,S,--,Q,--,Q,1.5, ,357, ,72.3, 
240,6/10/2019,2300,161,0,A,0, ,0, ,12.3,Q,--,S,--,Q,--,Q,1,I,349, ,72.3, 
240,6/10/2019,2400,161,0,A,0, ,0, ,13.4,Q,--,S,--,Q,--,Q,1,I,305, ,72.2, 
240,6/11/2019,0100,162,0,R,0, ,0, ,11.2, ,71.5,R,42,R,47.5,R,1,I,291, ,72.1, 
240,6/11/2019,0200,162,0,A,0, ,0, ,12.8,Q,--,S,--,Q,--,Q,1,I,307, ,72, 
240,6/11/2019,0300,162,0,R,0, ,0, ,12.8, ,70.8,R,50,R,51.1,R,1,I,287, ,71.8, 
240,6/11/2019,0400,162,0,R,0, ,0, ,12.3, ,67.4,R,54,R,50.1,R,1,I,301, ,71.6, 
240,6/11/2019,0500,162,0,R,0, ,15, ,11.5, ,65.4,Y,54,Y,48.1,Y,1,I,220, ,71.5, 
240,6/11/2019,0600,162,0,Y,0, ,224, ,11.6, ,67.8,Y,50,Y,48.4,Y,1.3, ,326, ,71.3, 
240,6/11/2019,0700,162,0,A,0, ,602, ,17.8,Q,--,S,--,Q,--,Q,1, ,277, ,71.1, 
240,6/11/2019,0800,162,0.01,R,0, ,1000, ,12.2, ,85.9,R,29,R,49.8,R,1,I,306, ,70.9, 
240,6/11/2019,0900,162,0.02,R,0, ,1350, ,12.1, ,93.4,R,23,R,49.5,R,1.2, ,273, ,70.7, 
240,6/11/2019,1000,162,0.03,Y,0, ,1683, ,10.1, ,96.3,Y,17,Y,44.8,Y,2.1, ,264, ,70.6, 
240,6/11/2019,1100,162,0.03,Y,0, ,1821, ,9.8, ,98.7,Y,16,Y,44,Y,3.8, ,268, ,70.6, 
240,6/11/2019,1200,162,0.03,Y,0, ,1803, ,10.1, ,99.6,Y,16,Y,44.7,Y,4.3, ,306, ,70.7, 
240,6/11/2019,1300,162,0.03,Y,0, ,1708, ,9.9, ,100,Y,15,Y,44.2,Y,6.2, ,248, ,70.9, 
240,6/11/2019,1400,162,0.03,Y,0, ,1483, ,9.7, ,100.7,Y,15,Y,43.9,Y,6.4, ,233, ,71.1, 
240,6/11/2019,1500,162,0.03,Y,0, ,1274, ,10.1, ,100.3,Y,15,Y,44.7,Y,6.7, ,257, ,71.4, 
240,6/11/2019,1600,162,0.02,Y,0, ,1102, ,10.2, ,99.8,Y,16,Y,45,Y,8.9, ,280, ,71.8, 
240,6/11/2019,1700,162,0.02,Y,0, ,660, ,11.9, ,96.6,Y,20,Y,49.2,Y,13, ,314, ,72.2, 
240,6/11/2019,1800,162,0.01,Y,0, ,282, ,12.4, ,93,Y,23,Y,50.2,Y,8.7, ,316, ,72.5, 
240,6/11/2019,1900,162,0.01,Y,0, ,54, ,16.1, ,87.9,Y,36,Y,57.3,Y,5.7, ,129, ,72.7, 
240,6/11/2019,2000,162,0,Y,0, ,1, ,18.9, ,82.1,Y,50,Y,61.8,Y,7.1, ,147, ,72.8, 
240,6/11/2019,2100,162,0,R,0, ,0, ,19.1, ,79.6,R,55,R,62.2,R,4.8, ,179, ,72.9, 
240,6/11/2019,2200,162,0,A,0, ,0, ,22.1,Q,--,S,--,Q,--,Q,2, ,204, ,73, 
240,6/11/2019,2300,162,0,A,0, ,0, ,28.4,Q,--,S,--,Q,--,Q,1,I,130, ,73, 
240,6/11/2019,2400,162,0,A,0, ,0, ,21.8,Q,--,S,--,Q,--,Q,1,I,175, ,73, 
240,6/12/2019,0100,163,0,A,0, ,0, ,18.7,Q,--,S,--,Q,--,Q,1.2, ,215, ,72.9, 
240,6/12/2019,0200,163,0,A,0, ,0, ,18.7,Q,--,S,--,Q,--,Q,1,I,115, ,72.9, 
240,6/12/2019,0300,163,0,R,0, ,0, ,18, ,70.7,R,70,R,60.5,R,1.4, ,354, ,73, 
240,6/12/2019,0400,163,0,R,0, ,0, ,17.2, ,67.8,R,74,R,59.2,R,1.1, ,257, ,73, 
240,6/12/2019,0500,163,0,R,0, ,9, ,16.7, ,67,R,74,R,58.3,R,1.5, ,252, ,72.8, 
240,6/12/2019,0600,163,0,R,0, ,216, ,16.7, ,68.4,R,71,R,58.5,R,1.2, ,328, ,72.6, 
240,6/12/2019,0700,163,0,A,0, ,593, ,24,Q,--,S,--,Q,--,Q,1.1, ,308, ,72.4, 
240,6/12/2019,0800,163,0.01,Y,0, ,997, ,19.7, ,82.1,Y,53,Y,63.1,Y,1, ,199, ,72.2, 
240,6/12/2019,0900,163,0.02,Y,0, ,1372, ,15.9, ,83.8,Y,40,Y,57.1,Y,1.6, ,177, ,72, 
240,6/12/2019,1000,163,0.03, ,0, ,1683, ,15.6, ,88.7, ,34, ,56.5, ,1.6, ,163, ,71.8, 
240,6/12/2019,1100,163,0.03,Y,0, ,1875, ,16.1, ,94.5,Y,29,Y,57.4,Y,3.6, ,177, ,71.8, 
240,6/12/2019,1200,163,0.03, ,0, ,1960, ,14.2, ,95.5, ,25, ,53.9, ,3.6, ,181, ,71.8, 
240,6/12/2019,1300,163,0.03, ,0, ,1906, ,13.6, ,95.8, ,24, ,52.7, ,4.9, ,319, ,71.9, 
240,6/12/2019,1400,163,0.03, ,0, ,1737, ,15.2, ,95, ,27, ,55.8, ,5.6, ,313, ,72.1, 
240,6/12/2019,1500,163,0.03, ,0, ,1505, ,14.9, ,93.4, ,28, ,55.2, ,12.4, ,328, ,72.4, 
240,6/12/2019,1600,163,0.03, ,0, ,1205, ,12.9, ,92.5, ,25, ,51.3, ,12.2, ,325, ,72.7, 
240,6/12/2019,1700,163,0.02, ,0, ,841, ,12.3, ,90.3, ,25, ,49.9, ,12, ,319, ,73.1, 
240,6/12/2019,1800,163,0.01,Y,0, ,445, ,12.3, ,88.3,Y,27,Y,50.1,Y,8.8, ,318, ,73.5, 
240,6/12/2019,1900,163,0, ,0, ,104, ,15.8, ,82.6, ,42, ,56.9, ,6.1, ,146, ,73.6, 
240,6/12/2019,2000,163,0,Y,0, ,1, ,17.3, ,77.9,Y,53,Y,59.5,Y,4.8, ,153, ,73.7, 
240,6/12/2019,2100,163,0,R,0, ,0, ,24.7, ,83.2,R,64,R,69.6,R,4.4, ,172, ,73.8, 
240,6/12/2019,2200,163,0,R,0, ,0, ,22, ,78.3,R,66,R,66.2,R,5, ,170, ,73.8, 
240,6/12/2019,2300,163,0,Y,0, ,0, ,17.1, ,71.5,Y,65,Y,59.1,Y,3.9, ,187, ,73.8, 
240,6/12/2019,2400,163,0,Y,0, ,0, ,16.6, ,69.4,Y,68,Y,58.3,Y,1, ,255, ,73.7, 
240,6/13/2019,0100,164,0,Y,0, ,0, ,16.6, ,68,Y,71,Y,58.3,Y,2, ,29, ,73.6, 
240,6/13/2019,0200,164,0,Y,0, ,0, ,16.5, ,66.5,Y,74,Y,58.1,Y,1.5, ,26, ,73.5, 
240,6/13/2019,0300,164,0,R,0, ,0, ,16.6, ,65.4,Y,78,Y,58.2,Y,1,I,60, ,73.3, 
240,6/13/2019,0400,164,0,Y,0, ,0, ,16.3, ,63.3,Y,82,Y,57.8,Y,1.9, ,38, ,73.1, 
240,6/13/2019,0500,164,0, ,0, ,9, ,15.8, ,60.7, ,87, ,56.9, ,3.7, ,12, ,72.9, 
240,6/13/2019,0600,164,0, ,0, ,101, ,16.6, ,59.6, ,95, ,58.2, ,4.5, ,0, ,72.7, 
240,6/13/2019,0700,164,0, ,0, ,347, ,17.6, ,61.1, ,95, ,59.8, ,1.8, ,17, ,72.5, 
240,6/13/2019,0800,164,0.01, ,0, ,967, ,18, ,65.2, ,84, ,60.5, ,1.6, ,194, ,72.3, 
240,6/13/2019,0900,164,0.02, ,0, ,1363, ,21.5, ,73.8, ,76, ,65.6, ,2.6, ,185, ,72.1, 
240,6/13/2019,1000,164,0.02, ,0, ,1669, ,18.2, ,76.4, ,59, ,60.8, ,4.6, ,196, ,71.9, 
240,6/13/2019,1100,164,0.03, ,0, ,1863, ,16.5, ,79.9, ,47, ,58.1, ,3, ,176, ,71.9, 
240,6/13/2019,1200,164,0.03, ,0, ,1935, ,15.1, ,82.8, ,40, ,55.7, ,4.6, ,192, ,71.9, 
240,6/13/2019,1300,164,0.03, ,0, ,1906, ,14.2, ,84.8, ,35, ,54, ,7, ,178, ,72, 
240,6/13/2019,1400,164,0.03, ,0, ,1772, ,14.4, ,85.4, ,35, ,54.3, ,5.2, ,238, ,72.1, 
240,6/13/2019,1500,164,0.03, ,0, ,1532, ,15.1, ,83.7, ,38, ,55.6, ,8.8, ,323, ,72.3, 
240,6/13/2019,1600,164,0.02, ,0, ,1197, ,14.7, ,82.4, ,39, ,54.9, ,8.2, ,321, ,72.6, 
240,6/13/2019,1700,164,0.01, ,0, ,832, ,13.2, ,80.6, ,37, ,52, ,7, ,325, ,73, 
240,6/13/2019,1800,164,0.01, ,0, ,440, ,12.4, ,78.1, ,38, ,50.3, ,5.6, ,359, ,73.3, 
240,6/13/2019,1900,164,0, ,0, ,105, ,14.8, ,73.3, ,53, ,55.1, ,8.8, ,136, ,73.4, 
240,6/13/2019,2000,164,0, ,0, ,1, ,20.6, ,76.5, ,66, ,64.3, ,6.9, ,141, ,73.6, 
240,6/13/2019,2100,164,0, ,0, ,0, ,16.3, ,68.8, ,68, ,57.7, ,6.1, ,152, ,73.7, 
240,6/13/2019,2200,164,0, ,0, ,0, ,16, ,66.1, ,73, ,57.3, ,5.3, ,180, ,73.7, 
240,6/13/2019,2300,164,0, ,0, ,0, ,16, ,64.2, ,78, ,57.2, ,5.7, ,151, ,73.6, 
240,6/13/2019,2400,164,0, ,0, ,0, ,16.1, ,61.5, ,87, ,57.5, ,6.2, ,161, ,73.5, 
240,6/14/2019,0100,165,0, ,0, ,0, ,16, ,59.7, ,92, ,57.2, ,6.1, ,154, ,73.4, 
240,6/14/2019,0200,165,0, ,0, ,0, ,15.8, ,58.5, ,94, ,56.8, ,6.2, ,164, ,73.4, 
240,6/14/2019,0300,165,0, ,0, ,0, ,15.6, ,57.6, ,96, ,56.5, ,4.6, ,160, ,73.3, 
240,6/14/2019,0400,165,0, ,0, ,0, ,15.4, ,57.2, ,96, ,56.1, ,4.1, ,141, ,73.3, 
240,6/14/2019,0500,165,0, ,0, ,3, ,15.3, ,56.9, ,97, ,56, ,2.9, ,179, ,73.2, 
240,6/14/2019,0600,165,0, ,0, ,47, ,15.1, ,56.9, ,95, ,55.6, ,3.8, ,170, ,73, 
240,6/14/2019,0700,165,0, ,0, ,163, ,14.9, ,57.4, ,93, ,55.3, ,4.8, ,180, ,72.8, 
240,6/14/2019,0800,165,0, ,0, ,392, ,14.1, ,58.2, ,85, ,53.8, ,4.9, ,183, ,72.5, 
240,6/14/2019,0900,165,0.01, ,0, ,1015, ,13.8, ,60.7, ,77, ,53.2, ,4.3, ,168, ,72.3, 
240,6/14/2019,1000,165,0.02, ,0, ,1633, ,14.3, ,64.5, ,69, ,54.2, ,4.6, ,164, ,72.2, 
240,6/14/2019,1100,165,0.03, ,0, ,1819, ,18.8, ,74.1, ,65, ,61.8, ,3.8, ,151, ,72, 
240,6/14/2019,1200,165,0.03, ,0, ,1906, ,15.8, ,73.4, ,56, ,56.8, ,4.1, ,283, ,72, 
240,6/14/2019,1300,165,0.03, ,0, ,1848, ,14.2, ,75.3, ,47, ,53.9, ,4.3, ,174, ,72, 
240,6/14/2019,1400,165,0.03, ,0, ,1759, ,13.4, ,78.2, ,41, ,52.4, ,4.1, ,176, ,72.1, 
240,6/14/2019,1500,165,0.02, ,0, ,1518, ,13.3, ,79.6, ,39, ,52.2, ,7.9, ,174, ,72.2, 
240,6/14/2019,1600,165,0.02, ,0, ,1190, ,13.8, ,79.3, ,40, ,53.1, ,8.4, ,171, ,72.3, 
240,6/14/2019,1700,165,0.01, ,0, ,813, ,13.5, ,78.2, ,41, ,52.5, ,8.7, ,183, ,72.6, 
240,6/14/2019,1800,165,0.01, ,0, ,423, ,13, ,75, ,44, ,51.6, ,9.4, ,178, ,72.9, 
240,6/14/2019,1900,165,0, ,0, ,100, ,13.1, ,70.9, ,51, ,51.8, ,8.1, ,168, ,73.1, 
240,6/14/2019,2000,165,0, ,0, ,1, ,17.5, ,71.9, ,65, ,59.6, ,8.4, ,140, ,73.3, 
240,6/14/2019,2100,165,0, ,0, ,0, ,14.5, ,65.2, ,68, ,54.5, ,8.4, ,133, ,73.3, 
240,6/14/2019,2200,165,0, ,0, ,0, ,14.4, ,63.3, ,73, ,54.4, ,6, ,158, ,73.4, 
240,6/14/2019,2300,165,0, ,0, ,0, ,14.1, ,61.8, ,75, ,53.8, ,5.1, ,146, ,73.3, 
240,6/14/2019,2400,165,0, ,0, ,0, ,14.4, ,60.7, ,80, ,54.4, ,4, ,179, ,73.3, 
240,6/15/2019,0100,166,0, ,0, ,0, ,14.4, ,59.7, ,82, ,54.4, ,3.9, ,177, ,73.1, 
240,6/15/2019,0200,166,0, ,0, ,0, ,14.1, ,58.7, ,84, ,53.7, ,4.4, ,135, ,73.1, 
240,6/15/2019,0300,166,0, ,0, ,0, ,14.1, ,58, ,86, ,53.8, ,4.6, ,181, ,73.1, 
240,6/15/2019,0400,166,0, ,0, ,0, ,14.3, ,57.2, ,89, ,54.1, ,5.1, ,178, ,73, 
240,6/15/2019,0500,166,0, ,0, ,3, ,14.6, ,57.5, ,91, ,54.7, ,5.1, ,185, ,72.9, 
240,6/15/2019,0600,166,0, ,0, ,44, ,14.8, ,57.7, ,91, ,55, ,4.8, ,142, ,72.6, 
240,6/15/2019,0700,166,0, ,0, ,142, ,15.2, ,58.1, ,92, ,55.8, ,3.6, ,188, ,72.4, 
240,6/15/2019,0800,166,0, ,0, ,293, ,15.7, ,59.4, ,91, ,56.6, ,1.5, ,210, ,72.2, 
240,6/15/2019,0900,166,0.01, ,0, ,555, ,15.6, ,61.1, ,85, ,56.6, ,1.3, ,345, ,72, 
240,6/15/2019,1000,166,0.02, ,0, ,1627, ,19.4, ,70.1, ,77, ,62.6, ,2, ,125, ,71.9, 
240,6/15/2019,1100,166,0.02, ,0, ,1830, ,16.7, ,71.5, ,64, ,58.4, ,3.4, ,159, ,71.7, 
240,6/15/2019,1200,166,0.03, ,0, ,1892, ,15.6, ,74.5, ,54, ,56.6, ,3.1, ,182, ,71.7, 
240,6/15/2019,1300,166,0.03, ,0, ,1885, ,15.3, ,78.8, ,46, ,56, ,2.4, ,161, ,71.7, 
240,6/15/2019,1400,166,0.03, ,0, ,1766, ,15, ,82.9, ,39, ,55.4, ,3.6, ,180, ,71.8, 
240,6/15/2019,1500,166,0.02, ,0, ,1512, ,16.8, ,86.4, ,39, ,58.6, ,5.6, ,327, ,71.9, 
240,6/15/2019,1600,166,0.02, ,0, ,1176, ,17, ,84.8, ,42, ,58.9, ,7.9, ,317, ,72.2, 
240,6/15/2019,1700,166,0.01, ,0, ,812, ,16.2, ,83, ,42, ,57.6, ,5.8, ,175, ,72.5, 
240,6/15/2019,1800,166,0.01, ,0, ,417, ,15.1, ,76.9, ,48, ,55.6, ,10.1, ,156, ,72.8, 
240,6/15/2019,1900,166,0, ,0, ,121, ,14.8, ,71.9, ,55, ,55, ,9.2, ,146, ,73, 
240,6/15/2019,2000,166,0, ,0, ,2, ,18.7, ,72.6, ,68, ,61.5, ,8.1, ,156, ,73.2, 
240,6/15/2019,2100,166,0, ,0, ,0, ,18.2, ,69.6, ,74, ,60.9, ,6.8, ,166, ,73.3, 
240,6/15/2019,2200,166,0, ,0, ,0, ,17.2, ,66.4, ,78, ,59.2, ,4.6, ,154, ,73.4, 
240,6/15/2019,2300,166,0, ,0, ,0, ,17.7, ,65.1, ,83, ,60, ,5.8, ,130, ,73.4, 
240,6/15/2019,2400,166,0, ,0, ,0, ,17.5, ,63.3, ,88, ,59.8, ,4.4, ,163, ,73.3, 
240,6/16/2019,0100,167,0, ,0, ,0, ,17.9, ,62.6, ,92, ,60.4, ,3.9, ,158, ,73.2, 
240,6/16/2019,0200,167,0, ,0, ,0, ,17.9, ,62.3, ,93, ,60.3, ,1.7, ,273, ,73.2, 
240,6/16/2019,0300,167,0, ,0, ,0, ,18.4, ,62.4, ,95, ,61.1, ,2.3, ,338, ,73.2, 
240,6/16/2019,0400,167,0, ,0, ,0, ,18.5, ,62.2, ,97, ,61.3, ,2.3, ,311, ,73.1, 
240,6/16/2019,0500,167,0, ,0, ,3, ,18.8, ,62.3, ,98, ,61.8, ,1.1, ,296, ,73, 
240,6/16/2019,0600,167,0, ,0, ,44, ,18.9, ,62.7, ,97, ,61.9, ,1.5, ,267, ,72.8, 
240,6/16/2019,0700,167,0, ,0, ,125, ,18.9, ,63.2, ,96, ,62, ,1.5, ,303, ,72.6, 
240,6/16/2019,0800,167,0, ,0, ,304, ,18.9, ,63.9, ,93, ,61.8, ,2.5, ,275, ,72.4, 
240,6/16/2019,0900,167,0.01, ,0, ,754, ,19.3, ,66.1, ,88, ,62.5, ,2.1, ,267, ,72.2, 
240,6/16/2019,1000,167,0.02, ,0, ,1321, ,22.1, ,72.7, ,80, ,66.3, ,3.2, ,208, ,72.1, 
240,6/16/2019,1100,167,0.02, ,0, ,1501, ,18.6, ,71.8, ,70, ,61.5, ,2.5, ,163, ,72, 
240,6/16/2019,1200,167,0.03, ,0, ,1931, ,17.1, ,75.1, ,57, ,59.1, ,3.3, ,154, ,72, 
240,6/16/2019,1300,167,0.03, ,0, ,1933, ,16.8, ,79.5, ,49, ,58.5, ,2.6, ,172, ,72, 
240,6/16/2019,1400,167,0.03, ,0, ,1819, ,16.7, ,82.8, ,44, ,58.5, ,5.9, ,180, ,72.1, 
240,6/16/2019,1500,167,0.03, ,0, ,1571, ,17.3, ,82.4, ,46, ,59.3, ,9.3, ,167, ,72.2, 
240,6/16/2019,1600,167,0.02, ,0, ,1230, ,16.9, ,81.7, ,46, ,58.7, ,9.3, ,164, ,72.4, 
240,6/16/2019,1700,167,0.02, ,0, ,841, ,16.3, ,79.2, ,48, ,57.8, ,10.7, ,154, ,72.7, 
240,6/16/2019,1800,167,0.01, ,0, ,446, ,15.9, ,74.1, ,55, ,57, ,9.6, ,154, ,73, 
240,6/16/2019,1900,167,0, ,0, ,108, ,16.3, ,70, ,65, ,57.7, ,8.7, ,150, ,73.2, 
240,6/16/2019,2000,167,0, ,0, ,1, ,17.5, ,66.3, ,79, ,59.7, ,9, ,156, ,73.4, 
240,6/16/2019,2100,167,0, ,0, ,0, ,17.5, ,63.7, ,87, ,59.6, ,8.1, ,163, ,73.6, 
240,6/16/2019,2200,167,0, ,0, ,0, ,17.2, ,62.8, ,88, ,59.3, ,6.6, ,157, ,73.6, 
240,6/16/2019,2300,167,0, ,0, ,0, ,17.1, ,62.5, ,89, ,59.1, ,5.5, ,167, ,73.6, 
240,6/16/2019,2400,167,0, ,0, ,0, ,17.2, ,62.5, ,89, ,59.2, ,3.1, ,167, ,73.5, 
240,6/17/2019,0100,168,0, ,0, ,0, ,17.4, ,62.6, ,90, ,59.5, ,3.1, ,153, ,73.4, 
240,6/17/2019,0200,168,0, ,0, ,0, ,17.5, ,62.3, ,91, ,59.6, ,4.1, ,135, ,73.4, 
240,6/17/2019,0300,168,0, ,0, ,0, ,17.5, ,62.3, ,92, ,59.8, ,4.1, ,141, ,73.4, 
240,6/17/2019,0400,168,0, ,0, ,0, ,17.7, ,62, ,93, ,60, ,4, ,155, ,73.4, 
240,6/17/2019,0500,168,0, ,0, ,1, ,17.8, ,61.8, ,94, ,60.2, ,4.7, ,199, ,73.3, 
240,6/17/2019,0600,168,0, ,0, ,26, ,17.8, ,61.6, ,95, ,60.2, ,4, ,195, ,73.1, 
240,6/17/2019,0700,168,0, ,0, ,108, ,17.9, ,61.8, ,95, ,60.4, ,1.9, ,204, ,73, 
240,6/17/2019,0800,168,0, ,0, ,195, ,17.9, ,62.6, ,92, ,60.4, ,1.3, ,223, ,72.8, 
240,6/17/2019,0900,168,0, ,0, ,311, ,17.7, ,63.3, ,89, ,60.1, ,1.5, ,150, ,72.6, 
240,6/17/2019,1000,168,0.01,R,0, ,700, ,17.8, ,65.5, ,83, ,60.3, ,1,I,124, ,72.5, 
240,6/17/2019,1100,168,0.02, ,0, ,1613, ,21.3, ,72.9, ,77, ,65.3, ,2.5, ,168, ,72.3, 
240,6/17/2019,1200,168,0.03, ,0, ,1972, ,17.5, ,73.1, ,63, ,59.7, ,3.7, ,107, ,72.2, 
240,6/17/2019,1300,168,0.03, ,0, ,1877, ,16, ,75.4, ,53, ,57.2, ,7.2, ,168, ,72.2, 
240,6/17/2019,1400,168,0.03, ,0, ,1794, ,15.5, ,75.6, ,51, ,56.4, ,11, ,162, ,72.2, 
240,6/17/2019,1500,168,0.02, ,0, ,1532, ,15.2, ,75.3, ,51, ,55.8, ,10.7, ,159, ,72.3, 
240,6/17/2019,1600,168,0.02, ,0, ,1180, ,15, ,74.5, ,51, ,55.5, ,10.1, ,163, ,72.5, 
240,6/17/2019,1700,168,0.01, ,0, ,800, ,15, ,71.9, ,56, ,55.5, ,10.6, ,160, ,72.7, 
240,6/17/2019,1800,168,0.01, ,0, ,423, ,14.8, ,69.4, ,60, ,55, ,9.9, ,155, ,72.9, 
240,6/17/2019,1900,168,0, ,0, ,100, ,15.9, ,67.7, ,68, ,57, ,9.3, ,163, ,73.1, 
240,6/17/2019,2000,168,0, ,0, ,1, ,17.8, ,67.1, ,78, ,60.1, ,7.4, ,172, ,73.3, 
240,6/17/2019,2100,168,0, ,0, ,0, ,15.9, ,62.6, ,82, ,57.1, ,5.3, ,176, ,73.4, 
240,6/17/2019,2200,168,0, ,0, ,0, ,16, ,61.8, ,85, ,57.1, ,3.7, ,173, ,73.4, 
240,6/17/2019,2300,168,0, ,0, ,0, ,15.8, ,60.8, ,87, ,56.8, ,2.5, ,183, ,73.4, 
240,6/17/2019,2400,168,0, ,0, ,0, ,15.5, ,60.2, ,87, ,56.4, ,1, ,133, ,73.3, 
240,6/18/2019,0100,169,0, ,0, ,0, ,15.7, ,60.1, ,89, ,56.8, ,1.2, ,3, ,73.2, 
240,6/18/2019,0200,169,0, ,0, ,0, ,16.1, ,60.3, ,90, ,57.4, ,1.1, ,325, ,73, 
240,6/18/2019,0300,169,0, ,0, ,0, ,16.7, ,60.6, ,92, ,58.3, ,5.5, ,343, ,72.8, 
240,6/18/2019,0400,169,0, ,0, ,0, ,16.8, ,60.7, ,93, ,58.6, ,5, ,326, ,72.6, 
240,6/18/2019,0500,169,0, ,0, ,2, ,16.8, ,60.3, ,94, ,58.6, ,1.9, ,290, ,72.5, 
240,6/18/2019,0600,169,0, ,0, ,39, ,16.9, ,60.2, ,95, ,58.7, ,1.9, ,355, ,72.3, 
240,6/18/2019,0700,169,0, ,0, ,141, ,17.2, ,60.7, ,95, ,59.2, ,1.8, ,1, ,72.1, 
240,6/18/2019,0800,169,0, ,0, ,378, ,17.4, ,61.9, ,92, ,59.5, ,2.4, ,324, ,71.9, 
240,6/18/2019,0900,169,0.01, ,0, ,1151, ,18.3, ,66.1, ,84, ,61, ,1.8, ,291, ,71.8, 
240,6/18/2019,1000,169,0.02, ,0, ,1627, ,18.9, ,70.9, ,73, ,61.8, ,1.5, ,184, ,71.7, 
240,6/18/2019,1100,169,0.02, ,0, ,1825, ,16.4, ,73.2, ,59, ,57.8, ,2.1, ,159, ,71.6, 
240,6/18/2019,1200,169,0.03, ,0, ,1896, ,16, ,77.8, ,49, ,57.2, ,3.6, ,183, ,71.6, 
240,6/18/2019,1300,169,0.03, ,0, ,1865, ,16.4, ,81.6, ,45, ,57.9, ,5.9, ,3, ,71.7, 
240,6/18/2019,1400,169,0.03, ,0, ,1726, ,16.5, ,82.4, ,44, ,58, ,9.5, ,339, ,71.8, 
240,6/18/2019,1500,169,0.03, ,0, ,1495, ,16, ,81.6, ,43, ,57.3, ,9.3, ,331, ,72, 
240,6/18/2019,1600,169,0.02, ,0, ,1181, ,15.6, ,81, ,43, ,56.6, ,8.4, ,321, ,72.3, 
240,6/18/2019,1700,169,0.01, ,0, ,806, ,15.2, ,80.5, ,43, ,55.8, ,7.3, ,337, ,72.6, 
240,6/18/2019,1800,169,0.01, ,0, ,414, ,14.9, ,78.2, ,45, ,55.2, ,8.2, ,350, ,72.9, 
240,6/18/2019,1900,169,0, ,0, ,99, ,14.6, ,73.4, ,52, ,54.8, ,4.7, ,46, ,73.1, 
240,6/18/2019,2000,169,0, ,0, ,1, ,15.1, ,69.1, ,62, ,55.6, ,4.8, ,167, ,73.3, 
240,6/18/2019,2100,169,0, ,0, ,0, ,17.9, ,70.9, ,69, ,60.4, ,6, ,133, ,73.3, 
240,6/18/2019,2200,169,0, ,0, ,0, ,21.8, ,74.5, ,75, ,66, ,2.1, ,127, ,73.4, 
240,6/18/2019,2300,169,0,R,0, ,0, ,16.8, ,67.4, ,73, ,58.5, ,1,I,88, ,73.4, 
240,6/18/2019,2400,169,0,R,0, ,0, ,16.1, ,65.2, ,76, ,57.3, ,1,I,10, ,73.3, 
240,6/19/2019,0100,170,0, ,0, ,0, ,16.2, ,63.2, ,82, ,57.5, ,1.8, ,10, ,73.2, 
240,6/19/2019,0200,170,0, ,0, ,0, ,16.2, ,62.3, ,85, ,57.6, ,3, ,360, ,73.2, 
240,6/19/2019,0300,170,0, ,0, ,0, ,16.2, ,61.8, ,86, ,57.5, ,2.2, ,356, ,73.2, 
240,6/19/2019,0400,170,0, ,0, ,0, ,17, ,62.1, ,89, ,58.8, ,1.8, ,360, ,73.1, 
240,6/19/2019,0500,170,0, ,0, ,9, ,17.3, ,61.9, ,92, ,59.4, ,1.9, ,359, ,73, 
240,6/19/2019,0600,170,0,R,0, ,167, ,17.6, ,62.2, ,92, ,59.8, ,1,I,6, ,72.8, 
240,6/19/2019,0700,170,0.01, ,0, ,524, ,18.3, ,64.5, ,88, ,60.9, ,1.8, ,343, ,72.6, 
240,6/19/2019,0800,170,0.01, ,0, ,937, ,20.1, ,70.3, ,79, ,63.6, ,1.2, ,102, ,72.4, 
240,6/19/2019,0900,170,0.02, ,0, ,1321, ,22.4, ,76, ,73, ,66.8, ,1.5, ,161, ,72.2, 
240,6/19/2019,1000,170,0.02, ,0, ,1633, ,17, ,74.2, ,59, ,58.9, ,1.7, ,38, ,72, 
240,6/19/2019,1100,170,0.03, ,0, ,1819, ,16.3, ,77.3, ,51, ,57.8, ,2.9, ,56, ,72, 
240,6/19/2019,1200,170,0.03, ,0, ,1902, ,16.4, ,80, ,47, ,57.9, ,4.9, ,315, ,72, 
240,6/19/2019,1300,170,0.03, ,0, ,1883, ,18.2, ,85.7, ,43, ,60.9, ,4.2, ,293, ,72.1, 
240,6/19/2019,1400,170,0.03, ,0, ,1749, ,20, ,89.6, ,42, ,63.5, ,7.2, ,310, ,72.3, 
240,6/19/2019,1500,170,0.03, ,0, ,1491, ,18.8, ,88.8, ,41, ,61.7, ,8.5, ,337, ,72.6, 
240,6/19/2019,1600,170,0.02, ,0, ,1158, ,18.4, ,87.6, ,41, ,61.2, ,6.1, ,249, ,72.8, 
240,6/19/2019,1700,170,0.02, ,0, ,806, ,17.7, ,83.7, ,45, ,60, ,10, ,176, ,73.1, 
240,6/19/2019,1800,170,0.01, ,0, ,422, ,16.1, ,78.8, ,48, ,57.3, ,10.3, ,160, ,73.4, 
240,6/19/2019,1900,170,0, ,0, ,103, ,15, ,73.5, ,53, ,55.4, ,9, ,136, ,73.6, 
240,6/19/2019,2000,170,0, ,0, ,1, ,18.7, ,73.8, ,66, ,61.7, ,8, ,134, ,73.8, 
240,6/19/2019,2100,170,0, ,0, ,0, ,24.9, ,77.8, ,76, ,69.8, ,7, ,140, ,73.9, 
240,6/19/2019,2200,170,0, ,0, ,0, ,18.3, ,67.9, ,78, ,61, ,5.3, ,175, ,74, 
240,6/19/2019,2300,170,0, ,0, ,0, ,18.5, ,66.8, ,83, ,61.3, ,3.7, ,146, ,74, 
240,6/19/2019,2400,170,0, ,0, ,0, ,18.4, ,65.7, ,85, ,61.1, ,3.5, ,115, ,73.9, 
240,6/20/2019,0100,171,0, ,0, ,0, ,18.3, ,64.6, ,88, ,61, ,3, ,127, ,73.8, 
240,6/20/2019,0200,171,0, ,0, ,0, ,19.2, ,64.5, ,93, ,62.3, ,1.5, ,200, ,73.7, 
240,6/20/2019,0300,171,0,R,0, ,0, ,19.1, ,64.4, ,93, ,62.2, ,1,I,266, ,73.6, 
240,6/20/2019,0400,171,0,R,0, ,0, ,19.6, ,65,Y,93,Y,62.9,Y,1,I,290, ,73.4, 
240,6/20/2019,0500,171,0,R,0, ,2, ,19.5, ,65,Y,92,Y,62.8,Y,1,I,262, ,73.3, 
240,6/20/2019,0600,171,0,R,0, ,40, ,19.8, ,65.4, ,93, ,63.3, ,1,I,284, ,73.1, 
240,6/20/2019,0700,171,0, ,0, ,152, ,19.8, ,65.8, ,92, ,63.2, ,1.1, ,286, ,72.9, 
240,6/20/2019,0800,171,0, ,0, ,416, ,19.7, ,66.8, ,88, ,63, ,1.6, ,224, ,72.8, 
240,6/20/2019,0900,171,0.01, ,0, ,946, ,19.7, ,69.3, ,81, ,63.1, ,2.2, ,207, ,72.7, 
240,6/20/2019,1000,171,0.02, ,0, ,1481, ,25.7, ,77.8, ,79, ,70.8, ,4, ,169, ,72.5, 
240,6/20/2019,1100,171,0.03, ,0, ,1817, ,25.5, ,80.3, ,72, ,70.5, ,7.9, ,169, ,72.5, 
240,6/20/2019,1200,171,0.03, ,0, ,1910, ,16.8, ,74.9, ,57, ,58.6, ,7.4, ,168, ,72.5, 
240,6/20/2019,1300,171,0.03, ,0, ,1908, ,12.2, ,75.1, ,41, ,49.9, ,7.5, ,172, ,72.5, 
240,6/20/2019,1400,171,0.03, ,0, ,1799, ,9.6, ,77.1, ,30, ,43.5, ,9.2, ,177, ,72.6, 
240,6/20/2019,1500,171,0.03, ,0, ,1569, ,12, ,76.9, ,38, ,49.4, ,9.9, ,171, ,72.8, 
240,6/20/2019,1600,171,0.02, ,0, ,1243, ,12.9, ,76, ,42, ,51.3, ,11.1, ,175, ,73, 
240,6/20/2019,1700,171,0.01, ,0, ,844, ,13.5, ,74, ,47, ,52.5, ,11, ,187, ,73.3, 
240,6/20/2019,1800,171,0.01, ,0, ,456, ,13.8, ,70.6, ,54, ,53.2, ,10.4, ,180, ,73.5, 
240,6/20/2019,1900,171,0, ,0, ,109, ,14.4, ,67.8, ,62, ,54.4, ,9, ,159, ,73.7, 
240,6/20/2019,2000,171,0, ,0, ,1, ,15.7, ,65.9, ,72, ,56.6, ,8.9, ,154, ,73.9, 
240,6/20/2019,2100,171,0, ,0, ,0, ,15.9, ,62.7, ,82, ,57, ,9.8, ,149, ,73.9, 
240,6/20/2019,2200,171,0, ,0, ,0, ,16.7, ,62.5, ,86, ,58.4, ,10.5, ,150, ,73.9, 
240,6/20/2019,2300,171,0, ,0, ,0, ,16.6, ,61.7, ,89, ,58.3, ,8.2, ,169, ,73.9, 
240,6/20/2019,2400,171,0, ,0, ,0, ,16.4, ,61.1, ,89, ,57.9, ,7.7, ,178, ,73.8, 
240,6/21/2019,0100,172,0, ,0, ,0, ,16.2, ,61.1, ,88, ,57.6, ,6.7, ,183, ,73.7, 
240,6/21/2019,0200,172,0, ,0, ,0, ,15.9, ,60.8, ,87, ,57.1, ,6.5, ,177, ,73.6, 
240,6/21/2019,0300,172,0, ,0, ,0, ,15.7, ,60.8, ,87, ,56.8, ,6.2, ,179, ,73.6, 
240,6/21/2019,0400,172,0, ,0, ,0, ,15.8, ,60.7, ,87, ,56.9, ,5.9, ,174, ,73.5, 
240,6/21/2019,0500,172,0, ,0, ,6, ,15.8, ,60.7, ,87, ,56.8, ,5.8, ,182, ,73.4, 
240,6/21/2019,0600,172,0, ,0, ,82, ,15.9, ,60.5, ,88, ,57, ,6.4, ,179, ,73.2, 
240,6/21/2019,0700,172,0, ,0, ,282, ,15.7, ,60.7, ,87, ,56.8, ,5.3, ,184, ,73, 
240,6/21/2019,0800,172,0.01, ,0, ,497, ,14.6, ,62.1, ,77, ,54.8, ,4.9, ,172, ,72.8, 
240,6/21/2019,0900,172,0.01, ,0, ,682, ,13.8, ,63.7, ,68, ,53.1, ,4.2, ,187, ,72.6, 
240,6/21/2019,1000,172,0.01, ,0, ,1123, ,14.3, ,68.2, ,61, ,54.1, ,5.3, ,182, ,72.5, 
240,6/21/2019,1100,172,0.02, ,0, ,1162, ,14.1, ,69, ,58, ,53.8, ,6.2, ,184, ,72.4, 
240,6/21/2019,1200,172,0.02, ,0, ,1175, ,15.6, ,73, ,56, ,56.6, ,4.2, ,188, ,72.3, 
240,6/21/2019,1300,172,0.01, ,0, ,1083, ,14.6, ,73.5, ,52, ,54.7, ,4.1, ,192, ,72.3, 
240,6/21/2019,1400,172,0.02, ,0, ,1569, ,14.3, ,73.9, ,50, ,54.1, ,6.3, ,203, ,72.4, 
240,6/21/2019,1500,172,0.01, ,0, ,831, ,14.7, ,73.9, ,51, ,54.8, ,5.1, ,234, ,72.5, 
240,6/21/2019,1600,172,0.01, ,0, ,528, ,15.2, ,72.4, ,56, ,55.8, ,8.8, ,323, ,72.6, 
240,6/21/2019,1700,172,0, ,0, ,190, ,15.1, ,70.5, ,59, ,55.7, ,6.4, ,233, ,72.8, 
240,6/21/2019,1800,172,0, ,0, ,57, ,14.5, ,67.6, ,63, ,54.5, ,6.3, ,301, ,72.9, 
240,6/21/2019,1900,172,0, ,0, ,13, ,14.4, ,65.6, ,67, ,54.3, ,3.3, ,328, ,73, 
240,6/21/2019,2000,172,0, ,0, ,0, ,14.9, ,65.5, ,69, ,55.2, ,5.7, ,338, ,73.1, 
240,6/21/2019,2100,172,0, ,0, ,0, ,16.1, ,65.9, ,74, ,57.3, ,4.7, ,174, ,73.1, 
240,6/21/2019,2200,172,0, ,0, ,0, ,15.8, ,64.5, ,76, ,56.8, ,5.6, ,154, ,73, 
240,6/21/2019,2300,172,0, ,0, ,0, ,15, ,62.2, ,79, ,55.5, ,7.3, ,144, ,72.9, 
240,6/21/2019,2400,172,0, ,0, ,0, ,15.2, ,61.3, ,82, ,55.8, ,7.1, ,165, ,72.8, 
240,6/22/2019,0100,173,0, ,0, ,0, ,15.1, ,60.8, ,83, ,55.6, ,5.7, ,158, ,72.7, 
240,6/22/2019,0200,173,0, ,0, ,0, ,15.1, ,60.4, ,84, ,55.6, ,4.9, ,164, ,72.7, 
240,6/22/2019,0300,173,0, ,0, ,0, ,15, ,60, ,85, ,55.4, ,5.4, ,174, ,72.6, 
240,6/22/2019,0400,173,0, ,0, ,0, ,15, ,59.7, ,85, ,55.4, ,5.2, ,164, ,72.6, 
240,6/22/2019,0500,173,0, ,0, ,1, ,14.7, ,59.3, ,85, ,54.9, ,4.4, ,147, ,72.5, 
240,6/22/2019,0600,173,0, ,0, ,38, ,14.6, ,59.2, ,85, ,54.7, ,4.3, ,163, ,72.4, 
240,6/22/2019,0700,173,0, ,0, ,154, ,14.7, ,59.5, ,85, ,54.9, ,4, ,167, ,72.2, 
240,6/22/2019,0800,173,0, ,0, ,468, ,14.9, ,61, ,81, ,55.3, ,2.9, ,178, ,72.1, 
240,6/22/2019,0900,173,0.01, ,0, ,809, ,14.7, ,63.2, ,74, ,54.9, ,1.7, ,312, ,71.9, 
240,6/22/2019,1000,173,0.02, ,0, ,1582, ,15.2, ,67.9, ,65, ,55.8, ,2.3, ,304, ,71.8, 
240,6/22/2019,1100,173,0.02, ,0, ,1819, ,14.5, ,71.7, ,55, ,54.5, ,3.5, ,352, ,71.7, 
240,6/22/2019,1200,173,0.03, ,0, ,1889, ,13.7, ,74.6, ,47, ,52.9, ,6.6, ,346, ,71.7, 
240,6/22/2019,1300,173,0.03, ,0, ,1929, ,13.5, ,77.1, ,42, ,52.5, ,8, ,341, ,71.7, 
240,6/22/2019,1400,173,0.03, ,0, ,1803, ,13.8, ,79.4, ,40, ,53.1, ,9.6, ,340, ,71.8, 
240,6/22/2019,1500,173,0.03, ,0, ,1553, ,13.6, ,79.7, ,39, ,52.7, ,9.8, ,333, ,72, 
240,6/22/2019,1600,173,0.02, ,0, ,1247, ,13.4, ,80, ,38, ,52.4, ,8.1, ,333, ,72.2, 
240,6/22/2019,1700,173,0.02, ,0, ,861, ,13.7, ,79.7, ,40, ,53, ,8.4, ,337, ,72.4, 
240,6/22/2019,1800,173,0.01, ,0, ,458, ,14.1, ,78.1, ,43, ,53.8, ,10, ,333, ,72.7, 
240,6/22/2019,1900,173,0, ,0, ,118, ,14.5, ,74.3, ,50, ,54.5, ,6.4, ,315, ,72.9, 
240,6/22/2019,2000,173,0, ,0, ,2, ,15.6, ,70.1, ,62, ,56.5, ,4.8, ,174, ,73.1, 
240,6/22/2019,2100,173,0, ,0, ,0, ,17, ,69.4, ,69, ,58.9, ,1.3, ,133, ,73.2, 
240,6/22/2019,2200,173,0, ,0, ,0, ,23.5, ,74.6, ,80, ,68.2, ,1.5, ,125, ,73.2, 
240,6/22/2019,2300,173,0,R,0, ,0, ,17.3, ,65.7, ,80, ,59.4, ,1,I,143, ,73.2, 
240,6/22/2019,2400,173,0,R,0, ,0, ,16.1, ,62.4, ,83, ,57.3, ,1,I,216, ,73.1, 
240,6/23/2019,0100,174,0,R,0, ,0, ,15.8, ,60.8, ,87, ,56.9, ,1,I,44, ,73.1, 
240,6/23/2019,0200,174,0,R,0, ,0, ,15.7, ,60, ,89, ,56.7, ,1,I,344, ,73, 
240,6/23/2019,0300,174,0,R,0, ,0, ,15, ,58.2, ,90, ,55.4, ,1,I,357, ,73, 
240,6/23/2019,0400,174,0,R,0, ,0, ,14.3, ,56.5, ,92, ,54.2, ,1,I,10, ,72.9, 
240,6/23/2019,0500,174,0,R,0, ,9, ,14.6, ,56.5, ,94, ,54.7, ,1,I,326, ,72.8, 
240,6/23/2019,0600,174,0, ,0, ,211, ,14.8, ,56.5, ,95, ,55, ,1, ,260, ,72.6, 
240,6/23/2019,0700,174,0.01, ,0, ,592, ,15.9, ,61, ,87, ,57.1, ,1, ,267, ,72.4, 
240,6/23/2019,0800,174,0.01,R,0, ,1006, ,20.1, ,70.1, ,80, ,63.7, ,1,I,306, ,72.1, 
240,6/23/2019,0900,174,0.02, ,0, ,1388, ,18.8, ,72.8, ,68, ,61.7, ,1.1, ,303, ,71.9, 
240,6/23/2019,1000,174,0.02, ,0, ,1699, ,16, ,74.9, ,54, ,57.2, ,1.5, ,311, ,71.8, 
240,6/23/2019,1100,174,0.03, ,0, ,1863, ,16.7, ,82.3, ,44, ,58.4, ,2, ,306, ,71.7, 
240,6/23/2019,1200,174,0.03, ,0, ,1995, ,16.3, ,89.9, ,34, ,57.7, ,3.2, ,252, ,71.7, 
240,6/23/2019,1300,174,0.03, ,0, ,1947, ,15.2, ,91, ,31, ,55.8, ,9, ,326, ,71.8, 
240,6/23/2019,1400,174,0.03, ,0, ,1819, ,13, ,90.9, ,26, ,51.5, ,11.5, ,325, ,72, 
240,6/23/2019,1500,174,0.03, ,0, ,1600, ,12.2, ,91.1, ,24, ,49.8, ,11.1, ,319, ,72.3, 
240,6/23/2019,1600,174,0.03, ,0, ,1273, ,12.8, ,90.5, ,26, ,51.1, ,10.5, ,319, ,72.6, 
240,6/23/2019,1700,174,0.02, ,0, ,886, ,12.9, ,89.4, ,27, ,51.3, ,10.2, ,328, ,72.9, 
240,6/23/2019,1800,174,0.01, ,0, ,478, ,11.6, ,86.3, ,27, ,48.4, ,7.5, ,324, ,73.2, 
240,6/23/2019,1900,174,0, ,0, ,123, ,15.9, ,79.8, ,46, ,57, ,5.3, ,172, ,73.4, 
240,6/23/2019,2000,174,0, ,0, ,2, ,17.3, ,75.1, ,58, ,59.4, ,3.6, ,168, ,73.6, 
240,6/23/2019,2100,174,0, ,0, ,0, ,21, ,76.5, ,67, ,64.9, ,1.3, ,166, ,73.7, 
240,6/23/2019,2200,174,0, ,0, ,0, ,18.5, ,70.6, ,72, ,61.3, ,2.6, ,162, ,73.8, 
240,6/23/2019,2300,174,0, ,0, ,0, ,18.3, ,67.8, ,79, ,61, ,2, ,141, ,73.8, 
240,6/23/2019,2400,174,0, ,0, ,0, ,18.4, ,65.2, ,87, ,61.1, ,1.8, ,174, ,73.8, 
240,6/24/2019,0100,175,0, ,0, ,0, ,17.4, ,61.9, ,92, ,59.6, ,4, ,171, ,73.7, 
240,6/24/2019,0200,175,0, ,0, ,0, ,17.4, ,60.9, ,96, ,59.6, ,1.8, ,173, ,73.7, 
240,6/24/2019,0300,175,0,R,0, ,0, ,17.6, ,61, ,96, ,59.8, ,1,I,210, ,73.7, 
240,6/24/2019,0400,175,0, ,0, ,0, ,17.4, ,60.8, ,96, ,59.6, ,1.7, ,327, ,73.6, 
240,6/24/2019,0500,175,0, ,0, ,3, ,17.4, ,60.4, ,97, ,59.6, ,1.2, ,336, ,73.5, 
240,6/24/2019,0600,175,0, ,0, ,51, ,17.4, ,60.2, ,98, ,59.6, ,1.1, ,308, ,73.3, 
240,6/24/2019,0700,175,0,R,0, ,172, ,17.8, ,60.7, ,98, ,60.2, ,1,I,2, ,73.1, 
240,6/24/2019,0800,175,0, ,0, ,441, ,17.7, ,61.8, ,94, ,60.1, ,1.7, ,342, ,73, 
240,6/24/2019,0900,175,0.02, ,0, ,1273, ,18.6, ,66.2, ,85, ,61.4, ,2.8, ,338, ,72.8, 
240,6/24/2019,1000,175,0.02, ,0, ,1648, ,22.8, ,76, ,74, ,67.3, ,1.4, ,329, ,72.7, 
240,6/24/2019,1100,175,0.03,R,0, ,1885, ,18.1, ,77.1, ,57, ,60.7, ,1,I,319, ,72.6, 
240,6/24/2019,1200,175,0.03, ,0, ,1968, ,17.7, ,82.7, ,46, ,60, ,1.9, ,144, ,72.6, 
240,6/24/2019,1300,175,0.03, ,0, ,1931, ,20.5, ,90.2, ,42, ,64.2, ,6.6, ,343, ,72.6, 
240,6/24/2019,1400,175,0.03, ,0, ,1794, ,18.7, ,89.6, ,39, ,61.6, ,9.7, ,349, ,72.8, 
240,6/24/2019,1500,175,0.03, ,0, ,1555, ,16.4, ,89.4, ,35, ,57.9, ,9.3, ,345, ,73, 
240,6/24/2019,1600,175,0.02, ,0, ,1231, ,15.6, ,88.5, ,34, ,56.5, ,10.8, ,333, ,73.2, 
240,6/24/2019,1700,175,0.02, ,0, ,850, ,15.2, ,86.8, ,35, ,55.7, ,11.2, ,332, ,73.5, 
240,6/24/2019,1800,175,0.01, ,0, ,455, ,15.9, ,84.6, ,39, ,57.1, ,10.6, ,333, ,73.8, 
240,6/24/2019,1900,175,0, ,0, ,116, ,16.1, ,76.4, ,52, ,57.4, ,5.9, ,181, ,74.1, 
240,6/24/2019,2000,175,0, ,0, ,1, ,21.3, ,76.2, ,69, ,65.3, ,6.8, ,156, ,74.2, 
240,6/24/2019,2100,175,0, ,0, ,0, ,18.4, ,68.7, ,77, ,61.2, ,7.6, ,169, ,74.3, 
240,6/24/2019,2200,175,0, ,0, ,0, ,17.9, ,65.2, ,84, ,60.3, ,5.8, ,153, ,74.3, 
240,6/24/2019,2300,175,0, ,0, ,0, ,17.1, ,62.2, ,90, ,59.1, ,4.4, ,166, ,74.3, 
240,6/24/2019,2400,175,0, ,0, ,0, ,17, ,61.2, ,92, ,58.8, ,3.7, ,145, ,74.2, 
240,6/25/2019,0100,176,0, ,0, ,0, ,16.8, ,60.3, ,94, ,58.5, ,3.4, ,182, ,74.1, 
240,6/25/2019,0200,176,0, ,0, ,0, ,16.9, ,60, ,96, ,58.8, ,2.7, ,181, ,74, 
240,6/25/2019,0300,176,0, ,0, ,0, ,16.9, ,60, ,96, ,58.7, ,1.8, ,308, ,73.9, 
240,6/25/2019,0400,176,0, ,0, ,0, ,17, ,59.5, ,98, ,58.9, ,6.6, ,338, ,73.7, 
240,6/25/2019,0500,176,0, ,0, ,2, ,17.1, ,59.4, ,99, ,59.1, ,3.8, ,343, ,73.5, 
240,6/25/2019,0600,176,0, ,0, ,36, ,17, ,59.1, ,99, ,58.9, ,1.3, ,345, ,73.3, 
240,6/25/2019,0700,176,0, ,0, ,113, ,17.3, ,59.4, ,100, ,59.3, ,1.4, ,328, ,73.1, 
240,6/25/2019,0800,176,0,R,0, ,243, ,17.5, ,60.1, ,99, ,59.7, ,1,I,316, ,73, 
240,6/25/2019,0900,176,0.01, ,0, ,680, ,17.7, ,61.8, ,94, ,60, ,2.2, ,205, ,72.8, 
240,6/25/2019,1000,176,0.02, ,0, ,1452, ,24.1, ,73, ,87, ,68.9, ,3.9, ,198, ,72.7, 
240,6/25/2019,1100,176,0.02, ,0, ,1485, ,30.5, ,82.5, ,80, ,75.8, ,7.4, ,170, ,72.6, 
240,6/25/2019,1200,176,0.02, ,0, ,1658, ,25.8, ,80, ,74, ,70.8, ,7, ,164, ,72.5, 
240,6/25/2019,1300,176,0.03, ,0, ,1728, ,20.3, ,77.9, ,62, ,63.9, ,6.2, ,171, ,72.5, 
240,6/25/2019,1400,176,0.02, ,0, ,1611, ,18.3, ,77.6, ,57, ,60.9, ,6.7, ,168, ,72.6, 
240,6/25/2019,1500,176,0.02, ,0, ,1413, ,16.9, ,77, ,53, ,58.7, ,8.1, ,167, ,72.7, 
240,6/25/2019,1600,176,0.02, ,0, ,1259, ,16.1, ,77.5, ,50, ,57.3, ,9.1, ,161, ,72.9, 
240,6/25/2019,1700,176,0.02, ,0, ,936, ,15.5, ,76.6, ,50, ,56.3, ,9, ,156, ,73.2, 
240,6/25/2019,1800,176,0.01, ,0, ,566, ,15.5, ,73.2, ,55, ,56.3, ,9.4, ,153, ,73.4, 
240,6/25/2019,1900,176,0, ,0, ,146, ,16.6, ,71.5, ,63, ,58.2, ,7.9, ,156, ,73.7, 
240,6/25/2019,2000,176,0, ,0, ,2, ,20.7, ,72.6, ,76, ,64.5, ,6.7, ,156, ,73.8, 
240,6/25/2019,2100,176,0, ,0, ,0, ,19.1, ,67.2, ,84, ,62.1, ,6.6, ,156, ,73.9, 
240,6/25/2019,2200,176,0, ,0, ,0, ,17.3, ,63, ,88, ,59.4, ,5.1, ,149, ,74, 
240,6/25/2019,2300,176,0, ,0, ,0, ,16.5, ,60.9, ,90, ,58.1, ,1.1, ,185, ,74, 
240,6/25/2019,2400,176,0,R,0, ,0, ,16.8, ,61.1, ,92, ,58.6, ,1,I,206, ,73.9, 
240,6/26/2019,0100,177,0, ,0, ,0, ,17.2, ,61.4, ,92, ,59.2, ,2.5, ,333, ,73.8, 
240,6/26/2019,0200,177,0, ,0, ,0, ,17.3, ,61.2, ,94, ,59.5, ,1.5, ,276, ,73.7, 
240,6/26/2019,0300,177,0, ,0, ,0, ,17.3, ,61.2, ,94, ,59.5, ,1, ,267, ,73.7, 
240,6/26/2019,0400,177,0,R,0, ,0, ,17.5, ,61.5, ,94, ,59.8, ,1,I,283, ,73.7, 
240,6/26/2019,0500,177,0,R,0, ,2, ,17.5, ,61.6, ,94, ,59.8, ,1,I,264, ,73.5, 
240,6/26/2019,0600,177,0, ,0, ,46, ,17.3, ,61.7, ,92, ,59.4, ,1.7, ,211, ,73.4, 
240,6/26/2019,0700,177,0, ,0, ,153, ,17, ,62, ,89, ,58.8, ,1.2, ,247, ,73.2, 
240,6/26/2019,0800,177,0.01, ,0, ,481, ,16.7, ,63, ,85, ,58.4, ,1.4, ,186, ,73, 
240,6/26/2019,0900,177,0.02, ,0, ,1345, ,19.7, ,69.9, ,79, ,63, ,1.6, ,332, ,72.9, 
240,6/26/2019,1000,177,0.02, ,0, ,1685, ,21, ,76.9, ,67, ,64.9, ,2.1, ,154, ,72.7, 
240,6/26/2019,1100,177,0.03, ,0, ,1863, ,15.2, ,76.2, ,49, ,55.8, ,3.2, ,155, ,72.6, 
240,6/26/2019,1200,177,0.03, ,0, ,1937, ,12, ,78.7, ,36, ,49.4, ,1.1, ,152, ,72.7, 
240,6/26/2019,1300,177,0.03, ,0, ,1912, ,12.7, ,78.5, ,38, ,51, ,5, ,217, ,72.7, 
240,6/26/2019,1400,177,0.03, ,0, ,1766, ,13.4, ,78.9, ,40, ,52.4, ,6.9, ,359, ,72.9, 
240,6/26/2019,1500,177,0.03, ,0, ,1549, ,13.5, ,78.8, ,40, ,52.6, ,8.7, ,321, ,73.1, 
240,6/26/2019,1600,177,0.02, ,0, ,1225, ,13.3, ,78.4, ,40, ,52.1, ,9.7, ,331, ,73.3, 
240,6/26/2019,1700,177,0.01, ,0, ,864, ,13, ,77.2, ,41, ,51.6, ,7.9, ,337, ,73.6, 
240,6/26/2019,1800,177,0.01, ,0, ,463, ,13.2, ,74.9, ,45, ,52, ,6.2, ,328, ,73.9, 
240,6/26/2019,1900,177,0, ,0, ,117, ,13.1, ,71.1, ,50, ,51.7, ,7.8, ,332, ,74.2, 
240,6/26/2019,2000,177,0, ,0, ,2, ,13.7, ,65.8, ,63, ,52.9, ,5.9, ,172, ,74.3, 
240,6/26/2019,2100,177,0, ,0, ,0, ,13.4, ,62.6, ,69, ,52.4, ,5, ,174, ,74.4, 
240,6/26/2019,2200,177,0, ,0, ,0, ,13.3, ,60.5, ,74, ,52.2, ,4.8, ,185, ,74.5, 
240,6/26/2019,2300,177,0, ,0, ,0, ,13.3, ,59.1, ,78, ,52.1, ,4.5, ,178, ,74.4, 
240,6/26/2019,2400,177,0, ,0, ,0, ,12.8, ,57.5, ,80, ,51.2, ,2.1, ,27, ,74.4, 
240,6/27/2019,0100,178,0, ,0, ,0, ,13, ,57.7, ,80, ,51.5, ,3.2, ,137, ,74.2, 
240,6/27/2019,0200,178,0, ,0, ,0, ,12.9, ,56.2, ,84, ,51.3, ,2.7, ,189, ,74.1, 
240,6/27/2019,0300,178,0, ,0, ,0, ,12.9, ,55.1, ,87, ,51.2, ,2.5, ,41, ,73.9, 
240,6/27/2019,0400,178,0, ,0, ,0, ,13.4, ,54.2, ,93, ,52.3, ,4, ,341, ,73.7, 
240,6/27/2019,0500,178,0, ,0, ,3, ,14, ,54.9, ,95, ,53.5, ,2.7, ,341, ,73.5, 
240,6/27/2019,0600,178,0, ,0, ,54, ,14.1, ,55.6, ,93, ,53.7, ,2.6, ,357, ,73.3, 
240,6/27/2019,0700,178,0, ,0, ,185, ,14.2, ,56.4, ,91, ,53.9, ,3, ,331, ,73.1, 
240,6/27/2019,0800,178,0.01, ,0, ,760, ,14.5, ,59.5, ,83, ,54.5, ,3.1, ,332, ,73, 
240,6/27/2019,0900,178,0.02, ,0, ,1335, ,14.6, ,64.3, ,71, ,54.7, ,3.1, ,298, ,72.8, 
240,6/27/2019,1000,178,0.02, ,0, ,1662, ,14.2, ,69.1, ,58, ,53.9, ,3.2, ,259, ,72.7, 
240,6/27/2019,1100,178,0.03, ,0, ,1867, ,13.1, ,74.2, ,45, ,51.6, ,3.8, ,265, ,72.6, 
240,6/27/2019,1200,178,0.03, ,0, ,1951, ,12.7, ,78.8, ,38, ,50.8, ,4.5, ,321, ,72.6, 
240,6/27/2019,1300,178,0.03, ,0, ,1933, ,12.5, ,81.6, ,34, ,50.5, ,6, ,335, ,72.7, 
240,6/27/2019,1400,178,0.03, ,0, ,1784, ,13, ,82.9, ,34, ,51.6, ,9, ,343, ,72.9, 
240,6/27/2019,1500,178,0.03, ,0, ,1540, ,12.8, ,83.5, ,33, ,51.2, ,10.5, ,329, ,73.1, 
240,6/27/2019,1600,178,0.02, ,0, ,1236, ,12.2, ,82.7, ,32, ,49.8, ,10.7, ,331, ,73.4, 
240,6/27/2019,1700,178,0.02, ,0, ,862, ,12.3, ,81.4, ,34, ,50, ,9.5, ,325, ,73.7, 
240,6/27/2019,1800,178,0.01, ,0, ,466, ,12.4, ,78.7, ,37, ,50.3, ,8, ,323, ,74, 
240,6/27/2019,1900,178,0, ,0, ,120, ,13.6, ,73.1, ,49, ,52.8, ,6.4, ,127, ,74.2, 
240,6/27/2019,2000,178,0, ,0, ,2, ,13.8, ,67.9, ,59, ,53.1, ,6.4, ,134, ,74.4, 
240,6/27/2019,2100,178,0, ,0, ,0, ,13.6, ,64.5, ,66, ,52.8, ,6, ,145, ,74.4, 
240,6/27/2019,2200,178,0, ,0, ,0, ,13.7, ,62.8, ,70, ,52.9, ,4.1, ,182, ,74.5, 
240,6/27/2019,2300,178,0, ,0, ,0, ,13.6, ,61.4, ,73, ,52.8, ,3.3, ,175, ,74.5, 
240,6/27/2019,2400,178,0, ,0, ,0, ,13.8, ,60.2, ,77, ,53.1, ,4.2, ,169, ,74.4, 
240,6/28/2019,0100,179,0, ,0, ,0, ,13.8, ,58.9, ,81, ,53.2, ,4, ,172, ,74.4, 
240,6/28/2019,0200,179,0, ,0, ,0, ,13.7, ,57.9, ,83, ,52.9, ,3.7, ,158, ,74.3, 
240,6/28/2019,0300,179,0, ,0, ,0, ,13.4, ,56.2, ,87, ,52.3, ,1.7, ,116, ,74.3, 
240,6/28/2019,0400,179,0, ,0, ,0, ,12.7, ,53.8, ,90, ,50.8, ,2.1, ,227, ,74.2, 
240,6/28/2019,0500,179,0, ,0, ,8, ,12.2, ,51.9, ,93, ,49.8, ,2, ,263, ,74.1, 
240,6/28/2019,0600,179,0, ,0, ,197, ,12.1, ,53.7, ,86, ,49.6, ,2.2, ,244, ,73.9, 
240,6/28/2019,0700,179,0.01, ,0, ,572, ,13.5, ,58.6, ,80, ,52.6, ,2, ,286, ,73.7, 
240,6/28/2019,0800,179,0.01, ,0, ,990, ,14.4, ,63.7, ,71, ,54.3, ,2.1, ,258, ,73.4, 
240,6/28/2019,0900,179,0.02, ,0, ,1372, ,14.5, ,68.8, ,60, ,54.4, ,2.7, ,311, ,73.2, 
240,6/28/2019,1000,179,0.02, ,0, ,1677, ,13.8, ,73.6, ,49, ,53.1, ,3, ,222, ,73, 
240,6/28/2019,1100,179,0.03, ,0, ,1896, ,12.2, ,77.6, ,38, ,49.7, ,4.8, ,331, ,72.9, 
240,6/28/2019,1200,179,0.03, ,0, ,1987, ,11, ,81.5, ,30, ,46.9, ,4, ,154, ,73, 
240,6/28/2019,1300,179,0.03, ,0, ,1941, ,10.2, ,84.3, ,25, ,45.1, ,4.5, ,156, ,73, 
240,6/28/2019,1400,179,0.03, ,0, ,1801, ,12.7, ,84.7, ,31, ,50.9, ,6.2, ,190, ,73.2, 
240,6/28/2019,1500,179,0.03, ,0, ,1563, ,11.6, ,85.8, ,28, ,48.5, ,5.7, ,265, ,73.4, 
240,6/28/2019,1600,179,0.03, ,0, ,1258, ,11.1, ,84.8, ,27, ,47.4, ,12.2, ,322, ,73.7, 
240,6/28/2019,1700,179,0.02, ,0, ,881, ,10.6, ,82.5, ,28, ,46.2, ,11.2, ,320, ,74.1, 
240,6/28/2019,1800,179,0.01, ,0, ,477, ,10.5, ,80.4, ,30, ,45.7, ,6.9, ,356, ,74.4, 
240,6/28/2019,1900,179,0, ,0, ,127, ,12.5, ,76.5, ,40, ,50.4, ,5, ,119, ,74.6, 
240,6/28/2019,2000,179,0, ,0, ,2, ,13.3, ,70.4, ,53, ,52.2, ,7.4, ,134, ,74.8, 
240,6/28/2019,2100,179,0, ,0, ,0, ,13.3, ,66.8, ,59, ,52.1, ,7.7, ,134, ,74.9, 
240,6/28/2019,2200,179,0, ,0, ,0, ,12.7, ,64.7, ,61, ,50.8, ,3, ,209, ,75, 
240,6/28/2019,2300,179,0, ,0, ,0, ,12.5, ,61.5, ,67, ,50.5, ,2.2, ,258, ,75, 
240,6/28/2019,2400,179,0, ,0, ,0, ,12.7, ,61.4, ,68, ,50.9, ,1.5, ,80, ,74.9, 
240,6/29/2019,0100,180,0, ,0, ,0, ,12.1, ,59.1, ,71, ,49.6, ,2.3, ,294, ,74.9, 
240,6/29/2019,0200,180,0, ,0, ,0, ,12, ,57.4, ,75, ,49.5, ,1.5, ,288, ,74.8, 
240,6/29/2019,0300,180,0, ,0, ,0, ,11.8, ,56.6, ,76, ,49, ,1.7, ,271, ,74.8, 
240,6/29/2019,0400,180,0, ,0, ,0, ,11, ,54.1, ,77, ,47.2, ,2.5, ,279, ,74.7, 
240,6/29/2019,0500,180,0, ,0, ,3, ,11.7, ,55.2, ,78, ,48.6, ,1.9, ,293, ,74.5, 
240,6/29/2019,0600,180,0, ,0, ,90, ,11.9, ,57.2, ,74, ,49.1, ,2.4, ,241, ,74.2, 
240,6/29/2019,0700,180,0, ,0, ,223, ,12.4, ,60.4, ,69, ,50.3, ,1.6, ,266, ,74, 
240,6/29/2019,0800,180,0.01, ,0, ,441, ,12.5, ,64.3, ,61, ,50.4, ,2.3, ,314, ,73.7, 
240,6/29/2019,0900,180,0.02, ,0, ,1345, ,12.1, ,71.1, ,46, ,49.5, ,3, ,145, ,73.5, 
240,6/29/2019,1000,180,0.02, ,0, ,1512, ,10.4, ,76.2, ,34, ,45.6, ,3.6, ,190, ,73.3, 
240,6/29/2019,1100,180,0.03, ,0, ,1966, ,7.6, ,80.6, ,21, ,37.3, ,4.1, ,192, ,73.3, 
240,6/29/2019,1200,180,0.03, ,0, ,1784, ,7.6, ,83.6, ,19, ,37.5, ,4.5, ,191, ,73.3, 
240,6/29/2019,1300,180,0.02, ,0, ,1368, ,8, ,85.2, ,19, ,38.6, ,5.2, ,177, ,73.3, 
240,6/29/2019,1400,180,0.02, ,0, ,1344, ,8.5, ,86.5, ,20, ,40.4, ,6, ,186, ,73.5, 
240,6/29/2019,1500,180,0.02, ,0, ,997, ,9.6, ,85.6, ,23, ,43.4, ,6.2, ,284, ,73.7, 
240,6/29/2019,1600,180,0.01, ,0, ,619, ,10, ,84.4, ,25, ,44.6, ,8.2, ,340, ,73.9, 
240,6/29/2019,1700,180,0.01, ,0, ,396, ,8.8, ,81.6, ,24, ,41.1, ,8.6, ,336, ,74.2, 
240,6/29/2019,1800,180,0.01, ,0, ,239, ,6.9, ,79.2, ,20, ,34.9, ,7.5, ,356, ,74.4, 
240,6/29/2019,1900,180,0.01, ,0, ,53, ,9.3, ,75.6, ,31, ,42.7, ,6.7, ,122, ,74.6, 
240,6/29/2019,2000,180,0, ,0, ,3, ,11.2, ,70.8, ,44, ,47.6, ,7.2, ,153, ,74.7, 
240,6/29/2019,2100,180,0, ,0, ,0, ,8.2, ,70.3, ,33, ,39.5, ,5.5, ,129, ,74.7, 
240,6/29/2019,2200,180,0, ,0, ,0, ,8.6, ,68.2, ,37, ,40.6, ,3.2, ,224, ,74.7, 
240,6/29/2019,2300,180,0, ,0, ,0, ,10.2, ,67.9, ,44, ,45.2, ,2.5, ,283, ,74.7, 
240,6/29/2019,2400,180,0, ,0, ,0, ,10.4, ,66.3, ,47, ,45.5, ,3, ,270, ,74.7, 
240,6/30/2019,0100,181,0, ,0, ,0, ,10.7, ,66.4, ,48, ,46.3, ,4.4, ,9, ,74.6, 
240,6/30/2019,0200,181,0, ,0, ,0, ,10.8, ,66.6, ,49, ,46.7, ,3.6, ,264, ,74.5, 
240,6/30/2019,0300,181,0, ,0, ,0, ,10.7, ,66.7, ,48, ,46.3, ,3.1, ,89, ,74.5, 
240,6/30/2019,0400,181,0, ,0, ,0, ,10.9, ,65, ,52, ,46.9, ,3.2, ,2, ,74.5, 
240,6/30/2019,0500,181,0, ,0, ,3, ,10.8, ,61.5, ,58, ,46.5, ,3, ,264, ,74.4, 
240,6/30/2019,0600,181,0, ,0, ,191, ,10, ,61, ,55, ,44.6, ,2.7, ,242, ,74.2, 
240,6/30/2019,0700,181,0.01, ,0, ,586, ,10.8, ,69, ,45, ,46.6, ,1.7, ,233, ,74, 
240,6/30/2019,0800,181,0.01, ,0, ,992, ,10.7, ,72.7, ,39, ,46.4, ,2.1, ,196, ,73.8, 
240,6/30/2019,0900,181,0.02, ,0, ,1374, ,9.1, ,76.3, ,29, ,42.2, ,3.4, ,191, ,73.7, 
240,6/30/2019,1000,181,0.03, ,0, ,1687, ,7.5, ,80, ,21, ,37, ,3.6, ,154, ,73.5, 
240,6/30/2019,1100,181,0.03, ,0, ,1885, ,6.3, ,83.2, ,16, ,32.6, ,4.3, ,155, ,73.5, 
240,6/30/2019,1200,181,0.03, ,0, ,1927, ,6.6, ,85.4, ,16, ,34, ,5.1, ,174, ,73.5, 
240,6/30/2019,1300,181,0.03, ,0, ,1935, ,6.3, ,87.4, ,14, ,32.7, ,6, ,50, ,73.7, 
240,6/30/2019,1400,181,0.03, ,0, ,1811, ,6.2, ,88.8, ,13, ,32.4, ,5.6, ,39, ,73.8, 
240,6/30/2019,1500,181,0.03, ,0, ,1578, ,6.4, ,89.8, ,13, ,33.3, ,8.5, ,328, ,74, 
240,6/30/2019,1600,181,0.03, ,0, ,1246, ,7.4, ,88.5, ,16, ,36.7, ,10.8, ,327, ,74.3, 
240,6/30/2019,1700,181,0.02, ,0, ,874, ,6, ,85.7, ,14, ,31.5, ,12.9, ,322, ,74.7, 
240,6/30/2019,1800,181,0.01, ,0, ,477, ,5.5, ,82.9, ,14, ,29.3, ,11.4, ,334, ,75, 
240,6/30/2019,1900,181,0.01, ,0, ,121, ,7.3, ,78.4, ,22, ,36.3, ,9.2, ,324, ,75.3, 
240,6/30/2019,2000,181,0, ,0, ,2, ,6.9, ,74.9, ,23, ,35, ,5.6, ,2, ,75.4, 
240,6/30/2019,2100,181,0, ,0, ,0, ,10.9, ,70.8, ,42, ,46.7, ,5, ,137, ,75.5, 
240,6/30/2019,2200,181,0, ,0, ,0, ,10.7, ,68.6, ,45, ,46.3, ,5.5, ,135, ,75.5, 
240,6/30/2019,2300,181,0, ,0, ,0, ,10.6, ,65, ,50, ,46, ,3.6, ,212, ,75.4, 
240,6/30/2019,2400,181,0, ,0, ,0, ,10.3, ,61.3, ,56, ,45.4, ,2.5, ,261, ,75.3, 
240,7/1/2019,0100,182,0, ,0, ,0, ,9.6, ,58.9, ,57, ,43.6, ,1.9, ,252, ,75.2, 
240,7/1/2019,0200,182,0, ,0, ,0, ,10, ,60.7, ,55, ,44.4, ,2.3, ,213, ,75.1, 
240,7/1/2019,0300,182,0, ,0, ,0, ,9.8, ,57.5, ,61, ,44, ,2.1, ,348, ,75.1, 
240,7/1/2019,0400,182,0, ,0, ,0, ,9.5, ,56.4, ,61, ,43.2, ,2.1, ,317, ,75, 
240,7/1/2019,0500,182,0, ,0, ,7, ,9.2, ,52.8, ,68, ,42.4, ,2.2, ,259, ,74.8, 
240,7/1/2019,0600,182,0, ,0, ,209, ,9.3, ,54.4, ,65, ,42.8, ,2.2, ,266, ,74.6, 
240,7/1/2019,0700,182,0.01, ,0, ,587, ,10.5, ,64.1, ,51, ,45.8, ,1.9, ,4, ,74.3, 
240,7/1/2019,0800,182,0.01, ,0, ,994, ,10.5, ,70.2, ,42, ,45.9, ,1.8, ,201, ,74.1, 
240,7/1/2019,0900,182,0.02, ,0, ,1366, ,9.4, ,75.1, ,32, ,42.9, ,2.3, ,210, ,73.8, 
240,7/1/2019,1000,182,0.02, ,0, ,1677, ,7.7, ,80, ,22, ,37.8, ,3.1, ,171, ,73.7, 
240,7/1/2019,1100,182,0.03, ,0, ,1881, ,7.4, ,83.2, ,19, ,36.9, ,4, ,161, ,73.6, 
240,7/1/2019,1200,182,0.03, ,0, ,1935, ,7, ,86.3, ,16, ,35.4, ,4.2, ,172, ,73.6, 
240,7/1/2019,1300,182,0.03, ,0, ,1943, ,7.2, ,88.4, ,16, ,36.1, ,4.5, ,150, ,73.7, 
240,7/1/2019,1400,182,0.03, ,0, ,1790, ,9.3, ,89.9, ,19, ,42.6, ,5.6, ,110, ,73.9, 
240,7/1/2019,1500,182,0.03, ,0, ,1559, ,10.6, ,89.8, ,22, ,46.1, ,6.9, ,322, ,74.1, 
240,7/1/2019,1600,182,0.02, ,0, ,1251, ,10, ,88.4, ,22, ,44.6, ,9, ,329, ,74.4, 
240,7/1/2019,1700,182,0.02, ,0, ,884, ,7, ,86.1, ,16, ,35.2, ,11.3, ,326, ,74.7, 
240,7/1/2019,1800,182,0.01, ,0, ,480, ,7.5, ,83.2, ,19, ,37.2, ,11.1, ,330, ,75.1, 
240,7/1/2019,1900,182,0.01, ,0, ,124, ,7.3, ,79.3, ,21, ,36.4, ,9.1, ,335, ,75.4, 
240,7/1/2019,2000,182,0, ,0, ,2, ,7.6, ,75.1, ,25, ,37.3, ,4.5, ,358, ,75.6, 
240,7/1/2019,2100,182,0, ,0, ,0, ,10, ,71.1, ,38, ,44.4, ,4.7, ,94, ,75.7, 
240,7/1/2019,2200,182,0, ,0, ,0, ,10.6, ,68.3, ,45, ,46.2, ,4.7, ,157, ,75.7, 
240,7/1/2019,2300,182,0, ,0, ,0, ,11.2, ,65.2, ,53, ,47.5, ,3.9, ,189, ,75.7, 
240,7/1/2019,2400,182,0, ,0, ,0, ,10.4, ,63.6, ,52, ,45.6, ,2.7, ,209, ,75.6, 
240,7/2/2019,0100,183,0, ,0, ,0, ,10.2, ,60, ,58, ,45.1, ,1.8, ,279, ,75.5, 
240,7/2/2019,0200,183,0, ,0, ,0, ,9.8, ,57.4, ,61, ,43.9, ,1.9, ,251, ,75.3, 
240,7/2/2019,0300,183,0, ,0, ,0, ,9.6, ,55.5, ,64, ,43.5, ,1.7, ,281, ,75.2, 
240,7/2/2019,0400,183,0, ,0, ,0, ,9.7, ,54.4, ,67, ,43.6, ,1.9, ,302, ,75, 
240,7/2/2019,0500,183,0, ,0, ,7, ,9.5, ,53.2, ,69, ,43.2, ,2, ,272, ,74.8, 
240,7/2/2019,0600,183,0, ,0, ,206, ,9.9, ,54.1, ,69, ,44.3, ,1.6, ,261, ,74.5, 
240,7/2/2019,0700,183,0.01, ,0, ,586, ,10.3, ,62.3, ,54, ,45.4, ,1.4, ,297, ,74.3, 
240,7/2/2019,0800,183,0.01, ,0, ,1003, ,9.5, ,68.9, ,40, ,43.3, ,2, ,169, ,74, 
240,7/2/2019,0900,183,0.02, ,0, ,1383, ,8.3, ,73.5, ,29, ,39.8, ,3.7, ,156, ,73.8, 
240,7/2/2019,1000,183,0.02, ,0, ,1689, ,8.1, ,77.5, ,25, ,39.1, ,4.2, ,187, ,73.6, 
240,7/2/2019,1100,183,0.03, ,0, ,1908, ,6.1, ,80.8, ,17, ,32.1, ,5.2, ,166, ,73.6, 
240,7/2/2019,1200,183,0.03, ,0, ,1997, ,7.2, ,83.6, ,18, ,36, ,5.4, ,181, ,73.6, 
240,7/2/2019,1300,183,0.03, ,0, ,1958, ,7.8, ,86.1, ,18, ,38.3, ,6.2, ,162, ,73.7, 
240,7/2/2019,1400,183,0.03, ,0, ,1803, ,9.2, ,87.1, ,21, ,42.3, ,7.5, ,177, ,73.9, 
240,7/2/2019,1500,183,0.03, ,0, ,1565, ,10.7, ,86.6, ,25, ,46.4, ,10.7, ,187, ,74.1, 
240,7/2/2019,1600,183,0.02, ,0, ,1247, ,10.6, ,84.3, ,26, ,46.1, ,11.3, ,177, ,74.4, 
240,7/2/2019,1700,183,0.02, ,0, ,868, ,9.8, ,83.8, ,25, ,43.9, ,7.5, ,185, ,74.7, 
240,7/2/2019,1800,183,0.01, ,0, ,467, ,9.3, ,81, ,26, ,42.5, ,6.7, ,352, ,75, 
240,7/2/2019,1900,183,0.01, ,0, ,117, ,8.8, ,75.9, ,29, ,41.1, ,6.9, ,146, ,75.3, 
240,7/2/2019,2000,183,0, ,0, ,2, ,7.9, ,71.3, ,30, ,38.3, ,7.3, ,129, ,75.5, 
240,7/2/2019,2100,183,0, ,0, ,0, ,7.8, ,67.2, ,34, ,38.3, ,8.9, ,131, ,75.7, 
240,7/2/2019,2200,183,0, ,0, ,0, ,11.6, ,64.6, ,56, ,48.5, ,7, ,134, ,75.7, 
240,7/2/2019,2300,183,0, ,0, ,0, ,13, ,62.9, ,66, ,51.5, ,5.4, ,139, ,75.7, 
240,7/2/2019,2400,183,0, ,0, ,0, ,13.5, ,61.6, ,72, ,52.5, ,5.8, ,137, ,75.6, 
240,7/3/2019,0100,184,0, ,0, ,0, ,13.4, ,60.8, ,74, ,52.4, ,6.5, ,147, ,75.5, 
240,7/3/2019,0200,184,0, ,0, ,0, ,13.4, ,59.1, ,78, ,52.4, ,5.9, ,150, ,75.4, 
240,7/3/2019,0300,184,0, ,0, ,0, ,13.7, ,57.8, ,84, ,53, ,5.2, ,169, ,75.4, 
240,7/3/2019,0400,184,0, ,0, ,0, ,14.1, ,55.6, ,94, ,53.8, ,6.7, ,160, ,75.3, 
240,7/3/2019,0500,184,0, ,0, ,5, ,14.2, ,55.9, ,93, ,53.9, ,5.5, ,160, ,75.2, 
240,7/3/2019,0600,184,0, ,0, ,172, ,13.9, ,56.2, ,90, ,53.3, ,4.1, ,148, ,75, 
240,7/3/2019,0700,184,0.01, ,0, ,563, ,13.9, ,58.6, ,83, ,53.3, ,4.4, ,152, ,74.8, 
240,7/3/2019,0800,184,0.01, ,0, ,975, ,13.7, ,62.6, ,71, ,52.9, ,3.9, ,157, ,74.6, 
240,7/3/2019,0900,184,0.02, ,0, ,1340, ,12.7, ,67.2, ,56, ,50.8, ,3.4, ,205, ,74.4, 
240,7/3/2019,1000,184,0.02, ,0, ,1662, ,11.8, ,71.2, ,45, ,48.8, ,5.8, ,191, ,74.2, 
240,7/3/2019,1100,184,0.03, ,0, ,1875, ,9.8, ,75.1, ,33, ,44.1, ,7.8, ,184, ,74.1, 
240,7/3/2019,1200,184,0.03, ,0, ,1964, ,8.8, ,78.1, ,27, ,41.1, ,7.1, ,175, ,74.1, 
240,7/3/2019,1300,184,0.03, ,0, ,1945, ,9.5, ,80.3, ,27, ,43.1, ,7.3, ,172, ,74.2, 
240,7/3/2019,1400,184,0.03, ,0, ,1861, ,10.5, ,81.8, ,28, ,45.9, ,10, ,168, ,74.3, 
240,7/3/2019,1500,184,0.03, ,0, ,1450, ,11.1, ,81, ,31, ,47.2, ,10.1, ,179, ,74.5, 
240,7/3/2019,1600,184,0.02, ,0, ,1239, ,11.5, ,79.8, ,33, ,48.2, ,10.2, ,173, ,74.7, 
240,7/3/2019,1700,184,0.02, ,0, ,868, ,12, ,77.3, ,37, ,49.3, ,10.4, ,176, ,75, 
240,7/3/2019,1800,184,0.01, ,0, ,471, ,12.3, ,73.7, ,43, ,50, ,10.1, ,175, ,75.2, 
240,7/3/2019,1900,184,0, ,0, ,114, ,12.8, ,70.3, ,50, ,51, ,10.8, ,148, ,75.5, 
240,7/3/2019,2000,184,0, ,0, ,2, ,12.9, ,66, ,59, ,51.3, ,9.7, ,149, ,75.6, 
240,7/3/2019,2100,184,0, ,0, ,0, ,12.7, ,63.1, ,65, ,51, ,8.6, ,140, ,75.8, 
240,7/3/2019,2200,184,0, ,0, ,0, ,13.3, ,59.7, ,76, ,52.1, ,9.1, ,140, ,75.8, 
240,7/3/2019,2300,184,0, ,0, ,0, ,13.4, ,57.9, ,82, ,52.4, ,7.9, ,153, ,75.7, 
240,7/3/2019,2400,184,0, ,0, ,0, ,13.6, ,56.6, ,86, ,52.7, ,5.8, ,168, ,75.7, 
240,7/4/2019,0100,185,0, ,0, ,0, ,13.6, ,56, ,89, ,52.8, ,5.7, ,166, ,75.6, 
240,7/4/2019,0200,185,0, ,0, ,0, ,13.6, ,55.7, ,90, ,52.7, ,5, ,167, ,75.4, 
240,7/4/2019,0300,185,0, ,0, ,0, ,13.5, ,55.3, ,90, ,52.5, ,4.4, ,159, ,75.2, 
240,7/4/2019,0400,185,0, ,0, ,0, ,13.4, ,55.1, ,91, ,52.4, ,4.1, ,200, ,75.1, 
240,7/4/2019,0500,185,0, ,0, ,3, ,13.5, ,54.9, ,91, ,52.5, ,3.6, ,174, ,74.9, 
240,7/4/2019,0600,185,0, ,0, ,43, ,13.4, ,55.2, ,90, ,52.4, ,3.3, ,293, ,74.7, 
240,7/4/2019,0700,185,0, ,0, ,145, ,13.5, ,55.7, ,89, ,52.5, ,3.3, ,322, ,74.4, 
240,7/4/2019,0800,185,0, ,0, ,442, ,13.4, ,57.3, ,83, ,52.3, ,3.9, ,275, ,74.2, 
240,7/4/2019,0900,185,0.02, ,0, ,1305, ,13.5, ,61.3, ,73, ,52.5, ,3.2, ,324, ,74.1, 
240,7/4/2019,1000,185,0.02, ,0, ,1638, ,12.9, ,65.8, ,60, ,51.3, ,3.2, ,273, ,73.9, 
240,7/4/2019,1100,185,0.03, ,0, ,1832, ,11.9, ,71.5, ,45, ,49, ,4.4, ,206, ,73.8, 
240,7/4/2019,1200,185,0.03, ,0, ,1945, ,11, ,76.3, ,35, ,47, ,4.9, ,176, ,73.8, 
240,7/4/2019,1300,185,0.03, ,0, ,1929, ,10.8, ,79.8, ,31, ,46.5, ,5.1, ,165, ,73.9, 
240,7/4/2019,1400,185,0.03, ,0, ,1786, ,10.9, ,82, ,29, ,46.9, ,6.2, ,119, ,73.9, 
240,7/4/2019,1500,185,0.03, ,0, ,1534, ,13.4, ,82.3, ,35, ,52.3, ,9.7, ,330, ,74.1, 
240,7/4/2019,1600,185,0.02, ,0, ,1220, ,13.1, ,81.4, ,36, ,51.7, ,9.3, ,334, ,74.4, 
240,7/4/2019,1700,185,0.01, ,0, ,847, ,13.3, ,80, ,38, ,52.1, ,6.3, ,324, ,74.7, 
240,7/4/2019,1800,185,0.01, ,0, ,452, ,13.1, ,77.4, ,41, ,51.8, ,6.4, ,316, ,75, 
240,7/4/2019,1900,185,0, ,0, ,115, ,12.1, ,73.8, ,42, ,49.5, ,5.4, ,23, ,75.2, 
240,7/4/2019,2000,185,0, ,0, ,2, ,12.6, ,68.9, ,52, ,50.7, ,6.6, ,132, ,75.4, 
240,7/4/2019,2100,185,0, ,0, ,0, ,12.9, ,65.8, ,59, ,51.2, ,6.8, ,131, ,75.5, 
240,7/4/2019,2200,185,0, ,0, ,0, ,12.8, ,63.6, ,64, ,51.2, ,4.5, ,162, ,75.6, 
240,7/4/2019,2300,185,0, ,0, ,0, ,13.4, ,61.8, ,71, ,52.4, ,5.3, ,155, ,75.6, 
240,7/4/2019,2400,185,0, ,0, ,0, ,13.4, ,60.1, ,76, ,52.4, ,4.1, ,151, ,75.5, 
240,7/5/2019,0100,186,0, ,0, ,0, ,13.4, ,59.2, ,78, ,52.3, ,3.7, ,185, ,75.4, 
240,7/5/2019,0200,186,0, ,0, ,0, ,13.3, ,58.2, ,80, ,52.1, ,3.3, ,190, ,75.4, 
240,7/5/2019,0300,186,0, ,0, ,0, ,12.5, ,55, ,85, ,50.5, ,1.9, ,326, ,75.3, 
240,7/5/2019,0400,186,0, ,0, ,0, ,13.2, ,56.4, ,85, ,51.8, ,3.2, ,117, ,75.3, 
240,7/5/2019,0500,186,0, ,0, ,6, ,12.7, ,54.7, ,87, ,51, ,3.2, ,187, ,75.1, 
240,7/5/2019,0600,186,0, ,0, ,182, ,12.3, ,54.6, ,84, ,50, ,1.8, ,300, ,74.9, 
240,7/5/2019,0700,186,0.01, ,0, ,536, ,13.4, ,59, ,79, ,52.4, ,2.1, ,290, ,74.7, 
240,7/5/2019,0800,186,0.01, ,0, ,936, ,13.9, ,64.1, ,68, ,53.3, ,2.2, ,145, ,74.4, 
240,7/5/2019,0900,186,0.02, ,0, ,1317, ,14.1, ,68.1, ,60, ,53.7, ,2.7, ,176, ,74.2, 
240,7/5/2019,1000,186,0.02, ,0, ,1638, ,13.3, ,71.9, ,50, ,52.1, ,3, ,166, ,74.1, 
240,7/5/2019,1100,186,0.03, ,0, ,1844, ,12.1, ,75.9, ,40, ,49.6, ,4.2, ,173, ,74, 
240,7/5/2019,1200,186,0.03, ,0, ,1927, ,11.9, ,79.5, ,35, ,49.2, ,5.1, ,185, ,74, 
240,7/5/2019,1300,186,0.03, ,0, ,1894, ,11.8, ,82.3, ,31, ,48.9, ,5.5, ,137, ,74.1, 
240,7/5/2019,1400,186,0.03, ,0, ,1739, ,13.5, ,84.3, ,34, ,52.6, ,8.9, ,333, ,74.2, 
240,7/5/2019,1500,186,0.03, ,0, ,1522, ,13.4, ,84.4, ,33, ,52.3, ,10.1, ,337, ,74.5, 
240,7/5/2019,1600,186,0.02, ,0, ,1212, ,13.6, ,83.5, ,35, ,52.7, ,9.6, ,327, ,74.8, 
240,7/5/2019,1700,186,0.02, ,0, ,837, ,14.1, ,82.2, ,38, ,53.8, ,10, ,328, ,75.1, 
240,7/5/2019,1800,186,0.01, ,0, ,448, ,13.5, ,79.8, ,39, ,52.6, ,9.7, ,316, ,75.4, 
240,7/5/2019,1900,186,0, ,0, ,114, ,12.7, ,76.2, ,41, ,51, ,6, ,318, ,75.6, 
240,7/5/2019,2000,186,0, ,0, ,2, ,13.8, ,71.5, ,52, ,53.1, ,5.4, ,136, ,75.8, 
240,7/5/2019,2100,186,0, ,0, ,0, ,13.5, ,67.9, ,58, ,52.5, ,5.1, ,149, ,75.9, 
240,7/5/2019,2200,186,0, ,0, ,0, ,13.2, ,65.9, ,61, ,51.9, ,5.2, ,141, ,75.9, 
240,7/5/2019,2300,186,0, ,0, ,0, ,13.2, ,63.3, ,66, ,51.9, ,2.7, ,210, ,75.9, 
240,7/5/2019,2400,186,0, ,0, ,0, ,13.3, ,62.2, ,70, ,52.2, ,2.8, ,115, ,75.9, 
240,7/6/2019,0100,187,0, ,0, ,0, ,13.5, ,60.6, ,75, ,52.5, ,2, ,72, ,75.8, 
240,7/6/2019,0200,187,0, ,0, ,0, ,12.7, ,57.5, ,79, ,51, ,2.5, ,259, ,75.7, 
240,7/6/2019,0300,187,0, ,0, ,0, ,12.7, ,56.8, ,80, ,50.8, ,1.8, ,287, ,75.7, 
240,7/6/2019,0400,187,0, ,0, ,0, ,12.8, ,56.4, ,82, ,51.1, ,2.5, ,334, ,75.6, 
240,7/6/2019,0500,187,0, ,0, ,5, ,13.1, ,55.1, ,89, ,51.8, ,4.5, ,358, ,75.4, 
240,7/6/2019,0600,187,0, ,0, ,95, ,14.4, ,55.1, ,97, ,54.4, ,4.5, ,340, ,75.2, 
240,7/6/2019,0700,187,0, ,0, ,449, ,14.9, ,57.5, ,92, ,55.2, ,3, ,8, ,74.9, 
240,7/6/2019,0800,187,0.01, ,0, ,944, ,15.2, ,63.5, ,76, ,55.7, ,3, ,11, ,74.7, 
240,7/6/2019,0900,187,0.02, ,0, ,1329, ,15, ,69.7, ,61, ,55.5, ,2.3, ,316, ,74.5, 
240,7/6/2019,1000,187,0.02, ,0, ,1640, ,14.2, ,74.6, ,49, ,54, ,3.2, ,154, ,74.3, 
240,7/6/2019,1100,187,0.03, ,0, ,1799, ,13.8, ,79.5, ,40, ,53.2, ,5, ,318, ,74.2, 
240,7/6/2019,1200,187,0.03, ,0, ,1900, ,13.9, ,81.7, ,38, ,53.4, ,8.3, ,353, ,74.2, 
240,7/6/2019,1300,187,0.03, ,0, ,1869, ,13.9, ,82.7, ,36, ,53.3, ,8.1, ,337, ,74.3, 
240,7/6/2019,1400,187,0.03, ,0, ,1749, ,13.9, ,84.6, ,34, ,53.4, ,5.3, ,320, ,74.5, 
240,7/6/2019,1500,187,0.03, ,0, ,1526, ,13.5, ,85.6, ,32, ,52.5, ,9.6, ,323, ,74.7, 
240,7/6/2019,1600,187,0.02, ,0, ,1207, ,13.7, ,85.1, ,33, ,53, ,5.9, ,326, ,75, 
240,7/6/2019,1700,187,0.02, ,0, ,831, ,15.1, ,82.4, ,40, ,55.7, ,8, ,176, ,75.3, 
240,7/6/2019,1800,187,0.01, ,0, ,445, ,15.1, ,78, ,46, ,55.5, ,9.6, ,151, ,75.5, 
240,7/6/2019,1900,187,0, ,0, ,115, ,14.4, ,73.1, ,52, ,54.4, ,9.4, ,134, ,75.8, 
240,7/6/2019,2000,187,0, ,0, ,2, ,14.3, ,68, ,61, ,54.1, ,6.5, ,149, ,76, 
240,7/6/2019,2100,187,0, ,0, ,0, ,14.2, ,65, ,68, ,54, ,6.4, ,138, ,76.2, 
240,7/6/2019,2200,187,0, ,0, ,0, ,14.3, ,62.5, ,74, ,54.2, ,5, ,150, ,76.3, 
240,7/6/2019,2300,187,0, ,0, ,0, ,14.4, ,60.2, ,81, ,54.4, ,5.2, ,169, ,76.3, 
240,7/6/2019,2400,187,0, ,0, ,0, ,14.3, ,59.5, ,83, ,54.2, ,4.7, ,166, ,76.2, 
240,7/7/2019,0100,188,0, ,0, ,0, ,14.3, ,58.8, ,84, ,54, ,4.6, ,151, ,76.1, 
240,7/7/2019,0200,188,0, ,0, ,0, ,14.4, ,57.5, ,89, ,54.2, ,4.8, ,172, ,76.1, 
240,7/7/2019,0300,188,0, ,0, ,0, ,14.3, ,56.9, ,90, ,54.1, ,4.7, ,139, ,76, 
240,7/7/2019,0400,188,0, ,0, ,0, ,14.2, ,56, ,93, ,54, ,2.8, ,185, ,75.9, 
240,7/7/2019,0500,188,0, ,0, ,3, ,14.2, ,55.9, ,93, ,54, ,2.4, ,287, ,75.8, 
240,7/7/2019,0600,188,0, ,0, ,64, ,14.6, ,56.4, ,94, ,54.7, ,2.3, ,250, ,75.6, 
240,7/7/2019,0700,188,0, ,0, ,191, ,14.7, ,57.3, ,92, ,54.9, ,3.3, ,178, ,75.4, 
240,7/7/2019,0800,188,0, ,0, ,254, ,14.5, ,58.6, ,87, ,54.6, ,3.8, ,108, ,75.1, 
240,7/7/2019,0900,188,0, ,0, ,515, ,14.7, ,60.1, ,83, ,54.9, ,4.6, ,183, ,74.9, 
240,7/7/2019,1000,188,0.02, ,0, ,1456, ,15, ,63, ,76, ,55.4, ,4.1, ,195, ,74.8, 
240,7/7/2019,1100,188,0.02, ,0, ,1797, ,13.8, ,69.1, ,57, ,53.1, ,4.1, ,168, ,74.7, 
240,7/7/2019,1200,188,0.03, ,0, ,1887, ,10.9, ,74, ,38, ,46.8, ,5.1, ,181, ,74.6, 
240,7/7/2019,1300,188,0.03, ,0, ,1951, ,8.3, ,78.7, ,25, ,39.8, ,5.5, ,169, ,74.6, 
240,7/7/2019,1400,188,0.03, ,0, ,1809, ,9, ,81.7, ,24, ,41.7, ,6, ,176, ,74.7, 
240,7/7/2019,1500,188,0.03, ,0, ,1551, ,11.5, ,81.4, ,31, ,48.3, ,9.8, ,178, ,74.8, 
240,7/7/2019,1600,188,0.02, ,0, ,1193, ,12.6, ,79.8, ,36, ,50.7, ,11.1, ,172, ,74.9, 
240,7/7/2019,1700,188,0.02, ,0, ,824, ,12.2, ,78, ,37, ,49.8, ,12, ,176, ,75.2, 
240,7/7/2019,1800,188,0.01, ,0, ,434, ,11.6, ,73.3, ,41, ,48.5, ,10.8, ,173, ,75.5, 
240,7/7/2019,1900,188,0, ,0, ,103, ,11, ,69.6, ,45, ,47.1, ,9.3, ,161, ,75.7, 
240,7/7/2019,2000,188,0, ,0, ,1, ,12.8, ,65.5, ,60, ,51.2, ,8.3, ,134, ,75.9, 
240,7/7/2019,2100,188,0, ,0, ,0, ,13.6, ,60.7, ,75, ,52.7, ,10.2, ,140, ,76, 
240,7/7/2019,2200,188,0, ,0, ,0, ,13.8, ,57.8, ,85, ,53.2, ,8.8, ,171, ,76, 
240,7/7/2019,2300,188,0, ,0, ,0, ,13.8, ,56.9, ,87, ,53.2, ,6.7, ,171, ,76, 
240,7/7/2019,2400,188,0, ,0, ,0, ,13.7, ,56.4, ,88, ,53, ,5.5, ,172, ,75.9, 
240,7/8/2019,0100,189,0, ,0, ,0, ,13.8, ,56.7, ,88, ,53.1, ,5.1, ,184, ,75.8, 
240,7/8/2019,0200,189,0, ,0, ,0, ,13.7, ,56.7, ,87, ,52.9, ,3.3, ,207, ,75.7, 
240,7/8/2019,0300,189,0, ,0, ,0, ,13.7, ,56.8, ,87, ,52.9, ,3.1, ,197, ,75.7, 
240,7/8/2019,0400,189,0, ,0, ,0, ,13.7, ,56.9, ,87, ,52.9, ,2.9, ,118, ,75.6, 
240,7/8/2019,0500,189,0, ,0, ,1, ,13.8, ,56.9, ,87, ,53.1, ,4.4, ,177, ,75.4, 
240,7/8/2019,0600,189,0, ,0, ,32, ,13.5, ,57, ,85, ,52.5, ,2.9, ,230, ,75.3, 
240,7/8/2019,0700,189,0, ,0, ,160, ,13.4, ,57.9, ,81, ,52.3, ,4.5, ,202, ,75.1, 
240,7/8/2019,0800,189,0.01, ,0, ,542, ,12.9, ,59.6, ,74, ,51.3, ,3.8, ,179, ,74.9, 
240,7/8/2019,0900,189,0.01, ,0, ,1206, ,12.8, ,62.4, ,66, ,51.1, ,4.3, ,166, ,74.7, 
240,7/8/2019,1000,189,0.02, ,0, ,1582, ,12.7, ,64.9, ,60, ,50.8, ,4.3, ,195, ,74.6, 
240,7/8/2019,1100,189,0.02, ,0, ,1778, ,12.3, ,68.6, ,51, ,49.9, ,4.7, ,166, ,74.4, 
240,7/8/2019,1200,189,0.03, ,0, ,1883, ,12.1, ,72.1, ,45, ,49.5, ,4.9, ,184, ,74.4, 
240,7/8/2019,1300,189,0.03, ,0, ,1867, ,12.3, ,74.7, ,42, ,50, ,6.1, ,158, ,74.5, 
240,7/8/2019,1400,189,0.03, ,0, ,1747, ,12.6, ,77.3, ,39, ,50.7, ,6.5, ,162, ,74.6, 
240,7/8/2019,1500,189,0.02, ,0, ,1514, ,12.8, ,78.3, ,39, ,51.1, ,8.6, ,182, ,74.7, 
240,7/8/2019,1600,189,0.02, ,0, ,1199, ,12.4, ,77.4, ,39, ,50.3, ,9.6, ,180, ,74.9, 
240,7/8/2019,1700,189,0.02, ,0, ,833, ,12.2, ,76.4, ,39, ,49.7, ,10.5, ,188, ,75.2, 
240,7/8/2019,1800,189,0.01, ,0, ,446, ,11.8, ,73.7, ,41, ,48.8, ,9.4, ,170, ,75.5, 
240,7/8/2019,1900,189,0, ,0, ,108, ,12.1, ,69.9, ,49, ,49.7, ,9.1, ,167, ,75.7, 
240,7/8/2019,2000,189,0, ,0, ,1, ,13.2, ,64.9, ,63, ,51.8, ,9.9, ,137, ,75.9, 
240,7/8/2019,2100,189,0, ,0, ,0, ,13.5, ,61.2, ,73, ,52.5, ,9.4, ,133, ,76, 
240,7/8/2019,2200,189,0, ,0, ,0, ,13.8, ,59, ,81, ,53.1, ,8, ,140, ,76, 
240,7/8/2019,2300,189,0, ,0, ,0, ,13.9, ,57.9, ,85, ,53.4, ,5, ,172, ,76, 
240,7/8/2019,2400,189,0, ,0, ,0, ,13.9, ,57.1, ,87, ,53.3, ,3.8, ,185, ,75.9, 
240,7/9/2019,0100,190,0, ,0, ,0, ,13.8, ,57, ,87, ,53.2, ,3.8, ,162, ,75.8, 
240,7/9/2019,0200,190,0, ,0, ,0, ,13.7, ,56.4, ,88, ,53, ,4.1, ,172, ,75.7, 
240,7/9/2019,0300,190,0, ,0, ,0, ,13.7, ,56, ,90, ,53, ,3.1, ,133, ,75.5, 
240,7/9/2019,0400,190,0, ,0, ,0, ,13.6, ,55.4, ,91, ,52.8, ,2.7, ,231, ,75.3, 
240,7/9/2019,0500,190,0, ,0, ,2, ,14, ,56.5, ,90, ,53.5, ,2.5, ,158, ,75.1, 
240,7/9/2019,0600,190,0, ,0, ,47, ,14, ,57, ,88, ,53.6, ,2.9, ,238, ,74.9, 
240,7/9/2019,0700,190,0, ,0, ,194, ,14.2, ,58, ,86, ,53.9, ,2.9, ,342, ,74.7, 
240,7/9/2019,0800,190,0.01, ,0, ,681, ,14.2, ,60.5, ,79, ,53.9, ,2.7, ,40, ,74.6, 
240,7/9/2019,0900,190,0.02, ,0, ,1283, ,13.8, ,64.8, ,66, ,53.1, ,3, ,171, ,74.4, 
240,7/9/2019,1000,190,0.02, ,0, ,1571, ,12.7, ,70.1, ,51, ,50.9, ,3, ,162, ,74.2, 
240,7/9/2019,1100,190,0.03, ,0, ,1799, ,11, ,74.9, ,37, ,47, ,5.2, ,174, ,74.2, 
240,7/9/2019,1200,190,0.03, ,0, ,1894, ,10.4, ,79.2, ,30, ,45.5, ,4.2, ,179, ,74.2, 
240,7/9/2019,1300,190,0.03, ,0, ,1879, ,9.4, ,81.9, ,25, ,43, ,4.9, ,157, ,74.3, 
240,7/9/2019,1400,190,0.03, ,0, ,1747, ,10, ,84.7, ,25, ,44.5, ,5.8, ,206, ,74.4, 
240,7/9/2019,1500,190,0.03, ,0, ,1514, ,11.2, ,85.8, ,26, ,47.5, ,7.2, ,314, ,74.6, 
240,7/9/2019,1600,190,0.02, ,0, ,1185, ,11.6, ,86.4, ,27, ,48.5, ,6.7, ,290, ,74.9, 
240,7/9/2019,1700,190,0.02, ,0, ,802, ,12.5, ,83.8, ,32, ,50.4, ,8.9, ,175, ,75.2, 
240,7/9/2019,1800,190,0.01, ,0, ,427, ,12.6, ,80.6, ,35, ,50.8, ,9.3, ,164, ,75.5, 
240,7/9/2019,1900,190,0.01, ,0, ,105, ,12.5, ,76.4, ,40, ,50.6, ,8.4, ,158, ,75.7, 
240,7/9/2019,2000,190,0, ,0, ,1, ,11.8, ,71.5, ,45, ,49, ,7.7, ,125, ,76, 
240,7/9/2019,2100,190,0, ,0, ,0, ,11.7, ,68.2, ,50, ,48.8, ,7.5, ,130, ,76.2, 
240,7/9/2019,2200,190,0, ,0, ,0, ,12.6, ,65.2, ,60, ,50.7, ,6.8, ,134, ,76.2, 
240,7/9/2019,2300,190,0, ,0, ,0, ,13.1, ,63.4, ,66, ,51.8, ,3, ,188, ,76.2, 
240,7/9/2019,2400,190,0, ,0, ,0, ,13, ,62.9, ,67, ,51.6, ,3.4, ,184, ,76.2, 
240,7/10/2019,0100,191,0, ,0, ,0, ,12.7, ,61.8, ,67, ,50.8, ,2.3, ,219, ,76.2, 
240,7/10/2019,0200,191,0, ,0, ,0, ,12.6, ,59.6, ,72, ,50.6, ,2.6, ,227, ,76.1, 
240,7/10/2019,0300,191,0, ,0, ,0, ,12.7, ,59.3, ,74, ,50.9, ,2.2, ,15, ,76, 
240,7/10/2019,0400,191,0, ,0, ,0, ,12.4, ,57.7, ,76, ,50.2, ,2.7, ,21, ,75.9, 
240,7/10/2019,0500,191,0, ,0, ,5, ,12.2, ,56.3, ,79, ,49.9, ,1.4, ,301, ,75.8, 
240,7/10/2019,0600,191,0, ,0, ,170, ,11.5, ,57, ,72, ,48.2, ,2.9, ,350, ,75.6, 
240,7/10/2019,0700,191,0.01, ,0, ,529, ,12.8, ,62.8, ,66, ,51.2, ,2.5, ,348, ,75.3, 
240,7/10/2019,0800,191,0.01, ,0, ,929, ,14.1, ,68.4, ,60, ,53.7, ,2.3, ,309, ,75.1, 
240,7/10/2019,0900,191,0.02, ,0, ,1300, ,14, ,73.9, ,49, ,53.5, ,2.8, ,244, ,74.9, 
240,7/10/2019,1000,191,0.02, ,0, ,1607, ,12.5, ,78.7, ,37, ,50.4, ,3.2, ,167, ,74.7, 
240,7/10/2019,1100,191,0.03, ,0, ,1809, ,12.3, ,82.2, ,33, ,50.1, ,4, ,180, ,74.6, 
240,7/10/2019,1200,191,0.03, ,0, ,1883, ,12.3, ,85.2, ,30, ,49.9, ,4, ,177, ,74.6, 
240,7/10/2019,1300,191,0.03, ,0, ,1828, ,12.7, ,87.9, ,28, ,50.8, ,4.5, ,288, ,74.8, 
240,7/10/2019,1400,191,0.03, ,0, ,1718, ,12.8, ,88.4, ,28, ,51, ,7.9, ,321, ,74.9, 
240,7/10/2019,1500,191,0.03, ,0, ,1499, ,12.9, ,89, ,28, ,51.3, ,9.2, ,325, ,75.2, 
240,7/10/2019,1600,191,0.02, ,0, ,1180, ,12.6, ,87.6, ,28, ,50.7, ,11.8, ,328, ,75.5, 
240,7/10/2019,1700,191,0.02, ,0, ,811, ,11.2, ,85.9, ,26, ,47.5, ,10.7, ,327, ,75.9, 
240,7/10/2019,1800,191,0.01, ,0, ,429, ,10, ,83.4, ,26, ,44.5, ,9.5, ,332, ,76.2, 
240,7/10/2019,1900,191,0.01, ,0, ,107, ,9.2, ,79.7, ,27, ,42.5, ,8.4, ,327, ,76.5, 
240,7/10/2019,2000,191,0, ,0, ,2, ,11.4, ,75.6, ,38, ,47.9, ,6.9, ,336, ,76.7, 
240,7/10/2019,2100,191,0, ,0, ,0, ,12.9, ,72.6, ,47, ,51.3, ,7, ,344, ,76.8, 
240,7/10/2019,2200,191,0, ,0, ,0, ,12.6, ,70, ,50, ,50.8, ,5.8, ,2, ,76.8, 
240,7/10/2019,2300,191,0, ,0, ,0, ,12.4, ,67.2, ,54, ,50.3, ,4.8, ,0, ,76.7, 
240,7/10/2019,2400,191,0, ,0, ,0, ,11.9, ,65.3, ,56, ,49.1, ,2.9, ,21, ,76.6, 
240,7/11/2019,0100,192,0, ,0, ,0, ,12, ,64.4, ,58, ,49.3, ,1.6, ,29, ,76.5, 
240,7/11/2019,0200,192,0, ,0, ,0, ,11.9, ,61.4, ,64, ,49.2, ,2, ,287, ,76.4, 
240,7/11/2019,0300,192,0, ,0, ,0, ,11, ,59.2, ,64, ,46.9, ,1.6, ,268, ,76.2, 
240,7/11/2019,0400,192,0, ,0, ,0, ,10.5, ,58.2, ,63, ,45.8, ,2.8, ,275, ,76, 
240,7/11/2019,0500,192,0, ,0, ,4, ,10.6, ,56.9, ,67, ,46, ,1.8, ,271, ,75.8, 
240,7/11/2019,0600,192,0, ,0, ,169, ,10.5, ,57.6, ,65, ,45.9, ,2, ,279, ,75.7, 
240,7/11/2019,0700,192,0.01, ,0, ,534, ,12.6, ,64.8, ,60, ,50.7, ,3.1, ,9, ,75.4, 
240,7/11/2019,0800,192,0.01, ,0, ,937, ,13.2, ,71.3, ,51, ,52, ,3.5, ,347, ,75.2, 
240,7/11/2019,0900,192,0.02, ,0, ,1319, ,11.7, ,77.6, ,36, ,48.7, ,3.9, ,327, ,75, 
240,7/11/2019,1000,192,0.02, ,0, ,1638, ,11, ,82.3, ,29, ,47, ,3.5, ,275, ,74.9, 
240,7/11/2019,1100,192,0.03, ,0, ,1854, ,10.1, ,86.4, ,24, ,44.9, ,4, ,198, ,74.8, 
240,7/11/2019,1200,192,0.03, ,0, ,1925, ,9.8, ,89.9, ,20, ,44.1, ,5.1, ,328, ,74.8, 
240,7/11/2019,1300,192,0.03, ,0, ,1914, ,9.6, ,91.7, ,19, ,43.5, ,8.3, ,328, ,74.9, 
240,7/11/2019,1400,192,0.03, ,0, ,1770, ,10, ,92.9, ,19, ,44.6, ,7.8, ,338, ,75.1, 
240,7/11/2019,1500,192,0.03, ,0, ,1526, ,10.6, ,93.5, ,20, ,46.2, ,7.8, ,337, ,75.4, 
240,7/11/2019,1600,192,0.03, ,0, ,1208, ,11.4, ,93.4, ,21, ,47.9, ,10.8, ,335, ,75.7, 
240,7/11/2019,1700,192,0.02, ,0, ,831, ,11.8, ,90.1, ,24, ,49, ,11, ,315, ,76.1, 
240,7/11/2019,1800,192,0.01, ,0, ,448, ,9.8, ,86.7, ,23, ,44, ,10.7, ,316, ,76.4, 
240,7/11/2019,1900,192,0.01, ,0, ,111, ,8.7, ,82.9, ,23, ,40.9, ,8.1, ,325, ,76.7, 
240,7/11/2019,2000,192,0, ,0, ,1, ,8.2, ,78.7, ,24, ,39.4, ,5.4, ,350, ,76.9, 
240,7/11/2019,2100,192,0, ,0, ,0, ,10, ,76.1, ,33, ,44.7, ,4.1, ,352, ,77.1, 
240,7/11/2019,2200,192,0, ,0, ,0, ,12, ,72.8, ,43, ,49.3, ,3.5, ,342, ,77.1, 
240,7/11/2019,2300,192,0, ,0, ,0, ,12, ,70.7, ,47, ,49.3, ,4.1, ,7, ,77.1, 
240,7/11/2019,2400,192,0, ,0, ,0, ,12.7, ,69.3, ,52, ,50.9, ,3.7, ,341, ,77, 
240,7/12/2019,0100,193,0, ,0, ,0, ,12.6, ,66.3, ,57, ,50.7, ,1.8, ,14, ,76.9, 
240,7/12/2019,0200,193,0, ,0, ,0, ,11.9, ,63.9, ,59, ,49.2, ,1.9, ,248, ,76.8, 
240,7/12/2019,0300,193,0, ,0, ,0, ,11.7, ,61.9, ,62, ,48.8, ,1.8, ,262, ,76.8, 
240,7/12/2019,0400,193,0, ,0, ,0, ,11.3, ,60.5, ,63, ,47.8, ,1.4, ,307, ,76.7, 
240,7/12/2019,0500,193,0, ,0, ,3, ,11.1, ,59.5, ,64, ,47.3, ,1.5, ,302, ,76.6, 
240,7/12/2019,0600,193,0, ,0, ,155, ,11, ,60.7, ,61, ,47.1, ,1.9, ,313, ,76.4, 
240,7/12/2019,0700,193,0.01, ,0, ,507, ,13.3, ,67.8, ,57, ,52.2, ,2.3, ,349, ,76.1, 
240,7/12/2019,0800,193,0.01, ,0, ,903, ,14.1, ,73.6, ,50, ,53.8, ,2.2, ,308, ,75.9, 
240,7/12/2019,0900,193,0.02, ,0, ,1268, ,14, ,80.1, ,40, ,53.5, ,2.6, ,168, ,75.7, 
240,7/12/2019,1000,193,0.02, ,0, ,1559, ,12.9, ,85.6, ,31, ,51.4, ,2.6, ,332, ,75.5, 
240,7/12/2019,1100,193,0.03, ,0, ,1811, ,12.2, ,89.3, ,26, ,49.9, ,3.8, ,228, ,75.5, 
240,7/12/2019,1200,193,0.03, ,0, ,1894, ,11.6, ,92.6, ,22, ,48.5, ,4.1, ,207, ,75.5, 
240,7/12/2019,1300,193,0.03, ,0, ,1869, ,11.6, ,94.7, ,21, ,48.5, ,7.8, ,342, ,75.6, 
240,7/12/2019,1400,193,0.03, ,0, ,1714, ,12.3, ,95.8, ,21, ,50.1, ,8.2, ,334, ,75.8, 
240,7/12/2019,1500,193,0.03, ,0, ,1495, ,12.5, ,96.6, ,21, ,50.4, ,8.5, ,337, ,76.1, 
240,7/12/2019,1600,193,0.03, ,0, ,1189, ,13.1, ,95.6, ,23, ,51.8, ,10.8, ,329, ,76.4, 
240,7/12/2019,1700,193,0.02, ,0, ,825, ,12.9, ,93.9, ,24, ,51.3, ,10.7, ,332, ,76.8, 
240,7/12/2019,1800,193,0.01, ,0, ,444, ,12.4, ,90.7, ,25, ,50.3, ,8.9, ,322, ,77.1, 
240,7/12/2019,1900,193,0.01, ,0, ,108, ,10.2, ,85.8, ,24, ,45.2, ,8.8, ,326, ,77.5, 
240,7/12/2019,2000,193,0, ,0, ,1, ,9.7, ,81.7, ,26, ,43.6, ,4.2, ,14, ,77.7, 
240,7/12/2019,2100,193,0, ,0, ,0, ,12.3, ,77.9, ,37, ,49.9, ,4, ,31, ,77.8, 
240,7/12/2019,2200,193,0, ,0, ,0, ,13.4, ,75.5, ,45, ,52.4, ,3.4, ,346, ,77.9, 
240,7/12/2019,2300,193,0, ,0, ,0, ,13.3, ,72.5, ,49, ,52.1, ,3.2, ,12, ,77.8, 
240,7/12/2019,2400,193,0, ,0, ,0, ,13.5, ,69.9, ,54, ,52.6, ,1.9, ,16, ,77.8, 
240,7/13/2019,0100,194,0, ,0, ,0, ,13.7, ,68, ,59, ,52.9, ,1.9, ,303, ,77.7, 
240,7/13/2019,0200,194,0, ,0, ,0, ,13.1, ,67.1, ,58, ,51.7, ,2, ,198, ,77.6, 
240,7/13/2019,0300,194,0, ,0, ,0, ,12.8, ,64.1, ,63, ,51.2, ,1.7, ,274, ,77.5, 
240,7/13/2019,0400,194,0, ,0, ,0, ,12.8, ,62.9, ,65, ,51.1, ,1.5, ,337, ,76.6, 
240,7/13/2019,0500,194,0, ,0, ,4, ,13.2, ,62.1, ,69, ,51.9, ,2.3, ,332, ,76.5, 
240,7/13/2019,0600,194,0, ,0, ,154, ,13.4, ,63.4, ,67, ,52.4, ,1.7, ,251, ,76.4, 
240,7/13/2019,0700,194,0.01, ,0, ,503, ,14.7, ,70.1, ,58, ,54.8, ,1.7, ,236, ,76.2, 
240,7/13/2019,0800,194,0.01, ,0, ,897, ,15.3, ,77.5, ,48, ,56, ,2.2, ,164, ,76.1, 
240,7/13/2019,0900,194,0.02, ,0, ,1267, ,13.5, ,83.6, ,34, ,52.6, ,4.4, ,164, ,76, 
240,7/13/2019,1000,194,0.03, ,0, ,1571, ,13, ,87.6, ,29, ,51.6, ,4.7, ,183, ,75.9, 
240,7/13/2019,1100,194,0.03, ,0, ,1699, ,11.5, ,92.8, ,22, ,48.2, ,3.9, ,130, ,75.9, 
240,7/13/2019,1200,194,0.03, ,0, ,1788, ,12.5, ,95, ,22, ,50.5, ,7.1, ,330, ,75.9, 
240,7/13/2019,1300,194,0.03, ,0, ,1840, ,12.4, ,95.4, ,22, ,50.3, ,7.8, ,197, ,76, 
240,7/13/2019,1400,194,0.03, ,0, ,1730, ,11.8, ,96.7, ,20, ,48.9, ,6.8, ,172, ,76.2, 
240,7/13/2019,1500,194,0.03, ,0, ,1512, ,10.3, ,96.6, ,17, ,45.2, ,8.2, ,168, ,76.4, 
240,7/13/2019,1600,194,0.02, ,0, ,1195, ,13.4, ,95.5, ,23, ,52.3, ,6.1, ,314, ,76.7, 
240,7/13/2019,1700,194,0.02, ,0, ,812, ,12.7, ,93.8, ,23, ,50.9, ,7.2, ,358, ,77, 
240,7/13/2019,1800,194,0.01, ,0, ,436, ,13.8, ,90.8, ,28, ,53.2, ,7.1, ,349, ,77.3, 
240,7/13/2019,1900,194,0, ,0, ,109, ,12.9, ,86.5, ,30, ,51.3, ,4.1, ,356, ,77.6, 
240,7/13/2019,2000,194,0, ,0, ,1, ,13, ,81.8, ,35, ,51.5, ,3.6, ,32, ,77.8, 
240,7/13/2019,2100,194,0, ,0, ,0, ,13.1, ,78.5, ,39, ,51.8, ,4.3, ,67, ,78, 
240,7/13/2019,2200,194,0, ,0, ,0, ,13.9, ,74.8, ,47, ,53.4, ,6.1, ,126, ,78, 
240,7/13/2019,2300,194,0, ,0, ,0, ,14.5, ,71.8, ,54, ,54.4, ,4, ,174, ,78, 
240,7/13/2019,2400,194,0, ,0, ,0, ,14.9, ,69.1, ,61, ,55.3, ,2.6, ,171, ,78, 
240,7/14/2019,0100,195,0, ,0, ,0, ,15.2, ,67.8, ,65, ,55.7, ,3.7, ,132, ,77.9, 
240,7/14/2019,0200,195,0, ,0, ,0, ,15.1, ,65.7, ,70, ,55.6, ,2.6, ,139, ,77.8, 
240,7/14/2019,0300,195,0, ,0, ,0, ,14.8, ,62.6, ,77, ,55.1, ,1.4, ,291, ,77.6, 
240,7/14/2019,0400,195,0, ,0, ,0, ,13.5, ,59.1, ,79, ,52.5, ,2.5, ,270, ,77.2, 
240,7/14/2019,0500,195,0, ,0, ,3, ,14.4, ,59.7, ,82, ,54.4, ,1.4, ,18, ,76.7, 
240,7/14/2019,0600,195,0, ,0, ,175, ,14.7, ,61.7, ,78, ,54.9, ,2.3, ,328, ,76.3, 
240,7/14/2019,0700,195,0.01, ,0, ,541, ,15.1, ,65.3, ,71, ,55.6, ,2.1, ,327, ,76.1, 
240,7/14/2019,0800,195,0.01, ,0, ,941, ,16.2, ,73.6, ,57, ,57.5, ,2.3, ,23, ,75.9, 
240,7/14/2019,0900,195,0.02, ,0, ,1324, ,13.8, ,80.7, ,39, ,53.2, ,2.7, ,144, ,75.7, 
240,7/14/2019,1000,195,0.03, ,0, ,1642, ,11.2, ,86.7, ,26, ,47.6, ,3, ,185, ,75.7, 
240,7/14/2019,1100,195,0.03, ,0, ,1737, ,9.1, ,92.1, ,18, ,42, ,3.5, ,193, ,75.7, 
240,7/14/2019,1200,195,0.03, ,0, ,1933, ,8, ,95.5, ,14, ,38.7, ,4.1, ,173, ,75.7, 
240,7/14/2019,1300,195,0.04, ,0, ,1892, ,12.2, ,96, ,21, ,49.7, ,9.6, ,329, ,75.8, 
240,7/14/2019,1400,195,0.03, ,0, ,1753, ,12.4, ,96, ,21, ,50.2, ,10.3, ,336, ,76, 
240,7/14/2019,1500,195,0.03, ,0, ,1534, ,10.7, ,96.7, ,18, ,46.4, ,10.6, ,341, ,76.1, 
240,7/14/2019,1600,195,0.03, ,0, ,1213, ,10.8, ,95.5, ,19, ,46.6, ,10.9, ,329, ,76.3, 
240,7/14/2019,1700,195,0.02, ,0, ,846, ,8.6, ,93, ,16, ,40.5, ,11, ,332, ,76.5, 
240,7/14/2019,1800,195,0.01, ,0, ,456, ,6.6, ,90, ,14, ,34, ,10.2, ,336, ,76.7, 
240,7/14/2019,1900,195,0.01, ,0, ,118, ,7.7, ,85.3, ,19, ,37.9, ,8, ,333, ,76.8, 
240,7/14/2019,2000,195,0, ,0, ,1, ,10.9, ,79.1, ,32, ,46.8, ,7.9, ,338, ,76.9, 
240,7/14/2019,2100,195,0, ,0, ,0, ,12.9, ,74.3, ,45, ,51.3, ,7.2, ,324, ,77, 
240,7/14/2019,2200,195,0, ,0, ,0, ,12.5, ,71.3, ,48, ,50.5, ,3.8, ,325, ,77, 
240,7/14/2019,2300,195,0, ,0, ,0, ,12.2, ,69.6, ,49, ,49.8, ,1.7, ,49, ,77, 
240,7/14/2019,2400,195,0, ,0, ,0, ,12.1, ,68.7, ,50, ,49.6, ,2.3, ,7, ,76.9, 
240,7/15/2019,0100,196,0, ,0, ,0, ,11.5, ,63.7, ,57, ,48.3, ,1.7, ,285, ,76.8, 
240,7/15/2019,0200,196,0, ,0, ,0, ,11.1, ,61.5, ,59, ,47.2, ,2, ,250, ,76.7, 
240,7/15/2019,0300,196,0, ,0, ,0, ,11, ,61, ,60, ,47.1, ,2, ,271, ,76.6, 
240,7/15/2019,0400,196,0, ,0, ,0, ,11.2, ,59.6, ,64, ,47.4, ,1.6, ,349, ,76, 
240,7/15/2019,0500,196,0, ,0, ,3, ,11.3, ,57.5, ,70, ,47.9, ,1.9, ,271, ,75.6, 
240,7/15/2019,0600,196,0, ,0, ,170, ,11.3, ,58, ,69, ,47.9, ,2.3, ,275, ,75.3, 
240,7/15/2019,0700,196,0.01, ,0, ,545, ,13, ,66.6, ,58, ,51.5, ,2.5, ,12, ,75.1, 
240,7/15/2019,0800,196,0.01, ,0, ,949, ,13.2, ,75.1, ,44, ,51.9, ,1.9, ,232, ,74.9, 
240,7/15/2019,0900,196,0.02, ,0, ,1326, ,12, ,81.4, ,33, ,49.3, ,2.3, ,191, ,74.8, 
240,7/15/2019,1000,196,0.03, ,0, ,1635, ,10.2, ,86.7, ,24, ,45.1, ,3.9, ,210, ,74.8, 
240,7/15/2019,1100,196,0.03, ,0, ,1782, ,9.8, ,91.6, ,19, ,43.9, ,3.9, ,187, ,74.8, 
240,7/15/2019,1200,196,0.03, ,0, ,1889, ,9.3, ,94.4, ,17, ,42.5, ,6.6, ,216, ,74.9, 
240,7/15/2019,1300,196,0.03, ,0, ,1885, ,9.7, ,95.8, ,17, ,43.8, ,6.8, ,181, ,75, 
240,7/15/2019,1400,196,0.03, ,0, ,1751, ,10.4, ,95.7, ,18, ,45.6, ,7.1, ,166, ,75.1, 
240,7/15/2019,1500,196,0.03, ,0, ,1545, ,8.7, ,96.3, ,15, ,41, ,12.6, ,316, ,75.3, 
240,7/15/2019,1600,196,0.03, ,0, ,1227, ,9.6, ,94.2, ,17, ,43.5, ,14.4, ,323, ,75.5, 
240,7/15/2019,1700,196,0.02, ,0, ,851, ,10.5, ,92.2, ,20, ,45.8, ,11.8, ,320, ,75.7, 
240,7/15/2019,1800,196,0.01, ,0, ,467, ,11, ,89.6, ,23, ,46.9, ,11.5, ,331, ,76, 
240,7/15/2019,1900,196,0.01, ,0, ,119, ,9.9, ,85, ,24, ,44.3, ,6.5, ,317, ,76.1, 
240,7/15/2019,2000,196,0, ,0, ,1, ,12.2, ,80.6, ,34, ,49.9, ,4.5, ,124, ,76.3, 
240,7/15/2019,2100,196,0, ,0, ,0, ,13.7, ,77.1, ,43, ,52.9, ,5, ,143, ,76.3, 
240,7/15/2019,2200,196,0, ,0, ,0, ,13.6, ,74.7, ,46, ,52.8, ,3.2, ,191, ,76.4, 
240,7/15/2019,2300,196,0, ,0, ,0, ,12.8, ,70.2, ,51, ,51.2, ,1.7, ,227, ,76.4, 
240,7/15/2019,2400,196,0, ,0, ,0, ,11.3, ,66.5, ,51, ,47.8, ,2, ,281, ,76.4, 
240,7/16/2019,0100,197,0, ,0, ,0, ,11.4, ,65.4, ,53, ,48, ,1.5, ,259, ,76.3, 
240,7/16/2019,0200,197,0, ,0, ,0, ,11.1, ,62.1, ,58, ,47.2, ,1.5, ,257, ,76.2, 
240,7/16/2019,0300,197,0, ,0, ,0, ,11.1, ,60.4, ,62, ,47.3, ,1.7, ,322, ,76.1, 
240,7/16/2019,0400,197,0, ,0, ,0, ,11.3, ,61.3, ,61, ,47.8, ,2.5, ,26, ,76, 
240,7/16/2019,0500,197,0, ,0, ,3, ,11.5, ,58.7, ,68, ,48.2, ,1.8, ,329, ,75.8, 
240,7/16/2019,0600,197,0, ,0, ,168, ,11.6, ,60.2, ,65, ,48.4, ,1.8, ,303, ,75.7, 
240,7/16/2019,0700,197,0.01, ,0, ,543, ,12.3, ,70, ,49, ,50, ,1.4, ,323, ,75.5, 
240,7/16/2019,0800,197,0.01, ,0, ,942, ,11.7, ,75.1, ,39, ,48.8, ,2.1, ,175, ,75.3, 
240,7/16/2019,0900,197,0.02, ,0, ,1313, ,10.8, ,80.2, ,31, ,46.5, ,4.5, ,186, ,75.2, 
240,7/16/2019,1000,197,0.03, ,0, ,1625, ,9.2, ,84.8, ,23, ,42.4, ,7, ,171, ,75.1, 
240,7/16/2019,1100,197,0.03, ,0, ,1830, ,9.1, ,87.4, ,20, ,42, ,8.3, ,177, ,75, 
240,7/16/2019,1200,197,0.03, ,0, ,1929, ,9.4, ,89.5, ,20, ,42.9, ,7.9, ,189, ,75, 
240,7/16/2019,1300,197,0.04, ,0, ,1910, ,8.8, ,90.9, ,18, ,41.3, ,9.1, ,169, ,75.1, 
240,7/16/2019,1400,197,0.04, ,0, ,1776, ,8.9, ,91.4, ,18, ,41.5, ,11.9, ,184, ,75.1, 
240,7/16/2019,1500,197,0.03, ,0, ,1534, ,9.2, ,90.3, ,19, ,42.3, ,12.7, ,184, ,75.3, 
240,7/16/2019,1600,197,0.03, ,0, ,1220, ,9, ,90.2, ,19, ,41.9, ,11.3, ,182, ,75.5, 
240,7/16/2019,1700,197,0.02, ,0, ,851, ,10, ,88.3, ,22, ,44.6, ,9.8, ,176, ,75.7, 
240,7/16/2019,1800,197,0.01, ,0, ,449, ,10.7, ,86, ,25, ,46.4, ,8.5, ,160, ,75.9, 
240,7/16/2019,1900,197,0.01, ,0, ,109, ,11.4, ,81.2, ,31, ,48.1, ,8.7, ,134, ,76.1, 
240,7/16/2019,2000,197,0, ,0, ,1, ,12.2, ,75.7, ,40, ,49.7, ,8, ,133, ,76.2, 
240,7/16/2019,2100,197,0, ,0, ,0, ,12.6, ,72.6, ,46, ,50.7, ,7.2, ,134, ,76.3, 
240,7/16/2019,2200,197,0, ,0, ,0, ,13.5, ,70, ,54, ,52.5, ,5.4, ,148, ,76.4, 
240,7/16/2019,2300,197,0, ,0, ,0, ,14.1, ,68.1, ,60, ,53.7, ,4.7, ,159, ,76.4, 
240,7/16/2019,2400,197,0, ,0, ,0, ,15, ,65.5, ,70, ,55.4, ,4.7, ,172, ,76.3, 
240,7/17/2019,0100,198,0, ,0, ,0, ,15.5, ,64, ,76, ,56.3, ,3.7, ,186, ,76.2, 
240,7/17/2019,0200,198,0, ,0, ,0, ,14.8, ,62, ,78, ,55, ,2.8, ,248, ,76.1, 
240,7/17/2019,0300,198,0, ,0, ,0, ,13.8, ,58.8, ,81, ,53.1, ,1.8, ,314, ,76, 
240,7/17/2019,0400,198,0, ,0, ,0, ,13.5, ,60.4, ,76, ,52.6, ,2.9, ,175, ,75.5, 
240,7/17/2019,0500,198,0, ,0, ,3, ,12.6, ,56.4, ,82, ,50.8, ,2.3, ,334, ,75, 
240,7/17/2019,0600,198,0, ,0, ,167, ,13.8, ,57.9, ,84, ,53.1, ,1.9, ,330, ,74.7, 
240,7/17/2019,0700,198,0.01, ,0, ,529, ,14.2, ,62.5, ,74, ,53.9, ,2.1, ,312, ,74.4, 
240,7/17/2019,0800,198,0.01, ,0, ,921, ,14.8, ,69.9, ,59, ,55.1, ,1.9, ,204, ,74.3, 
240,7/17/2019,0900,198,0.02, ,0, ,1269, ,13.2, ,74.8, ,45, ,51.9, ,4.5, ,207, ,74.1, 
240,7/17/2019,1000,198,0.03, ,0, ,1605, ,10.2, ,80.3, ,29, ,45.1, ,7.9, ,193, ,74.1, 
240,7/17/2019,1100,198,0.03, ,0, ,1809, ,9.4, ,82.8, ,25, ,43, ,8.9, ,190, ,74.1, 
240,7/17/2019,1200,198,0.03, ,0, ,1900, ,10.1, ,84.5, ,25, ,44.8, ,9.2, ,178, ,74.1, 
240,7/17/2019,1300,198,0.03, ,0, ,1887, ,10.6, ,86.4, ,25, ,46, ,10, ,188, ,74.2, 
240,7/17/2019,1400,198,0.03, ,0, ,1774, ,10.3, ,86.2, ,24, ,45.4, ,12.1, ,182, ,74.4, 
240,7/17/2019,1500,198,0.03, ,0, ,1553, ,10.8, ,84.7, ,26, ,46.5, ,13.8, ,181, ,74.5, 
240,7/17/2019,1600,198,0.03, ,0, ,1238, ,11.1, ,83.6, ,28, ,47.4, ,13.5, ,189, ,74.7, 
240,7/17/2019,1700,198,0.02, ,0, ,861, ,10.4, ,82, ,28, ,45.6, ,12.9, ,180, ,74.9, 
240,7/17/2019,1800,198,0.01, ,0, ,454, ,11, ,79.4, ,32, ,47.1, ,11.1, ,174, ,75.1, 
240,7/17/2019,1900,198,0.01, ,0, ,107, ,12.2, ,75.9, ,40, ,49.9, ,9.2, ,161, ,75.3, 
240,7/17/2019,2000,198,0, ,0, ,1, ,14.7, ,69.9, ,59, ,54.8, ,7.2, ,125, ,75.3, 
240,7/17/2019,2100,198,0, ,0, ,0, ,15, ,67.5, ,65, ,55.5, ,5.4, ,144, ,75.4, 
240,7/17/2019,2200,198,0, ,0, ,0, ,14.9, ,66.4, ,67, ,55.3, ,3.3, ,169, ,75.5, 
240,7/17/2019,2300,198,0, ,0, ,0, ,15.1, ,65.8, ,70, ,55.6, ,3.4, ,157, ,75.4, 
240,7/17/2019,2400,198,0, ,0, ,0, ,15, ,64.7, ,72, ,55.4, ,3.6, ,118, ,75.4, 
240,7/18/2019,0100,199,0, ,0, ,0, ,14.8, ,63, ,75, ,55.1, ,2.6, ,90, ,75.3, 
240,7/18/2019,0200,199,0, ,0, ,0, ,14.8, ,61.4, ,79, ,55, ,2.5, ,50, ,75.2, 
240,7/18/2019,0300,199,0, ,0, ,0, ,14.5, ,59.1, ,85, ,54.5, ,1.9, ,11, ,75.1, 
240,7/18/2019,0400,199,0, ,0, ,0, ,14, ,57, ,89, ,53.6, ,1.6, ,275, ,75, 
240,7/18/2019,0500,199,0, ,0, ,3, ,14, ,56.9, ,88, ,53.5, ,2.3, ,250, ,74.9, 
240,7/18/2019,0600,199,0, ,0, ,164, ,13.3, ,56.8, ,84, ,52.2, ,2.4, ,256, ,74.7, 
240,7/18/2019,0700,199,0.01, ,0, ,511, ,14.7, ,64.6, ,71, ,54.8, ,1.3, ,285, ,74.6, 
240,7/18/2019,0800,199,0.01, ,0, ,905, ,15.7, ,68.3, ,66, ,56.6, ,2.2, ,329, ,74.4, 
240,7/18/2019,0900,199,0.02, ,0, ,1272, ,15.1, ,73.4, ,54, ,55.7, ,2.8, ,164, ,74.3, 
240,7/18/2019,1000,199,0.02, ,0, ,1580, ,13.7, ,78.2, ,42, ,53, ,5.3, ,192, ,74.2, 
240,7/18/2019,1100,199,0.03, ,0, ,1794, ,11.5, ,82.8, ,30, ,48.2, ,4.4, ,177, ,74.1, 
240,7/18/2019,1200,199,0.03, ,0, ,1887, ,10.7, ,85.3, ,26, ,46.4, ,6, ,168, ,74.1, 
240,7/18/2019,1300,199,0.03, ,0, ,1871, ,10.9, ,86.9, ,25, ,46.8, ,6.6, ,182, ,74.2, 
240,7/18/2019,1400,199,0.03, ,0, ,1745, ,11.4, ,87.8, ,25, ,48, ,8.9, ,170, ,74.3, 
240,7/18/2019,1500,199,0.03, ,0, ,1501, ,12.7, ,87.7, ,28, ,50.9, ,10.9, ,180, ,74.4, 
240,7/18/2019,1600,199,0.02, ,0, ,1188, ,12.8, ,86.5, ,30, ,51, ,11.9, ,176, ,74.6, 
240,7/18/2019,1700,199,0.02, ,0, ,817, ,12.9, ,84.6, ,32, ,51.2, ,11.2, ,176, ,74.8, 
240,7/18/2019,1800,199,0.01, ,0, ,428, ,13.4, ,81.2, ,37, ,52.4, ,10.2, ,181, ,75.1, 
240,7/18/2019,1900,199,0, ,0, ,99, ,13.7, ,77, ,43, ,52.9, ,8.5, ,162, ,75.3, 
240,7/18/2019,2000,199,0, ,0, ,1, ,14.1, ,71.4, ,54, ,53.7, ,8.3, ,126, ,75.5, 
240,7/18/2019,2100,199,0, ,0, ,0, ,14.4, ,68.1, ,61, ,54.4, ,7.3, ,129, ,75.6, 
240,7/18/2019,2200,199,0, ,0, ,0, ,14.7, ,65.4, ,69, ,54.8, ,6.9, ,130, ,75.7, 
240,7/18/2019,2300,199,0, ,0, ,0, ,14.7, ,63.4, ,74, ,54.9, ,6.6, ,131, ,75.6, 
240,7/18/2019,2400,199,0, ,0, ,0, ,14.6, ,62, ,77, ,54.7, ,6.4, ,142, ,75.6, 
240,7/19/2019,0100,200,0, ,0, ,0, ,14.4, ,60.7, ,80, ,54.3, ,3.8, ,187, ,75.5, 
240,7/19/2019,0200,200,0, ,0, ,0, ,14.5, ,60.3, ,81, ,54.5, ,3.1, ,167, ,75.5, 
240,7/19/2019,0300,200,0, ,0, ,0, ,14.5, ,59.6, ,83, ,54.5, ,3.2, ,173, ,75.4, 
240,7/19/2019,0400,200,0, ,0, ,0, ,13.2, ,56, ,86, ,52, ,1.7, ,329, ,74.8, 
240,7/19/2019,0500,200,0, ,0, ,3, ,13.4, ,56.2, ,87, ,52.4, ,1.5, ,254, ,74.4, 
240,7/19/2019,0600,200,0, ,0, ,198, ,14, ,57.8, ,86, ,53.6, ,3.8, ,189, ,74.2, 
240,7/19/2019,0700,200,0.01, ,0, ,549, ,14.3, ,59.2, ,84, ,54.2, ,4.6, ,172, ,73.9, 
240,7/19/2019,0800,200,0.01, ,0, ,931, ,14.8, ,62, ,78, ,55, ,4.1, ,140, ,73.8, 
240,7/19/2019,0900,200,0.02, ,0, ,1272, ,14.5, ,66.9, ,64, ,54.5, ,3, ,172, ,73.7, 
240,7/19/2019,1000,200,0.02, ,0, ,1594, ,13.9, ,72.1, ,52, ,53.3, ,4.6, ,185, ,73.6, 
240,7/19/2019,1100,200,0.03, ,0, ,1805, ,12.9, ,76.7, ,41, ,51.4, ,4.4, ,168, ,73.6, 
240,7/19/2019,1200,200,0.03, ,0, ,1889, ,11.5, ,80.1, ,33, ,48.3, ,5.2, ,174, ,73.7, 
240,7/19/2019,1300,200,0.03, ,0, ,1863, ,11.8, ,82.3, ,31, ,48.9, ,6.4, ,186, ,73.8, 
240,7/19/2019,1400,200,0.03, ,0, ,1730, ,12, ,83.6, ,31, ,49.4, ,10.3, ,148, ,73.9, 
240,7/19/2019,1500,200,0.03, ,0, ,1512, ,11.2, ,83.9, ,28, ,47.4, ,8.5, ,177, ,74.1, 
240,7/19/2019,1600,200,0.02, ,0, ,1199, ,8.7, ,83.9, ,22, ,40.8, ,9.9, ,185, ,74.3, 
240,7/19/2019,1700,200,0.02, ,0, ,827, ,7.8, ,81.9, ,21, ,38.2, ,10.3, ,182, ,74.5, 
240,7/19/2019,1800,200,0.01, ,0, ,444, ,6.3, ,79.9, ,18, ,32.9, ,8.3, ,172, ,74.7, 
240,7/19/2019,1900,200,0, ,0, ,101, ,10.7, ,75.5, ,36, ,46.4, ,5.4, ,71, ,74.9, 
240,7/19/2019,2000,200,0, ,0, ,1, ,12, ,70.8, ,47, ,49.4, ,5.4, ,47, ,75, 
240,7/19/2019,2100,200,0, ,0, ,0, ,12.2, ,67, ,54, ,49.8, ,6.5, ,123, ,75.1, 
240,7/19/2019,2200,200,0, ,0, ,0, ,13.1, ,63.7, ,65, ,51.8, ,7.1, ,131, ,75.2, 
240,7/19/2019,2300,200,0, ,0, ,0, ,13.6, ,61.4, ,73, ,52.8, ,7, ,133, ,75.2, 
240,7/19/2019,2400,200,0, ,0, ,0, ,13.8, ,60.2, ,78, ,53.2, ,4.6, ,168, ,75.1, 
240,7/20/2019,0100,201,0, ,0, ,0, ,13.9, ,59.1, ,82, ,53.4, ,4.2, ,169, ,75, 
240,7/20/2019,0200,201,0, ,0, ,0, ,14, ,58.3, ,84, ,53.5, ,4.6, ,147, ,75, 
240,7/20/2019,0300,201,0, ,0, ,0, ,14, ,56.9, ,88, ,53.5, ,4, ,184, ,75, 
240,7/20/2019,0400,201,0, ,0, ,0, ,13.9, ,56, ,91, ,53.4, ,3.7, ,182, ,74.9, 
240,7/20/2019,0500,201,0, ,0, ,2, ,13.7, ,53.9, ,97, ,53, ,3.7, ,155, ,74.5, 
240,7/20/2019,0600,201,0, ,0, ,44, ,14, ,54.1, ,98, ,53.6, ,2.9, ,139, ,74.1, 
240,7/20/2019,0700,201,0, ,0, ,196, ,14.6, ,55.8, ,96, ,54.6, ,2, ,289, ,73.8, 
240,7/20/2019,0800,201,0.01, ,0, ,672, ,14.8, ,59.1, ,87, ,55.1, ,3.1, ,290, ,73.5, 
240,7/20/2019,0900,201,0.02, ,0, ,1270, ,14.9, ,64.2, ,73, ,55.3, ,3, ,152, ,73.4, 
240,7/20/2019,1000,201,0.02, ,0, ,1584, ,13.6, ,70.3, ,54, ,52.8, ,2.8, ,140, ,73.3, 
240,7/20/2019,1100,201,0.03, ,0, ,1790, ,12.1, ,75.3, ,40, ,49.6, ,4.4, ,160, ,73.2, 
240,7/20/2019,1200,201,0.03, ,0, ,1889, ,10.2, ,80.1, ,29, ,45.1, ,3.9, ,142, ,73.2, 
240,7/20/2019,1300,201,0.03, ,0, ,1867, ,10, ,83.5, ,26, ,44.6, ,4.6, ,317, ,73.3, 
240,7/20/2019,1400,201,0.03, ,0, ,1735, ,11.3, ,85.8, ,27, ,47.8, ,4.8, ,295, ,73.4, 
240,7/20/2019,1500,201,0.03, ,0, ,1493, ,12.4, ,86.8, ,28, ,50.2, ,7.4, ,307, ,73.6, 
240,7/20/2019,1600,201,0.02, ,0, ,1165, ,13.5, ,85.9, ,32, ,52.5, ,7.1, ,241, ,73.7, 
240,7/20/2019,1700,201,0.02, ,0, ,799, ,14.1, ,83.7, ,36, ,53.8, ,8.5, ,198, ,74, 
240,7/20/2019,1800,201,0.01, ,0, ,422, ,13.1, ,81.5, ,36, ,51.7, ,9.3, ,334, ,74.2, 
240,7/20/2019,1900,201,0.01, ,0, ,98, ,12.3, ,77.1, ,39, ,50, ,9.1, ,336, ,74.4, 
240,7/20/2019,2000,201,0, ,0, ,1, ,12.5, ,72.9, ,45, ,50.5, ,7.8, ,351, ,74.6, 
240,7/20/2019,2100,201,0, ,0, ,0, ,13, ,70.3, ,51, ,51.5, ,4.3, ,15, ,74.7, 
240,7/20/2019,2200,201,0, ,0, ,0, ,13.3, ,68.4, ,56, ,52.2, ,3.9, ,17, ,74.8, 
240,7/20/2019,2300,201,0, ,0, ,0, ,13.2, ,67.1, ,58, ,51.9, ,2.4, ,73, ,74.8, 
240,7/20/2019,2400,201,0, ,0, ,0, ,13.5, ,65.4, ,63, ,52.5, ,2.5, ,222, ,74.7, 
240,7/21/2019,0100,202,0, ,0, ,0, ,13.3, ,62.8, ,68, ,52.1, ,3, ,8, ,74.7, 
240,7/21/2019,0200,202,0, ,0, ,0, ,13.7, ,62.2, ,72, ,53, ,3.7, ,1, ,74.7, 
240,7/21/2019,0300,202,0, ,0, ,0, ,13.6, ,60.8, ,75, ,52.7, ,1.8, ,269, ,74.7, 
240,7/21/2019,0400,202,0, ,0, ,0, ,13.1, ,59.2, ,76, ,51.6, ,2.4, ,254, ,74.7, 
240,7/21/2019,0500,202,0, ,0, ,2, ,13.3, ,58.6, ,79, ,52.2, ,2.1, ,324, ,74.7, 
240,7/21/2019,0600,202,0, ,0, ,143, ,13.1, ,60.6, ,73, ,51.8, ,2.5, ,30, ,74.4, 
240,7/21/2019,0700,202,0.01, ,0, ,496, ,13.7, ,64.4, ,66, ,52.9, ,3.9, ,348, ,74.1, 
240,7/21/2019,0800,202,0.01, ,0, ,880, ,14.6, ,69.9, ,58, ,54.7, ,2.6, ,8, ,73.9, 
240,7/21/2019,0900,202,0.02, ,0, ,1245, ,14.3, ,75.5, ,48, ,54.2, ,2.9, ,329, ,73.8, 
240,7/21/2019,1000,202,0.02, ,0, ,1555, ,13.5, ,80, ,39, ,52.5, ,3.1, ,312, ,73.6, 
240,7/21/2019,1100,202,0.03, ,0, ,1772, ,11.8, ,84.4, ,29, ,49, ,3.2, ,154, ,73.6, 
240,7/21/2019,1200,202,0.03, ,0, ,1869, ,11.2, ,88.6, ,24, ,47.4, ,4, ,250, ,73.6, 
240,7/21/2019,1300,202,0.03, ,0, ,1850, ,11.7, ,91.4, ,23, ,48.6, ,6.3, ,316, ,73.7, 
240,7/21/2019,1400,202,0.03, ,0, ,1716, ,12.6, ,93.4, ,24, ,50.7, ,9.2, ,347, ,73.8, 
240,7/21/2019,1500,202,0.03, ,0, ,1483, ,12.4, ,93.7, ,23, ,50.2, ,9.5, ,339, ,74, 
240,7/21/2019,1600,202,0.02, ,0, ,1179, ,12.7, ,93.7, ,23, ,50.8, ,9.8, ,338, ,74.2, 
240,7/21/2019,1700,202,0.02, ,0, ,812, ,13.3, ,91.6, ,26, ,52.2, ,11.1, ,326, ,74.4, 
240,7/21/2019,1800,202,0.01, ,0, ,422, ,14.3, ,87.6, ,32, ,54.1, ,9.6, ,323, ,74.6, 
240,7/21/2019,1900,202,0, ,0, ,96, ,15.6, ,81.4, ,43, ,56.6, ,7.4, ,125, ,74.8, 
240,7/21/2019,2000,202,0, ,0, ,1, ,16, ,75.8, ,53, ,57.3, ,7.7, ,133, ,74.9, 
240,7/21/2019,2100,202,0, ,0, ,0, ,15.9, ,72.9, ,57, ,57, ,4.9, ,167, ,75, 
240,7/21/2019,2200,202,0, ,0, ,0, ,15.7, ,70.4, ,62, ,56.8, ,3.5, ,214, ,75.1, 
240,7/21/2019,2300,202,0, ,0, ,0, ,15.3, ,69.5, ,62, ,56, ,2.1, ,20, ,75.1, 
240,7/21/2019,2400,202,0, ,0, ,0, ,12.7, ,67.8, ,55, ,51, ,4.2, ,27, ,75.1, 
240,7/22/2019,0100,203,0, ,0, ,0, ,12.9, ,65.6, ,60, ,51.3, ,2.3, ,34, ,75.1, 
240,7/22/2019,0200,203,0, ,0, ,0, ,13.5, ,64.5, ,65, ,52.5, ,1.6, ,303, ,75.1, 
240,7/22/2019,0300,203,0, ,0, ,0, ,13.6, ,63.4, ,68, ,52.8, ,1.4, ,348, ,75.2, 
240,7/22/2019,0400,203,0, ,0, ,0, ,14.2, ,63.3, ,72, ,54, ,1.8, ,335, ,75.3, 
240,7/22/2019,0500,203,0, ,0, ,1, ,14.2, ,63, ,72, ,53.9, ,1.8, ,11, ,75.2, 
240,7/22/2019,0600,203,0, ,0, ,107, ,13.8, ,62.8, ,71, ,53.1, ,2.1, ,287, ,75.1, 
240,7/22/2019,0700,203,0, ,0, ,271, ,14.5, ,66.7, ,65, ,54.5, ,2.3, ,348, ,74.9, 
240,7/22/2019,0800,203,0.01, ,0, ,571, ,14.6, ,69.9, ,58, ,54.6, ,2.8, ,309, ,74.7, 
240,7/22/2019,0900,203,0.01, ,0, ,930, ,14.7, ,74.8, ,50, ,55, ,2.9, ,216, ,74.6, 
240,7/22/2019,1000,203,0.02, ,0, ,1078, ,14.6, ,79.8, ,42, ,54.8, ,3.7, ,193, ,74.4, 
240,7/22/2019,1100,203,0.01, ,0, ,692, ,13.9, ,82.7, ,36, ,53.4, ,4.1, ,180, ,74.4, 
240,7/22/2019,1200,203,0.03, ,0, ,1720, ,14.3, ,85.5, ,34, ,54.2, ,4.3, ,173, ,74.4, 
240,7/22/2019,1300,203,0.03, ,0, ,1799, ,13.9, ,89.3, ,29, ,53.3, ,4.6, ,180, ,74.4, 
240,7/22/2019,1400,203,0.03, ,0, ,1673, ,12.9, ,91.3, ,26, ,51.3, ,8.4, ,180, ,74.5, 
240,7/22/2019,1500,203,0.03, ,0, ,1497, ,13.6, ,91.1, ,27, ,52.7, ,10.5, ,169, ,74.6, 
240,7/22/2019,1600,203,0.02, ,0, ,1036, ,13, ,89.9, ,27, ,51.4, ,10.1, ,177, ,74.8, 
240,7/22/2019,1700,203,0.01, ,0, ,493, ,11.9, ,87.4, ,27, ,49.2, ,10.5, ,178, ,75, 
240,7/22/2019,1800,203,0.01, ,0, ,256, ,9.5, ,85.9, ,22, ,43.2, ,9.5, ,171, ,75.2, 
240,7/22/2019,1900,203,0.01, ,0, ,90, ,10, ,84.8, ,25, ,44.6, ,5.9, ,168, ,75.4, 
240,7/22/2019,2000,203,0, ,0, ,1, ,13.8, ,80.7, ,39, ,53.1, ,8.9, ,352, ,75.5, 
240,7/22/2019,2100,203,0, ,0, ,0, ,14.1, ,78.4, ,42, ,53.6, ,6.5, ,342, ,75.7, 
240,7/22/2019,2200,203,0, ,0, ,0, ,13.8, ,77.1, ,43, ,53.1, ,5.3, ,358, ,75.7, 
240,7/22/2019,2300,203,0, ,0, ,0, ,14.1, ,76.6, ,45, ,53.6, ,2.8, ,36, ,75.7, 
240,7/22/2019,2400,203,0, ,0, ,0, ,13.9, ,76.2, ,45, ,53.3, ,4.7, ,156, ,75.7, 
240,7/23/2019,0100,204,0, ,0, ,0, ,14.7, ,74.6, ,50, ,54.8, ,4.9, ,124, ,75.6, 
240,7/23/2019,0200,204,0, ,0, ,0, ,14.3, ,74.1, ,50, ,54.2, ,2.5, ,148, ,75.5, 
240,7/23/2019,0300,204,0, ,0, ,0, ,13.5, ,73.7, ,48, ,52.6, ,2.9, ,14, ,75.5, 
240,7/23/2019,0400,204,0, ,0, ,0, ,15, ,72.8, ,55, ,55.5, ,3.4, ,316, ,75.4, 
240,7/23/2019,0500,204,0, ,0, ,0, ,15.7, ,71.7, ,59, ,56.7, ,2.7, ,261, ,75.3, 
240,7/23/2019,0600,204,0, ,0, ,45, ,15.5, ,72.2, ,57, ,56.3, ,3.3, ,360, ,75.3, 
240,7/23/2019,0700,204,0, ,0, ,255, ,15.7, ,74.1, ,55, ,56.6, ,3.2, ,271, ,75.2, 
240,7/23/2019,0800,204,0.01, ,0, ,514, ,15.7, ,77.1, ,49, ,56.7, ,4.1, ,281, ,75.1, 
240,7/23/2019,0900,204,0.01, ,0, ,793, ,14.9, ,82, ,40, ,55.2, ,2.6, ,196, ,75, 
240,7/23/2019,1000,204,0.01, ,0, ,601, ,14.2, ,84.9, ,35, ,53.9, ,2.5, ,216, ,74.9, 
240,7/23/2019,1100,204,0.01, ,0, ,910, ,14.2, ,88.6, ,31, ,53.9, ,2.3, ,302, ,74.9, 
240,7/23/2019,1200,204,0.02, ,0, ,1382, ,15.2, ,91.3, ,30, ,55.8, ,3.4, ,180, ,74.9, 
240,7/23/2019,1300,204,0.03, ,0, ,1869, ,14.7, ,93.9, ,27, ,54.8, ,3.8, ,176, ,74.9, 
240,7/23/2019,1400,204,0.03, ,0, ,1755, ,14.8, ,96.5, ,25, ,55, ,5.1, ,188, ,75, 
240,7/23/2019,1500,204,0.01, ,0, ,600, ,14.9, ,95.6, ,26, ,55.2, ,7.9, ,196, ,75.1, 
240,7/23/2019,1600,204,0.02, ,0, ,1111, ,16.2, ,95.6, ,28, ,57.6, ,10.5, ,182, ,75.3, 
240,7/23/2019,1700,204,0.01, ,0, ,614, ,15.9, ,92.7, ,30, ,57.1, ,9.2, ,1, ,75.5, 
240,7/23/2019,1800,204,0.01, ,0, ,395, ,15.3, ,91.4, ,31, ,56, ,7.4, ,182, ,75.7, 
240,7/23/2019,1900,204,0.01, ,0, ,93, ,15, ,86.5, ,35, ,55.4, ,7.1, ,147, ,75.9, 
240,7/23/2019,2000,204,0, ,0, ,1, ,14.8, ,81.7, ,40, ,55, ,8.2, ,131, ,76.1, 
240,7/23/2019,2100,204,0, ,0, ,0, ,14.2, ,79.5, ,41, ,53.8, ,4.9, ,127, ,76.2, 
240,7/23/2019,2200,204,0, ,0, ,0, ,13.9, ,77.4, ,43, ,53.3, ,3.4, ,195, ,76.3, 
240,7/23/2019,2300,204,0, ,0, ,0, ,13.3, ,74.5, ,46, ,52.2, ,2.7, ,240, ,76.3, 
240,7/23/2019,2400,204,0, ,0, ,0, ,13.1, ,72.8, ,48, ,51.7, ,2.4, ,300, ,76.3, 
240,7/24/2019,0100,205,0, ,0, ,0, ,13.1, ,70.9, ,51, ,51.7, ,2.3, ,241, ,76.3, 
240,7/24/2019,0200,205,0, ,0, ,0, ,13.5, ,69.9, ,54, ,52.5, ,1.6, ,348, ,76.3, 
240,7/24/2019,0300,205,0, ,0, ,0, ,12.9, ,67.9, ,55, ,51.4, ,2.2, ,262, ,76.4, 
240,7/24/2019,0400,205,0, ,0, ,0, ,12.9, ,68.4, ,55, ,51.4, ,1.8, ,39, ,76.4, 
240,7/24/2019,0500,205,0, ,0, ,1, ,12.7, ,66.4, ,57, ,50.9, ,2.6, ,324, ,76.4, 
240,7/24/2019,0600,205,0, ,0, ,98, ,12.4, ,65.7, ,58, ,50.3, ,2.2, ,291, ,76.4, 
240,7/24/2019,0700,205,0.01, ,0, ,443, ,13.1, ,73.2, ,47, ,51.8, ,1.8, ,1, ,76.2, 
240,7/24/2019,0800,205,0.01, ,0, ,864, ,13.3, ,80.4, ,38, ,52.2, ,1.8, ,323, ,76, 
240,7/24/2019,0900,205,0.02, ,0, ,1066, ,13.8, ,83, ,36, ,53.1, ,2.3, ,102, ,75.8, 
240,7/24/2019,1000,205,0.02, ,0, ,1468, ,13.4, ,89.8, ,28, ,52.3, ,2.9, ,260, ,75.7, 
240,7/24/2019,1100,205,0.03, ,0, ,1759, ,13.5, ,93.3, ,25, ,52.5, ,4.4, ,298, ,75.6, 
240,7/24/2019,1200,205,0.03, ,0, ,1739, ,13.3, ,95.8, ,23, ,52.2, ,6.5, ,351, ,75.6, 
240,7/24/2019,1300,205,0.04, ,0, ,1761, ,13.2, ,97.5, ,22, ,52, ,10.4, ,351, ,75.6, 
240,7/24/2019,1400,205,0.03, ,0, ,1650, ,13.7, ,97.7, ,22, ,52.9, ,8.1, ,334, ,75.7, 
240,7/24/2019,1500,205,0.01, ,0, ,579, ,14.2, ,94.4, ,26, ,53.9, ,9.7, ,270, ,75.8, 
240,7/24/2019,1600,205,0.02, ,0, ,904, ,14.9, ,89.6, ,31, ,55.3, ,11.8, ,161, ,76, 
240,7/24/2019,1700,205,0.02, ,0, ,745, ,14.3, ,87.4, ,32, ,54.1, ,11.4, ,171, ,76.1, 
240,7/24/2019,1800,205,0.01, ,0, ,279, ,13.5, ,82.6, ,36, ,52.6, ,10.1, ,160, ,76.2, 
240,7/24/2019,1900,205,0.01, ,0, ,39, ,12.5, ,79.7, ,36, ,50.4, ,11.7, ,135, ,76.3, 
240,7/24/2019,2000,205,0.01, ,0, ,0, ,11.7, ,75.9, ,38, ,48.8, ,10.5, ,142, ,76.4, 
240,7/24/2019,2100,205,0, ,0, ,0, ,10.8, ,74.6, ,37, ,46.5, ,6.8, ,145, ,76.5, 
240,7/24/2019,2200,205,0, ,0, ,0, ,9.7, ,74.7, ,33, ,43.8, ,4.9, ,145, ,76.5, 
240,7/24/2019,2300,205,0, ,0, ,0, ,9.6, ,73.8, ,34, ,43.5, ,3.2, ,181, ,76.4, 
240,7/24/2019,2400,205,0, ,0, ,0, ,10.7, ,72.5, ,39, ,46.4, ,2.3, ,235, ,76.4, 
240,7/25/2019,0100,206,0, ,0, ,0, ,9.5, ,73.8, ,33, ,43.1, ,2.4, ,150, ,76.3, 
240,7/25/2019,0200,206,0, ,0, ,0, ,10.3, ,70.8, ,40, ,45.3, ,3.2, ,292, ,76.2, 
240,7/25/2019,0300,206,0, ,0, ,0, ,10.4, ,72.2, ,39, ,45.6, ,2.7, ,112, ,76.2, 
240,7/25/2019,0400,206,0, ,0, ,0, ,10.5, ,73.1, ,38, ,45.7, ,2.4, ,34, ,76, 
240,7/25/2019,0500,206,0, ,0, ,0, ,11.8, ,71.7, ,45, ,49, ,2.6, ,20, ,75.9, 
240,7/25/2019,0600,206,0, ,0, ,19, ,12.3, ,70.3, ,49, ,50.1, ,2.4, ,305, ,75.8, 
240,7/25/2019,0700,206,0, ,0, ,89, ,12.8, ,72.4, ,47, ,51, ,2.2, ,173, ,75.7, 
240,7/25/2019,0800,206,0, ,0, ,300, ,13.2, ,73.8, ,46, ,51.9, ,2.7, ,259, ,75.6, 
240,7/25/2019,0900,206,0.01, ,0, ,523, ,12.5, ,77.1, ,39, ,50.4, ,1.9, ,313, ,75.5, 
240,7/25/2019,1000,206,0.01, ,0, ,503, ,12.5, ,79.7, ,36, ,50.4, ,3.1, ,192, ,75.4, 
240,7/25/2019,1100,206,0.01, ,0, ,771, ,12.6, ,83, ,33, ,50.7, ,2.6, ,231, ,75.4, 
240,7/25/2019,1200,206,0.03, ,0, ,1623, ,13.1, ,87.9, ,29, ,51.8, ,4.7, ,325, ,75.3, 
240,7/25/2019,1300,206,0.03, ,0, ,1809, ,12.8, ,92, ,25, ,51.2, ,10.4, ,338, ,75.3, 
240,7/25/2019,1400,206,0.03, ,0, ,1720, ,13.4, ,93.1, ,25, ,52.3, ,12.2, ,325, ,75.3, 
240,7/25/2019,1500,206,0.03, ,0, ,1489, ,13.3, ,93.6, ,25, ,52.1, ,10.6, ,335, ,75.4, 
240,7/25/2019,1600,206,0.02, ,0, ,1162, ,13.5, ,93.3, ,25, ,52.5, ,9.1, ,328, ,75.5, 
240,7/25/2019,1700,206,0.02, ,0, ,728, ,14.2, ,91.3, ,28, ,53.9, ,8.8, ,80, ,75.6, 
240,7/25/2019,1800,206,0.01, ,0, ,382, ,13.8, ,86.5, ,32, ,53.1, ,9.6, ,148, ,75.7, 
240,7/25/2019,1900,206,0.01, ,0, ,79, ,12.5, ,83.1, ,32, ,50.4, ,8.6, ,132, ,75.8, 
240,7/25/2019,2000,206,0, ,0, ,1, ,12.1, ,79.9, ,35, ,49.7, ,7.8, ,137, ,76, 
240,7/25/2019,2100,206,0, ,0, ,0, ,12.4, ,77.5, ,38, ,50.2, ,6.1, ,166, ,76.1, 
240,7/25/2019,2200,206,0, ,0, ,0, ,12.8, ,75.5, ,43, ,51.2, ,5, ,187, ,76.1, 
240,7/25/2019,2300,206,0, ,0, ,0, ,12.9, ,73.7, ,45, ,51.3, ,2.7, ,223, ,76.1, 
240,7/25/2019,2400,206,0, ,0, ,0, ,12.9, ,71.7, ,49, ,51.4, ,1.9, ,299, ,76.1, 
240,7/26/2019,0100,207,0, ,0, ,0, ,16.3, ,63.3, ,82, ,57.8, ,1.7, ,23, ,76, 
240,7/26/2019,0200,207,0, ,0, ,0, ,15.6, ,62.4, ,81, ,56.5, ,2.1, ,349, ,76, 
240,7/26/2019,0300,207,0, ,0, ,0, ,15.7, ,61.7, ,83, ,56.7, ,1.9, ,7, ,76.1, 
240,7/26/2019,0400,207,0, ,0, ,0, ,14.8, ,62.4, ,77, ,55, ,2, ,333, ,76.1, 
240,7/26/2019,0500,207,0, ,0, ,1, ,14.7, ,59.9, ,84, ,54.9, ,1.8, ,280, ,76, 
240,7/26/2019,0600,207,0, ,0, ,114, ,13.4, ,65.7, ,62, ,52.4, ,1.9, ,270, ,75.7, 
240,7/26/2019,0700,207,0.01, ,0, ,452, ,12.9, ,71.2, ,50, ,51.3, ,1.9, ,331, ,75.4, 
240,7/26/2019,0800,207,0.01, ,0, ,838, ,13.1, ,76.6, ,42, ,51.7, ,2.3, ,213, ,75.2, 
240,7/26/2019,0900,207,0.02, ,0, ,1208, ,13.2, ,81.6, ,36, ,51.9, ,2.3, ,166, ,75.1, 
240,7/26/2019,1000,207,0.02, ,0, ,1518, ,13.3, ,84.9, ,33, ,52.2, ,3.4, ,95, ,74.9, 
240,7/26/2019,1100,207,0.03, ,0, ,1730, ,13.3, ,88.2, ,29, ,52.2, ,4.3, ,166, ,74.9, 
240,7/26/2019,1200,207,0.03, ,0, ,1828, ,13.5, ,91.6, ,27, ,52.5, ,5.4, ,316, ,74.9, 
240,7/26/2019,1300,207,0.03, ,0, ,1821, ,13.7, ,93.6, ,26, ,53, ,8.1, ,324, ,75, 
240,7/26/2019,1400,207,0.03, ,0, ,1706, ,13.8, ,95.3, ,24, ,53.2, ,9.9, ,335, ,75.2, 
240,7/26/2019,1500,207,0.03, ,0, ,1481, ,13.8, ,95.8, ,24, ,53.2, ,11.9, ,326, ,75.3, 
240,7/26/2019,1600,207,0.03, ,0, ,1160, ,13.8, ,94.7, ,25, ,53.2, ,12.7, ,322, ,75.4, 
240,7/26/2019,1700,207,0.02, ,0, ,787, ,12.8, ,92.6, ,24, ,51, ,13, ,325, ,75.6, 
240,7/26/2019,1800,207,0.01, ,0, ,395, ,12.5, ,90, ,26, ,50.5, ,12, ,329, ,75.8, 
240,7/26/2019,1900,207,0.01,Y,0, ,81, ,12.4, ,86.7,Y,29,Y,50.2,Y,6.5, ,335, ,75.9, 
240,7/26/2019,2000,207,0, ,0, ,0, ,12.5, ,81.9, ,34, ,50.5, ,5.2, ,331, ,76, 
240,7/26/2019,2100,207,0, ,0, ,0, ,12.3, ,78, ,38, ,50, ,4.3, ,319, ,76.1, 
240,7/26/2019,2200,207,0, ,0, ,0, ,11.8, ,76.6, ,38, ,48.9, ,1.7, ,27, ,76.1, 
240,7/26/2019,2300,207,0, ,0, ,0, ,11.7, ,74.6, ,40, ,48.8, ,2, ,338, ,76.1, 
240,7/26/2019,2400,207,0, ,0, ,0, ,11.9, ,72.2, ,44, ,49.2, ,1.5, ,311, ,76.1, 
240,7/27/2019,0100,208,0, ,0, ,0, ,14.3, ,65.4, ,67, ,54.2, ,2.2, ,231, ,76, 
240,7/27/2019,0200,208,0, ,0, ,0, ,16, ,62.3, ,83, ,57.2, ,1.5, ,320, ,76, 
240,7/27/2019,0300,208,0, ,0, ,0, ,15.3, ,60.2, ,86, ,55.9, ,1.7, ,298, ,76, 
240,7/27/2019,0400,208,0, ,0, ,0, ,14.8, ,60.8, ,81, ,55, ,2.1, ,322, ,76, 
240,7/27/2019,0500,208,0, ,0, ,1, ,14, ,58.9, ,82, ,53.5, ,2.3, ,271, ,75.8, 
240,7/27/2019,0600,208,0, ,0, ,120, ,12, ,63, ,61, ,49.4, ,1.7, ,301, ,75.6, 
240,7/27/2019,0700,208,0.01, ,0, ,471, ,12.6, ,69.1, ,52, ,50.7, ,1.5, ,314, ,75.4, 
240,7/27/2019,0800,208,0.01, ,0, ,870, ,13.5, ,76.7, ,43, ,52.6, ,1.8, ,218, ,75.2, 
240,7/27/2019,0900,208,0.02, ,0, ,1247, ,13.8, ,82, ,37, ,53.1, ,2.1, ,165, ,75, 
240,7/27/2019,1000,208,0.02, ,0, ,1561, ,13.5, ,87.3, ,31, ,52.6, ,3.1, ,210, ,74.9, 
240,7/27/2019,1100,208,0.03, ,0, ,1776, ,13.2, ,91.9, ,26, ,51.9, ,4, ,308, ,74.9, 
240,7/27/2019,1200,208,0.03, ,0, ,1873, ,11.2, ,95.7, ,19, ,47.5, ,6.2, ,335, ,74.9, 
240,7/27/2019,1300,208,0.04, ,0, ,1877, ,9.1, ,98.1, ,15, ,42.2, ,8.7, ,324, ,75, 
240,7/27/2019,1400,208,0.04, ,0, ,1749, ,9.8, ,98.7, ,16, ,44, ,10.3, ,317, ,75.1, 
240,7/27/2019,1500,208,0.03, ,0, ,1512, ,10.7, ,98.1, ,17, ,46.3, ,12.2, ,312, ,75.2, 
240,7/27/2019,1600,208,0.03, ,0, ,1187, ,10.6, ,96.7, ,18, ,46.2, ,14.4, ,322, ,75.3, 
240,7/27/2019,1700,208,0.02, ,0, ,816, ,10.3, ,94.1, ,19, ,45.4, ,15.4, ,314, ,75.5, 
240,7/27/2019,1800,208,0.02,Y,0, ,419, ,10.7, ,91.8,Y,21,Y,46.3,Y,13.1, ,327, ,75.6, 
240,7/27/2019,1900,208,0.01,Y,0, ,86, ,11.4, ,87.3,Y,26,Y,48,Y,8, ,306, ,75.7, 
240,7/27/2019,2000,208,0,Y,0, ,0, ,12.6, ,82.6,Y,33,Y,50.6,Y,5.2, ,306, ,75.8, 
240,7/27/2019,2100,208,0,Y,0, ,0, ,12.5, ,80.5,Y,35,Y,50.5,Y,4.1, ,349, ,75.9, 
240,7/27/2019,2200,208,0, ,0, ,0, ,14.6, ,78.4, ,44, ,54.6, ,2.3, ,146, ,75.9, 
240,7/27/2019,2300,208,0, ,0, ,0, ,14.3, ,74.6, ,49, ,54.1, ,1.7, ,305, ,75.8, 
240,7/27/2019,2400,208,0, ,0, ,0, ,12, ,71.3, ,46, ,49.3, ,1.7, ,269, ,75.8, 
240,7/28/2019,0100,209,0, ,0, ,0, ,14.7, ,66.9, ,65, ,54.9, ,2.6, ,204, ,75.8, 
240,7/28/2019,0200,209,0, ,0, ,0, ,14.2, ,67.5, ,62, ,53.9, ,2.1, ,142, ,75.8, 
240,7/28/2019,0300,209,0, ,0, ,0, ,14.7, ,65.4, ,69, ,54.8, ,2.2, ,305, ,75.8, 
240,7/28/2019,0400,209,0, ,0, ,0, ,15, ,61.9, ,80, ,55.5, ,1.8, ,321, ,75.7, 
240,7/28/2019,0500,209,0, ,0, ,1, ,13.7, ,61, ,75, ,53, ,2.4, ,15, ,75.6, 
240,7/28/2019,0600,209,0, ,0, ,102, ,12.7, ,62.4, ,66, ,50.9, ,1.9, ,269, ,75.4, 
240,7/28/2019,0700,209,0.01, ,0, ,447, ,13.8, ,69.8, ,56, ,53.2, ,1.7, ,358, ,75.2, 
240,7/28/2019,0800,209,0.01, ,0, ,738, ,14.3, ,75.4, ,48, ,54.1, ,2.3, ,81, ,75, 
240,7/28/2019,0900,209,0.02, ,0, ,1246, ,14.1, ,81, ,39, ,53.6, ,2.4, ,317, ,74.9, 
240,7/28/2019,1000,209,0.02, ,0, ,1623, ,13.2, ,87.1, ,30, ,52, ,3.1, ,176, ,74.8, 
240,7/28/2019,1100,209,0.03, ,0, ,1745, ,12.5, ,91.8, ,25, ,50.5, ,3.3, ,139, ,74.7, 
240,7/28/2019,1200,209,0.03, ,0, ,1910, ,12.8, ,95.4, ,23, ,51.2, ,5, ,169, ,74.8, 
240,7/28/2019,1300,209,0.03, ,0, ,1865, ,13.3, ,96.6, ,22, ,52.1, ,7.1, ,225, ,74.8, 
240,7/28/2019,1400,209,0.03, ,0, ,1743, ,10.5, ,98.1, ,17, ,45.9, ,9.2, ,324, ,74.9, 
240,7/28/2019,1500,209,0.03, ,0, ,1580, ,13.9, ,96.4, ,24, ,53.4, ,8.3, ,335, ,75.1, 
240,7/28/2019,1600,209,0.02, ,0, ,1214, ,15.1, ,94.2, ,28, ,55.7, ,6, ,356, ,75.3, 
240,7/28/2019,1700,209,0.02, ,0, ,813, ,14.4, ,91.7, ,28, ,54.3, ,6.1, ,323, ,75.5, 
240,7/28/2019,1800,209,0.01, ,0, ,354, ,14.6, ,87, ,33, ,54.7, ,5.7, ,173, ,75.7, 
240,7/28/2019,1900,209,0, ,0, ,82, ,13.4, ,83.4, ,34, ,52.4, ,5.2, ,130, ,75.9, 
240,7/28/2019,2000,209,0, ,0, ,0, ,14.1, ,79.1, ,42, ,53.8, ,6.5, ,330, ,76, 
240,7/28/2019,2100,209,0, ,0, ,0, ,14.3, ,76.3, ,46, ,54.2, ,5.7, ,353, ,76.2, 
240,7/28/2019,2200,209,0, ,0, ,0, ,14.4, ,73.6, ,51, ,54.4, ,3.9, ,359, ,76.2, 
240,7/28/2019,2300,209,0, ,0, ,0, ,14.9, ,70.9, ,58, ,55.3, ,1.9, ,43, ,76.3, 
240,7/28/2019,2400,209,0, ,0, ,0, ,15.1, ,70.4, ,60, ,55.7, ,3.6, ,158, ,76.3, 
240,7/29/2019,0100,210,0, ,0, ,0, ,15.4, ,67.8, ,66, ,56.1, ,3.2, ,204, ,76.2, 
240,7/29/2019,0200,210,0, ,0, ,0, ,16, ,63, ,81, ,57.2, ,2.3, ,233, ,76.2, 
240,7/29/2019,0300,210,0, ,0, ,0, ,15.7, ,61.2, ,85, ,56.8, ,2, ,283, ,76.3, 
240,7/29/2019,0400,210,0, ,0, ,0, ,15.6, ,59.5, ,90, ,56.5, ,1.7, ,279, ,76.3, 
240,7/29/2019,0500,210,0, ,0, ,1, ,14.8, ,57.9, ,90, ,55.1, ,2, ,310, ,76.1, 
240,7/29/2019,0600,210,0, ,0, ,115, ,14.4, ,60.2, ,81, ,54.3, ,1.9, ,270, ,75.9, 
240,7/29/2019,0700,210,0.01, ,0, ,506, ,15.4, ,65.9, ,71, ,56.2, ,1.9, ,285, ,75.7, 
240,7/29/2019,0800,210,0.01, ,0, ,908, ,16.6, ,71.7, ,62, ,58.2, ,2.3, ,196, ,75.4, 
240,7/29/2019,0900,210,0.02, ,0, ,1273, ,15.9, ,77.7, ,49, ,57.1, ,3.5, ,161, ,75.2, 
240,7/29/2019,1000,210,0.02, ,0, ,1584, ,15.3, ,82, ,41, ,56, ,3.5, ,148, ,75.1, 
240,7/29/2019,1100,210,0.03, ,0, ,1807, ,14, ,85.7, ,33, ,53.6, ,4.4, ,168, ,75, 
240,7/29/2019,1200,210,0.03, ,0, ,1900, ,13.7, ,88.8, ,30, ,53, ,4, ,186, ,75, 
240,7/29/2019,1300,210,0.03, ,0, ,1863, ,12.8, ,91.4, ,25, ,51.1, ,7.8, ,172, ,75.1, 
240,7/29/2019,1400,210,0.03, ,0, ,1735, ,12.7, ,92.6, ,24, ,50.8, ,7.1, ,178, ,75.2, 
240,7/29/2019,1500,210,0.03, ,0, ,1499, ,11.5, ,93.2, ,22, ,48.2, ,7.8, ,172, ,75.3, 
240,7/29/2019,1600,210,0.02, ,0, ,1184, ,11.6, ,93.3, ,22, ,48.4, ,7.1, ,183, ,75.5, 
240,7/29/2019,1700,210,0.01, ,0, ,796, ,11.5, ,91.7, ,23, ,48.3, ,5.4, ,162, ,75.7, 
240,7/29/2019,1800,210,0.01, ,0, ,398, ,11.3, ,88.5, ,25, ,47.8, ,7.2, ,136, ,75.9, 
240,7/29/2019,1900,210,0.01, ,0, ,76, ,11.7, ,84, ,29, ,48.6, ,6.6, ,132, ,76.1, 
240,7/29/2019,2000,210,0, ,0, ,0, ,11.4, ,79.4, ,33, ,48, ,4.3, ,107, ,76.2, 
240,7/29/2019,2100,210,0, ,0, ,0, ,11.9, ,76.5, ,38, ,49.2, ,4.9, ,111, ,76.3, 
240,7/29/2019,2200,210,0, ,0, ,0, ,12.3, ,74.2, ,42, ,50, ,4.1, ,141, ,76.4, 
240,7/29/2019,2300,210,0, ,0, ,0, ,12.8, ,72.5, ,47, ,51, ,3.1, ,171, ,76.4, 
240,7/29/2019,2400,210,0, ,0, ,0, ,14, ,70.7, ,55, ,53.6, ,3.6, ,169, ,76.4, 
240,7/30/2019,0100,211,0, ,0, ,0, ,14.2, ,68, ,61, ,53.9, ,4.6, ,150, ,76.3, 
240,7/30/2019,0200,211,0, ,0, ,0, ,14.5, ,65.2, ,68, ,54.5, ,5.2, ,142, ,76.3, 
240,7/30/2019,0300,211,0, ,0, ,0, ,15.2, ,63.2, ,77, ,55.8, ,6.1, ,143, ,76.2, 
240,7/30/2019,0400,211,0, ,0, ,0, ,15.3, ,62, ,81, ,56, ,3.1, ,163, ,76.1, 
240,7/30/2019,0500,211,0, ,0, ,1, ,15.2, ,60.7, ,84, ,55.8, ,3.6, ,206, ,76, 
240,7/30/2019,0600,211,0, ,0, ,68, ,14.5, ,59, ,85, ,54.5, ,2.7, ,205, ,75.9, 
240,7/30/2019,0700,211,0.01, ,0, ,483, ,15.4, ,63.9, ,76, ,56.1, ,2.5, ,181, ,75.7, 
240,7/30/2019,0800,211,0.01, ,0, ,826, ,15.5, ,68.1, ,66, ,56.4, ,2.7, ,173, ,75.6, 
240,7/30/2019,0900,211,0.02, ,0, ,1215, ,15.8, ,73.6, ,56, ,56.8, ,3.2, ,167, ,75.5, 
240,7/30/2019,1000,211,0.02, ,0, ,1540, ,13.9, ,80.8, ,39, ,53.3, ,3, ,165, ,75.3, 
240,7/30/2019,1100,211,0.03, ,0, ,1776, ,10.9, ,85.9, ,26, ,46.7, ,5.7, ,176, ,75.2, 
240,7/30/2019,1200,211,0.03, ,0, ,1902, ,8.1, ,88.6, ,18, ,39.1, ,8.3, ,169, ,75.2, 
240,7/30/2019,1300,211,0.03, ,0, ,1962, ,9.5, ,89.8, ,20, ,43.2, ,7.9, ,172, ,75.2, 
240,7/30/2019,1400,211,0.03, ,0, ,1576, ,9.5, ,91.3, ,19, ,43.3, ,7.8, ,180, ,75.2, 
240,7/30/2019,1500,211,0.03, ,0, ,1481, ,11.8, ,90.5, ,24, ,48.9, ,10.4, ,162, ,75.3, 
240,7/30/2019,1600,211,0.02, ,0, ,832, ,12.6, ,87.1, ,29, ,50.8, ,11, ,153, ,75.4, 
240,7/30/2019,1700,211,0.01, ,0, ,643, ,13.3, ,83, ,35, ,52.2, ,10, ,156, ,75.6, 
240,7/30/2019,1800,211,0.01, ,0, ,322, ,13.7, ,80.9, ,38, ,52.9, ,7.5, ,163, ,75.7, 
240,7/30/2019,1900,211,0, ,0, ,67, ,14.2, ,77.6, ,44, ,54, ,7.1, ,141, ,75.9, 
240,7/30/2019,2000,211,0, ,0, ,0, ,15.2, ,74.3, ,53, ,55.8, ,5.1, ,120, ,76, 
240,7/30/2019,2100,211,0, ,0, ,0, ,15.4, ,72.6, ,56, ,56.2, ,4.4, ,126, ,76.1, 
240,7/30/2019,2200,211,0, ,0, ,0, ,15.5, ,71.3, ,59, ,56.4, ,3, ,153, ,76.1, 
240,7/30/2019,2300,211,0, ,0, ,0, ,15.8, ,70.2, ,63, ,56.8, ,2.7, ,15, ,76.1, 
240,7/30/2019,2400,211,0, ,0, ,0, ,15.7, ,68.1, ,67, ,56.7, ,3.1, ,359, ,76.1, 
240,7/31/2019,0100,212,0, ,0, ,0, ,16.8, ,61.7, ,90, ,58.6, ,2.3, ,359, ,76, 
240,7/31/2019,0200,212,0, ,0, ,0, ,17.1, ,61.6, ,91, ,59, ,2.3, ,31, ,76, 
240,7/31/2019,0300,212,0, ,0, ,0, ,16, ,60, ,90, ,57.2, ,2, ,283, ,76.1, 
240,7/31/2019,0400,212,0, ,0, ,0, ,16, ,60.1, ,90, ,57.2, ,1.7, ,329, ,76.1, 
240,7/31/2019,0500,212,0, ,0, ,0, ,15.6, ,58.1, ,94, ,56.5, ,1.5, ,262, ,75.9, 
240,7/31/2019,0600,212,0, ,0, ,58, ,15.8, ,59.9, ,90, ,56.8, ,2.5, ,358, ,75.6, 
240,7/31/2019,0700,212,0.01, ,0, ,445, ,16, ,64.4, ,78, ,57.3, ,2.6, ,320, ,75.3, 
240,7/31/2019,0800,212,0.01, ,0, ,849, ,16.9, ,70.1, ,67, ,58.8, ,2.5, ,330, ,75, 
240,7/31/2019,0900,212,0.02, ,0, ,1229, ,17.2, ,75, ,58, ,59.2, ,2.9, ,162, ,74.8, 
240,7/31/2019,1000,212,0.02, ,0, ,1553, ,16.6, ,80.2, ,47, ,58.2, ,3.3, ,149, ,74.7, 
240,7/31/2019,1100,212,0.03, ,0, ,1786, ,10.8, ,85.3, ,26, ,46.6, ,4.1, ,176, ,74.6, 
240,7/31/2019,1200,212,0.03, ,0, ,1873, ,11.2, ,88.4, ,25, ,47.6, ,4.8, ,176, ,74.6, 
240,7/31/2019,1300,212,0.03, ,0, ,1854, ,8.2, ,90.8, ,17, ,39.3, ,6.5, ,177, ,74.7, 
240,7/31/2019,1400,212,0.03, ,0, ,1733, ,9.2, ,92.1, ,18, ,42.4, ,5.6, ,192, ,74.8, 
240,7/31/2019,1500,212,0.03, ,0, ,1448, ,12.9, ,91.3, ,26, ,51.2, ,7.2, ,262, ,74.9, 
240,7/31/2019,1600,212,0.02, ,0, ,1137, ,15, ,89.5, ,32, ,55.4, ,7.5, ,321, ,75.1, 
240,7/31/2019,1700,212,0.01, ,0, ,763, ,15, ,87.4, ,34, ,55.5, ,7.2, ,354, ,75.3, 
240,7/31/2019,1800,212,0.01, ,0, ,376, ,14.9, ,83, ,39, ,55.3, ,7.1, ,130, ,75.4, 
240,7/31/2019,1900,212,0, ,0, ,67, ,14.4, ,77.9, ,44, ,54.3, ,8.3, ,147, ,75.6, 
240,7/31/2019,2000,212,0, ,0, ,0, ,15.1, ,74.7, ,51, ,55.7, ,6.2, ,151, ,75.7, 
240,7/31/2019,2100,212,0, ,0, ,0, ,15.7, ,72.4, ,58, ,56.7, ,4.6, ,165, ,75.8, 
240,7/31/2019,2200,212,0, ,0, ,0, ,15.6, ,70.6, ,61, ,56.6, ,2.9, ,318, ,75.9, 
240,7/31/2019,2300,212,0, ,0, ,0, ,15.6, ,69, ,64, ,56.4, ,5.1, ,6, ,75.9, 
240,7/31/2019,2400,212,0, ,0, ,0, ,15.7, ,67.2, ,69, ,56.7, ,4.1, ,9, ,75.9, 
240,8/1/2019,0100,213,0, ,0, ,0, ,15.9, ,65.9, ,73, ,57, ,3.7, ,355, ,75.9, 
240,8/1/2019,0200,213,0, ,0, ,0, ,15.9, ,64.3, ,77, ,57, ,2.1, ,10, ,75.8, 
240,8/1/2019,0300,213,0, ,0, ,0, ,16, ,63.8, ,79, ,57.3, ,2.1, ,347, ,75.7, 
240,8/1/2019,0400,213,0, ,0, ,0, ,15.6, ,62.3, ,82, ,56.6, ,1.7, ,320, ,75.7, 
240,8/1/2019,0500,213,0, ,0, ,1, ,14.7, ,60.1, ,83, ,55, ,1.8, ,278, ,75.5, 
240,8/1/2019,0600,213,0, ,0, ,76, ,14.7, ,60.4, ,82, ,54.8, ,2.1, ,269, ,75.4, 
240,8/1/2019,0700,213,0.01, ,0, ,448, ,15.6, ,64.2, ,76, ,56.6, ,2.4, ,339, ,75.3, 
240,8/1/2019,0800,213,0.01, ,0, ,851, ,16.9, ,70, ,68, ,58.8, ,2.4, ,340, ,75.1, 
240,8/1/2019,0900,213,--,M,--,M,--,M,--,M,--,M,--,M,--,M,--,M,--,M,--,M
240,8/1/2019,1000,213,0.02, ,0, ,1557, ,16.1, ,81, ,44, ,57.3, ,3, ,199, ,74.9, 
240,8/1/2019,1100,213,0.03, ,0, ,1784, ,12.2, ,86.4, ,28, ,49.8, ,2.9, ,162, ,74.8, 
240,8/1/2019,1200,213,0.03, ,0, ,1856, ,11.6, ,89.8, ,24, ,48.5, ,6.1, ,332, ,74.8, 
240,8/1/2019,1300,213,0.03, ,0, ,1840, ,12.9, ,91.5, ,26, ,51.3, ,6.4, ,5, ,74.9, 
240,8/1/2019,1400,213,0.03, ,0, ,1691, ,12.5, ,93.2, ,23, ,50.4, ,7.7, ,354, ,74.9, 
240,8/1/2019,1500,213,0.03, ,0, ,1448, ,11.3, ,94, ,21, ,47.7, ,10, ,333, ,75.1, 
240,8/1/2019,1600,213,0.03, ,0, ,1113, ,12.4, ,93.7, ,23, ,50.2, ,12.1, ,327, ,75.2, 
240,8/1/2019,1700,213,0.02, ,0, ,761, ,12.9, ,90.8, ,26, ,51.3, ,12.9, ,317, ,75.4, 
240,8/1/2019,1800,213,0.01, ,0, ,388, ,10.8, ,86.7, ,25, ,46.6, ,11.7, ,317, ,75.5, 
240,8/1/2019,1900,213,0.01, ,0, ,76, ,8.6, ,82.8, ,22, ,40.6, ,9.4, ,326, ,75.7, 
240,8/1/2019,2000,213,0, ,0, ,0, ,11.2, ,78.2, ,34, ,47.6, ,5.9, ,330, ,75.8, 
240,8/1/2019,2100,213,0, ,0, ,0, ,11, ,76.3, ,35, ,46.9, ,3.9, ,2, ,75.8, 
240,8/1/2019,2200,213,0, ,0, ,0, ,9.1, ,73.7, ,32, ,42, ,4.6, ,354, ,75.8, 
240,8/1/2019,2300,213,0, ,0, ,0, ,7.6, ,70.3, ,30, ,37.4, ,2.5, ,344, ,75.8, 
240,8/1/2019,2400,213,0, ,0, ,0, ,7.8, ,67.6, ,34, ,38.2, ,2, ,343, ,75.7, 
240,8/2/2019,0100,214,0, ,0, ,0, ,11.4, ,56.5, ,73, ,48, ,2, ,258, ,75.6, 
240,8/2/2019,0200,214,0, ,0, ,0, ,10, ,57.8, ,61, ,44.4, ,2.1, ,219, ,75.6, 
240,8/2/2019,0300,214,0, ,0, ,0, ,9.9, ,56.9, ,62, ,44.2, ,2, ,322, ,75.5, 
240,8/2/2019,0400,214,0, ,0, ,0, ,10.8, ,52.9, ,79, ,46.6, ,1.7, ,275, ,75.5, 
240,8/2/2019,0500,214,0, ,0, ,0, ,10, ,52.8, ,73, ,44.5, ,1.7, ,290, ,75.6, 
240,8/2/2019,0600,214,0, ,0, ,73, ,8, ,57.1, ,50, ,38.7, ,1.8, ,269, ,75.5, 
240,8/2/2019,0700,214,0.01, ,0, ,472, ,9.6, ,63.2, ,48, ,43.5, ,2.5, ,339, ,75.2, 
240,8/2/2019,0800,214,0.01, ,0, ,851, ,10.7, ,72.8, ,39, ,46.3, ,2.1, ,353, ,74.9, 
240,8/2/2019,0900,214,0.02, ,0, ,1265, ,10.5, ,79.4, ,31, ,45.7, ,2.1, ,304, ,74.7, 
240,8/2/2019,1000,214,0.02, ,0, ,1582, ,8.6, ,84.9, ,21, ,40.7, ,3.1, ,171, ,74.5, 
240,8/2/2019,1100,214,0.03, ,0, ,1797, ,7.6, ,88.6, ,17, ,37.5, ,4.1, ,169, ,74.4, 
240,8/2/2019,1200,214,0.03, ,0, ,1873, ,6.9, ,91.8, ,14, ,35, ,4.6, ,225, ,74.3, 
240,8/2/2019,1300,214,0.03, ,0, ,1869, ,6.9, ,94, ,13, ,35, ,5.6, ,208, ,74.3, 
240,8/2/2019,1400,214,0.03, ,0, ,1770, ,7, ,94.7, ,13, ,35.5, ,7.4, ,184, ,74.4, 
240,8/2/2019,1500,214,0.03, ,0, ,1536, ,7.2, ,95.3, ,13, ,36.1, ,6.4, ,177, ,74.4, 
240,8/2/2019,1600,214,0.02, ,0, ,1179, ,7.3, ,94.4, ,13, ,36.6, ,8.5, ,189, ,74.6, 
240,8/2/2019,1700,214,0.02, ,0, ,787, ,7.4, ,92.6, ,14, ,36.6, ,7.8, ,217, ,74.8, 
240,8/2/2019,1800,214,0.01, ,0, ,469, ,6.7, ,90.2, ,14, ,34.1, ,10.1, ,330, ,74.9, 
240,8/2/2019,1900,214,0.01, ,0, ,95, ,7, ,85.3, ,17, ,35.3, ,6.7, ,333, ,75.1, 
240,8/2/2019,2000,214,0, ,0, ,0, ,8.3, ,81.2, ,23, ,39.6, ,3.8, ,30, ,75.3, 
240,8/2/2019,2100,214,0, ,0, ,0, ,11.1, ,77.9, ,34, ,47.3, ,3.9, ,38, ,75.4, 
240,8/2/2019,2200,214,0, ,0, ,0, ,9.5, ,75.4, ,32, ,43.3, ,3.2, ,21, ,75.4, 
240,8/2/2019,2300,214,0, ,0, ,0, ,8.8, ,71.9, ,33, ,41.1, ,2.8, ,306, ,75.4, 
240,8/2/2019,2400,214,0, ,0, ,0, ,8.8, ,69.7, ,36, ,41.3, ,2, ,350, ,75.4, 
240,8/3/2019,0100,215,0, ,0, ,0, ,12.4, ,58.9, ,73, ,50.3, ,1.7, ,257, ,75.3, 
240,8/3/2019,0200,215,0, ,0, ,0, ,11.6, ,59.9, ,66, ,48.4, ,1.8, ,232, ,75.2, 
240,8/3/2019,0300,215,0, ,0, ,0, ,11.3, ,58.4, ,68, ,47.8, ,2.2, ,12, ,75.3, 
240,8/3/2019,0400,215,0, ,0, ,0, ,11.9, ,56.5, ,77, ,49.2, ,2.2, ,247, ,75.4, 
240,8/3/2019,0500,215,0, ,0, ,0, ,10.8, ,56, ,70, ,46.6, ,1.6, ,314, ,75.3, 
240,8/3/2019,0600,215,0, ,0, ,39, ,9, ,58.8, ,53, ,41.9, ,1.7, ,280, ,75, 
240,8/3/2019,0700,215,0, ,0, ,282, ,9.1, ,62.5, ,47, ,42.1, ,1.7, ,281, ,74.6, 
240,8/3/2019,0800,215,0.01, ,0, ,850, ,10.4, ,71, ,40, ,45.6, ,2.1, ,329, ,74.2, 
240,8/3/2019,0900,215,0.02, ,0, ,1242, ,10.2, ,79.3, ,30, ,44.9, ,2.7, ,317, ,74, 
240,8/3/2019,1000,215,0.02, ,0, ,1547, ,9, ,84.7, ,22, ,41.9, ,3.2, ,302, ,73.8, 
240,8/3/2019,1100,215,0.03, ,0, ,1759, ,7.6, ,88.6, ,17, ,37.5, ,3.9, ,261, ,73.7, 
240,8/3/2019,1200,215,0.03, ,0, ,1889, ,7.1, ,91.8, ,14, ,35.9, ,4, ,293, ,73.7, 
240,8/3/2019,1300,215,0.03, ,0, ,1819, ,6.7, ,94.2, ,12, ,34.3, ,6.9, ,357, ,73.8, 
240,8/3/2019,1400,215,0.03, ,0, ,1557, ,7.2, ,95.1, ,13, ,35.9, ,8.8, ,351, ,73.9, 
240,8/3/2019,1500,215,0.03, ,0, ,1303, ,8.9, ,94.5, ,16, ,41.6, ,9, ,338, ,74, 
240,8/3/2019,1600,215,0.02, ,0, ,1153, ,9.4, ,93.7, ,17, ,42.9, ,9.8, ,322, ,74.1, 
240,8/3/2019,1700,215,0.02, ,0, ,769, ,8.5, ,91.3, ,17, ,40.4, ,10.5, ,311, ,74.2, 
240,8/3/2019,1800,215,0.01, ,0, ,367, ,7.5, ,88.2, ,16, ,37.1, ,11.2, ,324, ,74.3, 
240,8/3/2019,1900,215,0.01, ,0, ,60, ,8.3, ,83.1, ,22, ,39.8, ,11.2, ,327, ,74.4, 
240,8/3/2019,2000,215,0, ,0, ,0, ,9.6, ,79.7, ,28, ,43.5, ,4.5, ,325, ,74.6, 
240,8/3/2019,2100,215,0, ,0, ,0, ,8.6, ,77.2, ,27, ,40.6, ,2.8, ,3, ,74.6, 
240,8/3/2019,2200,215,0, ,0, ,0, ,9, ,74.2, ,31, ,41.8, ,4, ,34, ,74.6, 
240,8/3/2019,2300,215,0, ,0, ,0, ,10.4, ,72.1, ,39, ,45.6, ,2.8, ,344, ,74.6, 
240,8/3/2019,2400,215,0, ,0, ,0, ,10.9, ,70.4, ,43, ,46.9, ,2.6, ,208, ,74.6, 
240,8/4/2019,0100,216,0, ,0, ,0, ,14.5, ,60.7, ,80, ,54.6, ,2.3, ,239, ,74.5, 
240,8/4/2019,0200,216,0, ,0, ,0, ,14.3, ,59.6, ,82, ,54.1, ,1.5, ,341, ,74.5, 
240,8/4/2019,0300,216,0, ,0, ,0, ,13.6, ,56.2, ,88, ,52.7, ,1.9, ,292, ,74.7, 
240,8/4/2019,0400,216,0, ,0, ,0, ,13.2, ,56, ,86, ,51.8, ,2, ,307, ,74.6, 
240,8/4/2019,0500,216,0, ,0, ,0, ,12.9, ,54.7, ,89, ,51.4, ,1.6, ,298, ,74.2, 
240,8/4/2019,0600,216,0, ,0, ,63, ,10.9, ,58.3, ,65, ,46.8, ,1.9, ,287, ,73.6, 
240,8/4/2019,0700,216,0.01, ,0, ,416, ,11.3, ,64.5, ,55, ,47.8, ,2.7, ,336, ,73.2, 
240,8/4/2019,0800,216,0.01, ,0, ,848, ,11.9, ,72.8, ,43, ,49.2, ,2.5, ,351, ,72.9, 
240,8/4/2019,0900,216,0.02, ,0, ,1232, ,11.5, ,79.8, ,33, ,48.2, ,2.2, ,237, ,72.8, 
240,8/4/2019,1000,216,0.02, ,0, ,1547, ,10, ,85, ,24, ,44.7, ,3.2, ,272, ,72.7, 
240,8/4/2019,1100,216,0.03, ,0, ,1764, ,9.7, ,89.1, ,21, ,43.8, ,4.4, ,290, ,72.6, 
240,8/4/2019,1200,216,0.03, ,0, ,1664, ,9.1, ,91.8, ,18, ,42, ,7.4, ,331, ,72.7, 
240,8/4/2019,1300,216,0.03, ,0, ,1755, ,9.4, ,92.8, ,18, ,42.9, ,6.2, ,323, ,72.8, 
240,8/4/2019,1400,216,0.03, ,0, ,1524, ,10, ,94.3, ,18, ,44.5, ,8.1, ,322, ,72.9, 
240,8/4/2019,1500,216,0.02, ,0, ,1164, ,10.6, ,94.3, ,19, ,46.2, ,9.4, ,335, ,73, 
240,8/4/2019,1600,216,0.02, ,0, ,1154, ,10.9, ,93.7, ,20, ,46.9, ,10.7, ,330, ,73.2, 
240,8/4/2019,1700,216,0.02, ,0, ,761, ,10.4, ,92.5, ,20, ,45.5, ,11.1, ,328, ,73.3, 
240,8/4/2019,1800,216,0.01, ,0, ,373, ,8.9, ,88.9, ,19, ,41.4, ,10.2, ,319, ,73.5, 
240,8/4/2019,1900,216,0.01, ,0, ,54, ,7.9, ,83.6, ,20, ,38.6, ,7.1, ,315, ,73.6, 
240,8/4/2019,2000,216,0, ,0, ,0, ,7.1, ,81.2, ,20, ,35.8, ,5.9, ,345, ,73.8, 
240,8/4/2019,2100,216,0, ,0, ,0, ,13.1, ,77, ,41, ,51.8, ,3.4, ,127, ,73.9, 
240,8/4/2019,2200,216,0, ,0, ,0, ,15, ,73.8, ,53, ,55.5, ,3.8, ,173, ,73.9, 
240,8/4/2019,2300,216,0, ,0, ,0, ,14.4, ,69.8, ,58, ,54.3, ,2.1, ,273, ,73.9, 
240,8/4/2019,2400,216,0, ,0, ,0, ,13.3, ,68.7, ,55, ,52.1, ,1.6, ,234, ,73.9, 
240,8/5/2019,0100,217,0, ,0, ,0, ,16.3, ,59.7, ,93, ,57.7, ,1.5, ,252, ,73.9, 
240,8/5/2019,0200,217,0, ,0, ,0, ,14.6, ,57.7, ,90, ,54.7, ,2, ,273, ,73.9, 
240,8/5/2019,0300,217,0, ,0, ,0, ,14.7, ,58.4, ,88, ,54.9, ,1.7, ,325, ,73.9, 
240,8/5/2019,0400,217,0, ,0, ,0, ,14, ,56.9, ,88, ,53.5, ,2.2, ,340, ,73.8, 
240,8/5/2019,0500,217,0, ,0, ,0, ,13.1, ,55.2, ,88, ,51.8, ,2.1, ,277, ,73.6, 
240,8/5/2019,0600,217,0, ,0, ,44, ,11.7, ,59.5, ,67, ,48.6, ,1.9, ,336, ,73.4, 
240,8/5/2019,0700,217,0.01, ,0, ,452, ,12.6, ,64.9, ,60, ,50.6, ,2.3, ,354, ,73.1, 
240,8/5/2019,0800,217,0.01, ,0, ,848, ,12.5, ,72.7, ,46, ,50.5, ,2.4, ,299, ,72.9, 
240,8/5/2019,0900,217,0.02, ,0, ,1232, ,12.8, ,77.7, ,39, ,51.1, ,2.5, ,330, ,72.7, 
240,8/5/2019,1000,217,0.02, ,0, ,1557, ,9.9, ,85.9, ,23, ,44.2, ,3, ,279, ,72.7, 
240,8/5/2019,1100,217,0.03, ,0, ,1679, ,8.3, ,90.9, ,17, ,39.8, ,4, ,324, ,72.7, 
240,8/5/2019,1200,217,0.03, ,0, ,1869, ,7.2, ,94.3, ,13, ,36, ,6.8, ,341, ,72.8, 
240,8/5/2019,1300,217,0.04, ,0, ,1850, ,6.1, ,96.5, ,10, ,32, ,8.2, ,344, ,72.9, 
240,8/5/2019,1400,217,0.03, ,0, ,1720, ,6.2, ,97.8, ,10, ,32.5, ,9.3, ,338, ,73, 
240,8/5/2019,1500,217,0.03, ,0, ,1462, ,7.5, ,97.8, ,12, ,37.2, ,9.4, ,334, ,73.2, 
240,8/5/2019,1600,217,0.03, ,0, ,1114, ,9.3, ,96.8, ,16, ,42.8, ,11.1, ,325, ,73.3, 
240,8/5/2019,1700,217,0.02, ,0, ,740, ,9.9, ,94.2, ,18, ,44.2, ,11, ,319, ,73.5, 
240,8/5/2019,1800,217,0.01, ,0, ,369, ,6.8, ,90.3, ,14, ,34.8, ,10, ,322, ,73.7, 
240,8/5/2019,1900,217,0.01, ,0, ,69, ,8.7, ,85.2, ,21, ,41, ,10, ,339, ,73.8, 
240,8/5/2019,2000,217,0, ,0, ,0, ,8.1, ,80.6, ,23, ,39.2, ,6.7, ,336, ,74, 
240,8/5/2019,2100,217,0, ,0, ,0, ,8.7, ,77.7, ,27, ,40.8, ,5.1, ,357, ,74, 
240,8/5/2019,2200,217,0, ,0, ,0, ,8.5, ,75.1, ,28, ,40.2, ,2.9, ,16, ,74.1, 
240,8/5/2019,2300,217,0, ,0, ,0, ,9, ,72.8, ,33, ,41.7, ,2.3, ,42, ,74.1, 
240,8/5/2019,2400,217,0, ,0, ,0, ,14.7, ,72, ,55, ,54.9, ,4.5, ,134, ,74, 
240,8/6/2019,0100,218,0, ,0, ,0, ,16.3, ,68.5, ,68, ,57.7, ,4.1, ,157, ,74, 
240,8/6/2019,0200,218,0, ,0, ,0, ,15.9, ,66.7, ,71, ,57.1, ,2.3, ,218, ,73.9, 
240,8/6/2019,0300,218,0, ,0, ,0, ,15.1, ,65, ,72, ,55.6, ,1.8, ,41, ,73.9, 
240,8/6/2019,0400,218,0, ,0, ,0, ,13.4, ,62.3, ,70, ,52.4, ,1.9, ,298, ,73.8, 
240,8/6/2019,0500,218,0, ,0, ,0, ,13.1, ,62.2, ,69, ,51.8, ,1.8, ,244, ,73.7, 
240,8/6/2019,0600,218,0, ,0, ,41, ,14.1, ,64.5, ,68, ,53.8, ,2.9, ,195, ,73.7, 
240,8/6/2019,0700,218,0, ,0, ,126, ,14, ,65.1, ,66, ,53.6, ,4.6, ,11, ,73.6, 
240,8/6/2019,0800,218,0, ,0, ,298, ,13.3, ,68.2, ,56, ,52.1, ,5.5, ,353, ,73.5, 
240,8/6/2019,0900,218,0.01, ,0, ,844, ,13.4, ,73.9, ,47, ,52.3, ,3.8, ,332, ,73.4, 
240,8/6/2019,1000,218,0.02, ,0, ,1590, ,11.4, ,83.1, ,29, ,48, ,4.3, ,332, ,73.3, 
240,8/6/2019,1100,218,0.03, ,0, ,1739, ,9.8, ,89.7, ,21, ,44.1, ,3.6, ,299, ,73.3, 
240,8/6/2019,1200,218,0.03, ,0, ,1823, ,8, ,93.7, ,15, ,38.8, ,4.3, ,187, ,73.2, 
240,8/6/2019,1300,218,0.03, ,0, ,1823, ,8.7, ,96, ,15, ,40.9, ,4.4, ,144, ,73.3, 
240,8/6/2019,1400,218,0.03, ,0, ,1697, ,8.9, ,97.8, ,14, ,41.4, ,4.5, ,149, ,73.3, 
240,8/6/2019,1500,218,0.03, ,0, ,1483, ,8.2, ,99, ,13, ,39.3, ,10.7, ,322, ,73.5, 
240,8/6/2019,1600,218,0.03, ,0, ,1113, ,10.3, ,97, ,17, ,45.4, ,11.8, ,309, ,73.6, 
240,8/6/2019,1700,218,0.02, ,0, ,713, ,14.1, ,91.8, ,28, ,53.7, ,10.5, ,163, ,73.9, 
240,8/6/2019,1800,218,0.01, ,0, ,348, ,16.6, ,82.9, ,43, ,58.2, ,9.5, ,164, ,74.1, 
240,8/6/2019,1900,218,0, ,0, ,60, ,16, ,77.8, ,49, ,57.2, ,10.5, ,137, ,74.3, 
240,8/6/2019,2000,218,0, ,0, ,0, ,16.2, ,73.8, ,57, ,57.6, ,10.5, ,142, ,74.4, 
240,8/6/2019,2100,218,0, ,0, ,0, ,16, ,71.1, ,61, ,57.2, ,6.6, ,143, ,74.6, 
240,8/6/2019,2200,218,0, ,0, ,0, ,15.6, ,69.6, ,63, ,56.5, ,5.6, ,133, ,74.7, 
240,8/6/2019,2300,218,0, ,0, ,0, ,15.6, ,68.4, ,66, ,56.6, ,4.9, ,179, ,74.7, 
240,8/6/2019,2400,218,0, ,0, ,0, ,15.8, ,67.7, ,68, ,56.9, ,3.6, ,168, ,74.7, 
240,8/7/2019,0100,219,0, ,0, ,0, ,16.8, ,64.5, ,81, ,58.5, ,3.6, ,149, ,74.7, 
240,8/7/2019,0200,219,0, ,0, ,0, ,17.7, ,62.2, ,93, ,60.1, ,2.4, ,189, ,74.8, 
240,8/7/2019,0300,219,0, ,0, ,0, ,17.2, ,60.9, ,94, ,59.3, ,1.9, ,343, ,74.9, 
240,8/7/2019,0400,219,0, ,0, ,0, ,17, ,60.2, ,96, ,59, ,1.5, ,325, ,75, 
240,8/7/2019,0500,219,0, ,0, ,0, ,16.4, ,64.1, ,80, ,57.9, ,2.3, ,16, ,74.9, 
240,8/7/2019,0600,219,0, ,0, ,29, ,15.6, ,66.2, ,71, ,56.5, ,2.8, ,98, ,74.6, 
240,8/7/2019,0700,219,0, ,0, ,153, ,16.3, ,66.8, ,73, ,57.7, ,2.8, ,236, ,74.4, 
240,8/7/2019,0800,219,0, ,0, ,295, ,16, ,68.2, ,68, ,57.3, ,2.4, ,220, ,74.2, 
240,8/7/2019,0900,219,0.01, ,0, ,532, ,16.3, ,70.3, ,64, ,57.7, ,3.5, ,192, ,74.1, 
240,8/7/2019,1000,219,0.01, ,0, ,1024, ,16.7, ,73.6, ,59, ,58.3, ,4.2, ,177, ,74, 
240,8/7/2019,1100,219,0.02, ,0, ,1534, ,15.7, ,78.7, ,47, ,56.7, ,2.9, ,222, ,74, 
240,8/7/2019,1200,219,0.03, ,0, ,2121, ,13.8, ,83.6, ,35, ,53.1, ,3.8, ,232, ,74, 
240,8/7/2019,1300,219,0.03, ,0, ,1836, ,12.1, ,87.9, ,27, ,49.6, ,4.7, ,218, ,74, 
240,8/7/2019,1400,219,0.03, ,0, ,1664, ,13.3, ,89.9, ,28, ,52.2, ,7.1, ,303, ,74.1, 
240,8/7/2019,1500,219,0.03, ,0, ,1408, ,14.6, ,89.9, ,30, ,54.6, ,10.1, ,337, ,74.2, 
240,8/7/2019,1600,219,0.02, ,0, ,1078, ,15.3, ,89.6, ,32, ,56, ,9.4, ,324, ,74.3, 
240,8/7/2019,1700,219,0.02, ,0, ,697, ,14.3, ,88.3, ,31, ,54.1, ,10.5, ,334, ,74.5, 
240,8/7/2019,1800,219,0.01, ,0, ,325, ,13.4, ,84.4, ,33, ,52.4, ,5.7, ,300, ,74.7, 
240,8/7/2019,1900,219,0, ,0, ,49, ,14.5, ,78.4, ,44, ,54.5, ,6.8, ,131, ,74.8, 
240,8/7/2019,2000,219,0, ,0, ,0, ,14.2, ,74.4, ,49, ,53.9, ,6.2, ,136, ,75, 
240,8/7/2019,2100,219,0, ,0, ,0, ,14.6, ,71.3, ,56, ,54.7, ,5, ,174, ,75, 
240,8/7/2019,2200,219,0, ,0, ,0, ,14.6, ,69.7, ,59, ,54.8, ,5.2, ,174, ,75.1, 
240,8/7/2019,2300,219,0, ,0, ,0, ,14.9, ,68.2, ,63, ,55.2, ,3.4, ,194, ,75.1, 
240,8/7/2019,2400,219,0, ,0, ,0, ,15, ,67, ,66, ,55.3, ,2.7, ,164, ,75.1, 
240,8/8/2019,0100,220,0, ,0, ,0, ,14.8, ,64.9, ,70, ,55, ,2.5, ,60, ,75.1, 
240,8/8/2019,0200,220,0, ,0, ,0, ,15.5, ,63.8, ,76, ,56.3, ,1.9, ,45, ,75.1, 
240,8/8/2019,0300,220,0, ,0, ,0, ,15.4, ,62.7, ,79, ,56.2, ,3.1, ,20, ,75, 
240,8/8/2019,0400,220,0, ,0, ,0, ,15, ,61.4, ,81, ,55.4, ,2.2, ,212, ,74.9, 
240,8/8/2019,0500,220,0, ,0, ,0, ,14.3, ,59.6, ,82, ,54.1, ,1.9, ,274, ,74.8, 
240,8/8/2019,0600,220,0, ,0, ,41, ,13.6, ,58.7, ,81, ,52.8, ,2.3, ,290, ,74.7, 
240,8/8/2019,0700,220,0, ,0, ,415, ,15, ,62.9, ,77, ,55.5, ,3, ,6, ,74.6, 
240,8/8/2019,0800,220,0.01, ,0, ,824, ,16, ,68.3, ,68, ,57.2, ,2.2, ,337, ,74.5, 
240,8/8/2019,0900,220,0.02, ,0, ,1211, ,15.7, ,74.3, ,54, ,56.7, ,2, ,85, ,74.3, 
240,8/8/2019,1000,220,0.02, ,0, ,1543, ,12.9, ,79.5, ,37, ,51.3, ,2.8, ,136, ,74.2, 
240,8/8/2019,1100,220,0.03, ,0, ,1757, ,10.2, ,85, ,25, ,45.1, ,3.7, ,111, ,74.1, 
240,8/8/2019,1200,220,0.03, ,0, ,1838, ,10.2, ,88.4, ,22, ,45, ,4.6, ,345, ,74.1, 
240,8/8/2019,1300,220,0.03, ,0, ,1805, ,11.9, ,89.9, ,25, ,49.2, ,10.3, ,340, ,74.1, 
240,8/8/2019,1400,220,0.03, ,0, ,1693, ,11, ,90.3, ,23, ,47.2, ,10.6, ,321, ,74.2, 
240,8/8/2019,1500,220,0.03, ,0, ,1454, ,11.5, ,89.4, ,24, ,48.2, ,12.9, ,325, ,74.3, 
240,8/8/2019,1600,220,0.02, ,0, ,1120, ,10, ,88.4, ,22, ,44.7, ,12.9, ,330, ,74.4, 
240,8/8/2019,1700,220,0.02, ,0, ,744, ,6.8, ,86.5, ,16, ,34.5, ,12.7, ,326, ,74.6, 
240,8/8/2019,1800,220,0.01, ,0, ,358, ,4.6, ,84.2, ,11, ,24.9, ,10.8, ,331, ,74.7, 
240,8/8/2019,1900,220,0.01, ,0, ,55, ,4.1, ,80, ,12, ,22.4, ,5.6, ,342, ,74.8, 
240,8/8/2019,2000,220,0, ,0, ,0, ,6.3, ,76, ,21, ,32.8, ,4.1, ,350, ,74.9, 
240,8/8/2019,2100,220,0, ,0, ,0, ,6.4, ,72.9, ,23, ,33, ,2.4, ,5, ,74.9, 
240,8/8/2019,2200,220,0, ,0, ,0, ,12.5, ,69.2, ,51, ,50.4, ,2.9, ,189, ,74.8, 
240,8/8/2019,2300,220,0, ,0, ,0, ,10.2, ,65.7, ,47, ,45.2, ,2.7, ,247, ,74.7, 
240,8/8/2019,2400,220,0, ,0, ,0, ,12.6, ,66.1, ,58, ,50.7, ,2.7, ,91, ,74.6, 
240,8/9/2019,0100,221,0, ,0, ,0, ,12.3, ,58.4, ,74, ,50.1, ,3, ,234, ,74.5, 
240,8/9/2019,0200,221,0, ,0, ,0, ,11.9, ,53.8, ,84, ,49.2, ,2.7, ,284, ,74.5, 
240,8/9/2019,0300,221,0, ,0, ,0, ,12.3, ,51.8, ,94, ,50, ,1.7, ,264, ,74.4, 
240,8/9/2019,0400,221,0, ,0, ,0, ,11.2, ,50.4, ,89, ,47.4, ,1.5, ,289, ,74.4, 
240,8/9/2019,0500,221,0, ,0, ,0, ,9.5, ,53.5, ,68, ,43.2, ,2.2, ,255, ,74.3, 
240,8/9/2019,0600,221,0, ,0, ,33, ,8.5, ,53, ,62, ,40.4, ,2.1, ,305, ,74.2, 
240,8/9/2019,0700,221,0, ,0, ,436, ,10.8, ,60.6, ,60, ,46.6, ,1.2, ,332, ,74, 
240,8/9/2019,0800,221,0.01, ,0, ,853, ,12.8, ,68, ,55, ,51, ,1.8, ,113, ,73.8, 
240,8/9/2019,0900,221,0.02, ,0, ,1243, ,12.5, ,73.9, ,44, ,50.5, ,3.2, ,176, ,73.6, 
240,8/9/2019,1000,221,0.02, ,0, ,1565, ,10.4, ,79.1, ,31, ,45.6, ,4.9, ,181, ,73.4, 
240,8/9/2019,1100,221,0.03, ,0, ,1794, ,7, ,83.3, ,18, ,35.2, ,3.7, ,180, ,73.3, 
240,8/9/2019,1200,221,0.03, ,0, ,1856, ,6.9, ,86.3, ,16, ,35, ,6.1, ,196, ,73.2, 
240,8/9/2019,1300,221,0.03, ,0, ,1867, ,7.3, ,87.7, ,16, ,36.6, ,6.5, ,190, ,73.2, 
240,8/9/2019,1400,221,0.03, ,0, ,1735, ,8, ,88.5, ,17, ,38.8, ,8.6, ,194, ,73.2, 
240,8/9/2019,1500,221,0.03, ,0, ,1487, ,8.5, ,88.1, ,19, ,40.3, ,11.7, ,180, ,73.3, 
240,8/9/2019,1600,221,0.02, ,0, ,1154, ,8.2, ,86.9, ,19, ,39.4, ,11.8, ,183, ,73.4, 
240,8/9/2019,1700,221,0.02, ,0, ,760, ,8.5, ,85.8, ,20, ,40.2, ,10.2, ,188, ,73.6, 
240,8/9/2019,1800,221,0.01, ,0, ,367, ,7.5, ,84, ,19, ,37.2, ,7.4, ,225, ,73.8, 
240,8/9/2019,1900,221,0, ,0, ,49, ,9.6, ,79.1, ,28, ,43.5, ,4.3, ,80, ,73.9, 
240,8/9/2019,2000,221,0, ,0, ,0, ,12, ,73.5, ,43, ,49.4, ,6.4, ,123, ,74, 
240,8/9/2019,2100,221,0, ,0, ,0, ,12.4, ,70.4, ,49, ,50.3, ,5.2, ,111, ,74.1, 
240,8/9/2019,2200,221,0, ,0, ,0, ,12.2, ,68.6, ,51, ,49.8, ,3.3, ,123, ,74.2, 
240,8/9/2019,2300,221,0, ,0, ,0, ,12.1, ,65.8, ,56, ,49.7, ,3.2, ,209, ,74.1, 
240,8/9/2019,2400,221,0, ,0, ,0, ,12, ,61.3, ,65, ,49.3, ,1.8, ,277, ,74.1, 
240,8/10/2019,0100,222,0, ,0, ,0, ,14.1, ,55.5, ,94, ,53.7, ,1.9, ,304, ,74, 
240,8/10/2019,0200,222,0, ,0, ,0, ,12.8, ,53, ,94, ,51.2, ,2, ,340, ,74, 
240,8/10/2019,0300,222,0, ,0, ,0, ,11.8, ,50.3, ,95, ,48.9, ,1.9, ,284, ,74, 
240,8/10/2019,0400,222,0, ,0, ,0, ,11.8, ,50.2, ,96, ,49, ,1.9, ,275, ,74, 
240,8/10/2019,0500,222,0, ,0, ,0, ,10.8, ,50, ,88, ,46.6, ,1.7, ,298, ,74.1, 
240,8/10/2019,0600,222,0, ,0, ,32, ,9.8, ,49.9, ,80, ,44, ,1.9, ,262, ,74, 
240,8/10/2019,0700,222,0, ,0, ,427, ,10.2, ,56.8, ,65, ,45, ,1.7, ,329, ,73.8, 
240,8/10/2019,0800,222,0.01, ,0, ,860, ,9.7, ,64.9, ,46, ,43.6, ,2, ,307, ,73.6, 
240,8/10/2019,0900,222,0.02, ,0, ,1244, ,10.1, ,70.5, ,39, ,44.7, ,2.5, ,192, ,73.3, 
240,8/10/2019,1000,222,0.02, ,0, ,1565, ,9.6, ,75.5, ,32, ,43.5, ,2.9, ,227, ,73.1, 
240,8/10/2019,1100,222,0.03, ,0, ,1786, ,8.6, ,79.7, ,25, ,40.8, ,3.9, ,166, ,73, 
240,8/10/2019,1200,222,0.03, ,0, ,1879, ,8.1, ,82.9, ,21, ,39, ,3.9, ,165, ,72.9, 
240,8/10/2019,1300,222,0.03, ,0, ,1846, ,8.6, ,85, ,21, ,40.5, ,7.1, ,179, ,72.8, 
240,8/10/2019,1400,222,0.03, ,0, ,1691, ,10.3, ,85.2, ,25, ,45.4, ,8.4, ,183, ,72.8, 
240,8/10/2019,1500,222,0.03, ,0, ,1436, ,10.9, ,85.7, ,26, ,46.9, ,7.1, ,197, ,72.8, 
240,8/10/2019,1600,222,0.02, ,0, ,1092, ,12.1, ,84.8, ,30, ,49.5, ,9.9, ,314, ,72.9, 
240,8/10/2019,1700,222,0.02, ,0, ,724, ,11.8, ,82.2, ,31, ,49, ,12.7, ,332, ,73.1, 
240,8/10/2019,1800,222,0.01, ,0, ,339, ,11.1, ,79.2, ,33, ,47.4, ,11.4, ,336, ,73.3, 
240,8/10/2019,1900,222,0, ,0, ,48, ,9.5, ,75.4, ,32, ,43.3, ,7.8, ,335, ,73.4, 
240,8/10/2019,2000,222,0, ,0, ,0, ,11.3, ,71.9, ,42, ,47.8, ,4.9, ,17, ,73.5, 
240,8/10/2019,2100,222,0, ,0, ,0, ,13.9, ,68.7, ,58, ,53.4, ,5, ,132, ,73.6, 
240,8/10/2019,2200,222,0, ,0, ,0, ,14.8, ,65.9, ,68, ,55, ,4.6, ,186, ,73.6, 
240,8/10/2019,2300,222,0, ,0, ,0, ,14.7, ,64.9, ,70, ,54.8, ,4.3, ,173, ,73.6, 
240,8/10/2019,2400,222,0, ,0, ,0, ,13.7, ,63, ,70, ,53, ,2.3, ,229, ,73.6, 
240,8/11/2019,0100,223,0, ,0, ,0, ,14.6, ,59, ,86, ,54.7, ,2.5, ,190, ,73.5, 
240,8/11/2019,0200,223,0, ,0, ,0, ,13.7, ,55.5, ,91, ,52.9, ,2.1, ,265, ,73.5, 
240,8/11/2019,0300,223,0, ,0, ,0, ,14.1, ,54.8, ,96, ,53.8, ,2, ,241, ,73.6, 
240,8/11/2019,0400,223,0, ,0, ,0, ,13.1, ,52.9, ,96, ,51.8, ,2.5, ,267, ,73.7, 
240,8/11/2019,0500,223,0, ,0, ,0, ,12.7, ,54.4, ,88, ,50.9, ,2.6, ,35, ,73.6, 
240,8/11/2019,0600,223,0, ,0, ,32, ,11.2, ,53.2, ,81, ,47.6, ,2.3, ,302, ,73.3, 
240,8/11/2019,0700,223,0, ,0, ,427, ,12.9, ,59.1, ,75, ,51.2, ,1.6, ,224, ,73, 
240,8/11/2019,0800,223,0.01, ,0, ,847, ,14, ,64.8, ,67, ,53.5, ,2.2, ,204, ,72.8, 
240,8/11/2019,0900,223,0.02, ,0, ,1235, ,13.7, ,69.8, ,55, ,52.9, ,2.4, ,185, ,72.6, 
240,8/11/2019,1000,223,0.02, ,0, ,1555, ,12.1, ,74.3, ,42, ,49.7, ,3.3, ,224, ,72.5, 
240,8/11/2019,1100,223,0.03, ,0, ,1770, ,11.4, ,78.3, ,35, ,48.1, ,3.6, ,169, ,72.5, 
240,8/11/2019,1200,223,0.03, ,0, ,1871, ,11.1, ,81.6, ,30, ,47.3, ,4.6, ,182, ,72.5, 
240,8/11/2019,1300,223,0.03, ,0, ,1844, ,10.8, ,83.9, ,27, ,46.6, ,4.8, ,184, ,72.5, 
240,8/11/2019,1400,223,0.03, ,0, ,1689, ,11.6, ,85.6, ,28, ,48.5, ,7.4, ,331, ,72.5, 
240,8/11/2019,1500,223,0.02, ,0, ,1445, ,12, ,86.2, ,28, ,49.3, ,6.3, ,328, ,72.6, 
240,8/11/2019,1600,223,0.02, ,0, ,1117, ,12.4, ,86.2, ,29, ,50.2, ,7.9, ,332, ,72.7, 
240,8/11/2019,1700,223,0.02, ,0, ,736, ,12.9, ,83.2, ,33, ,51.4, ,11.1, ,318, ,72.9, 
240,8/11/2019,1800,223,0.01, ,0, ,345, ,11.5, ,79.6, ,33, ,48.3, ,11.5, ,314, ,73, 
240,8/11/2019,1900,223,0, ,0, ,45, ,11.7, ,75.3, ,39, ,48.6, ,8.2, ,323, ,73.2, 
240,8/11/2019,2000,223,0, ,0, ,0, ,12.3, ,72.6, ,45, ,49.9, ,4.8, ,357, ,73.3, 
240,8/11/2019,2100,223,0, ,0, ,0, ,12, ,69.6, ,49, ,49.4, ,2.8, ,356, ,73.4, 
240,8/11/2019,2200,223,0, ,0, ,0, ,11.8, ,67.7, ,51, ,48.9, ,2.2, ,359, ,73.5, 
240,8/11/2019,2300,223,0, ,0, ,0, ,11.8, ,66.2, ,54, ,49, ,2.8, ,3, ,73.5, 
240,8/11/2019,2400,223,0, ,0, ,0, ,12.3, ,64.2, ,60, ,50.1, ,2.2, ,343, ,73.4, 
240,8/12/2019,0100,224,0, ,0, ,0, ,14.7, ,56.9, ,93, ,55, ,1.2, ,270, ,73.4, 
240,8/12/2019,0200,224,0, ,0, ,0, ,14.4, ,55.6, ,96, ,54.4, ,1.6, ,265, ,73.4, 
240,8/12/2019,0300,224,0, ,0, ,0, ,14, ,54.8, ,95, ,53.5, ,2, ,318, ,73.6, 
240,8/12/2019,0400,224,0, ,0, ,0, ,13.2, ,53.1, ,96, ,51.9, ,1.8, ,285, ,73.6, 
240,8/12/2019,0500,224,0, ,0, ,0, ,12.1, ,53, ,89, ,49.7, ,1.7, ,279, ,73.3, 
240,8/12/2019,0600,224,0, ,0, ,32, ,11.5, ,53.5, ,83, ,48.3, ,2.1, ,276, ,72.9, 
240,8/12/2019,0700,224,0, ,0, ,422, ,12.7, ,59, ,74, ,50.8, ,1.5, ,324, ,72.6, 
240,8/12/2019,0800,224,0.01, ,0, ,837, ,13.6, ,66.8, ,61, ,52.8, ,2.3, ,4, ,72.4, 
240,8/12/2019,0900,224,0.02, ,0, ,1221, ,13.9, ,72.8, ,51, ,53.4, ,2.6, ,328, ,72.2, 
240,8/12/2019,1000,224,0.02, ,0, ,1543, ,13.9, ,77.1, ,44, ,53.3, ,3, ,297, ,72.1, 
240,8/12/2019,1100,224,0.03, ,0, ,1770, ,12.7, ,80.8, ,35, ,50.9, ,3.3, ,295, ,72.1, 
240,8/12/2019,1200,224,0.03, ,0, ,1875, ,10.7, ,84.5, ,26, ,46.4, ,3.8, ,200, ,72.1, 
240,8/12/2019,1300,224,0.03, ,0, ,1842, ,10, ,87.5, ,22, ,44.5, ,3.7, ,177, ,72.1, 
240,8/12/2019,1400,224,0.03, ,0, ,1695, ,11.6, ,88.9, ,25, ,48.4, ,5.4, ,299, ,72.2, 
240,8/12/2019,1500,224,0.03, ,0, ,1433, ,12.6, ,89.6, ,27, ,50.7, ,9.4, ,329, ,72.4, 
240,8/12/2019,1600,224,0.02, ,0, ,1088, ,13.6, ,88.1, ,30, ,52.8, ,11.4, ,330, ,72.5, 
240,8/12/2019,1700,224,0.01, ,0, ,713, ,13.3, ,86.4, ,31, ,52.2, ,8.7, ,322, ,72.7, 
240,8/12/2019,1800,224,0.01, ,0, ,329, ,13.4, ,83.4, ,34, ,52.4, ,9.5, ,330, ,72.9, 
240,8/12/2019,1900,224,0, ,0, ,40, ,13.4, ,78.8, ,40, ,52.3, ,6, ,351, ,73.1, 
240,8/12/2019,2000,224,0, ,0, ,0, ,13.7, ,74.9, ,46, ,52.9, ,4.4, ,112, ,73.2, 
240,8/12/2019,2100,224,0, ,0, ,0, ,13, ,72.2, ,48, ,51.6, ,2.4, ,31, ,73.3, 
240,8/12/2019,2200,224,0, ,0, ,0, ,12.5, ,70.3, ,49, ,50.4, ,2.9, ,356, ,73.4, 
240,8/12/2019,2300,224,0, ,0, ,0, ,12.3, ,67.8, ,53, ,49.9, ,5.2, ,356, ,73.5, 
240,8/12/2019,2400,224,0, ,0, ,0, ,13.2, ,65.1, ,62, ,51.9, ,2.4, ,331, ,73.5, 
240,8/13/2019,0100,225,0, ,0, ,0, ,13.9, ,64.3, ,67, ,53.3, ,2.9, ,17, ,73.4, 
240,8/13/2019,0200,225,0, ,0, ,0, ,12.2, ,61.1, ,66, ,49.7, ,1.6, ,300, ,73.4, 
240,8/13/2019,0300,225,0, ,0, ,0, ,12, ,60.4, ,67, ,49.4, ,1.6, ,248, ,73.4, 
240,8/13/2019,0400,225,0, ,0, ,0, ,11.4, ,58.1, ,69, ,48.1, ,1.4, ,295, ,73.3, 
240,8/13/2019,0500,225,0, ,0, ,0, ,11.6, ,57.5, ,72, ,48.4, ,2, ,325, ,73.2, 
240,8/13/2019,0600,225,0, ,0, ,29, ,11.3, ,55.4, ,76, ,47.9, ,1.6, ,291, ,73.1, 
240,8/13/2019,0700,225,0, ,0, ,425, ,13.2, ,61.3, ,71, ,51.9, ,2.2, ,339, ,73, 
240,8/13/2019,0800,225,0.01, ,0, ,838, ,14.2, ,68.6, ,60, ,54, ,2.1, ,324, ,72.9, 
240,8/13/2019,0900,225,0.02, ,0, ,1232, ,13.7, ,75.5, ,45, ,52.9, ,2.1, ,314, ,72.7, 
240,8/13/2019,1000,225,0.02, ,0, ,1565, ,9.3, ,82, ,25, ,42.5, ,3.4, ,151, ,72.6, 
240,8/13/2019,1100,225,0.03, ,0, ,1790, ,8.8, ,87.4, ,20, ,41.2, ,3.8, ,181, ,72.6, 
240,8/13/2019,1200,225,0.03, ,0, ,1894, ,7.1, ,91.5, ,14, ,35.6, ,4, ,204, ,72.5, 
240,8/13/2019,1300,225,0.03, ,0, ,1877, ,7, ,93.8, ,13, ,35.2, ,5.1, ,192, ,72.6, 
240,8/13/2019,1400,225,0.03, ,0, ,1730, ,8.9, ,94.4, ,16, ,41.5, ,6.4, ,285, ,72.6, 
240,8/13/2019,1500,225,0.03, ,0, ,1419, ,11.7, ,93.6, ,22, ,48.7, ,7.9, ,321, ,72.8, 
240,8/13/2019,1600,225,0.02, ,0, ,1085, ,11.8, ,93.3, ,22, ,49, ,4.6, ,320, ,73, 
240,8/13/2019,1700,225,0.01, ,0, ,703, ,11.8, ,92, ,23, ,49, ,6.9, ,354, ,73.1, 
240,8/13/2019,1800,225,0.01, ,0, ,312, ,11.5, ,88.6, ,25, ,48.2, ,6.8, ,48, ,73.4, 
240,8/13/2019,1900,225,0, ,0, ,39, ,11.3, ,83.8, ,29, ,47.8, ,5.3, ,13, ,73.6, 
240,8/13/2019,2000,225,0, ,0, ,0, ,11.3, ,77.9, ,34, ,47.7, ,4.7, ,11, ,73.8, 
240,8/13/2019,2100,225,0, ,0, ,0, ,10.8, ,75.4, ,36, ,46.7, ,4.6, ,347, ,73.9, 
240,8/13/2019,2200,225,0, ,0, ,0, ,11.4, ,73, ,41, ,48, ,2.4, ,26, ,74, 
240,8/13/2019,2300,225,0, ,0, ,0, ,11.6, ,70.4, ,46, ,48.5, ,1.8, ,3, ,74, 
240,8/13/2019,2400,225,0, ,0, ,0, ,11.4, ,65.9, ,53, ,48.1, ,1.7, ,262, ,74, 
240,8/14/2019,0100,226,0, ,0, ,0, ,14.4, ,57.7, ,88, ,54.2, ,1.3, ,267, ,74, 
240,8/14/2019,0200,226,0, ,0, ,0, ,13.7, ,55.5, ,91, ,53, ,1.3, ,306, ,74, 
240,8/14/2019,0300,226,0, ,0, ,0, ,13, ,54, ,92, ,51.6, ,1.6, ,299, ,74.1, 
240,8/14/2019,0400,226,0, ,0, ,0, ,12.5, ,54.1, ,88, ,50.5, ,1.6, ,304, ,74.1, 
240,8/14/2019,0500,226,0, ,0, ,0, ,10.6, ,56.8, ,67, ,46.1, ,2.1, ,333, ,74.1, 
240,8/14/2019,0600,226,0, ,0, ,27, ,10.5, ,57.1, ,66, ,45.9, ,2.1, ,326, ,74, 
240,8/14/2019,0700,226,0, ,0, ,428, ,11.6, ,62.5, ,60, ,48.5, ,2.1, ,329, ,73.8, 
240,8/14/2019,0800,226,0.01, ,0, ,842, ,11.9, ,71.5, ,45, ,49, ,2, ,341, ,73.7, 
240,8/14/2019,0900,226,0.02, ,0, ,1237, ,11.6, ,79.9, ,33, ,48.5, ,1.9, ,308, ,73.5, 
240,8/14/2019,1000,226,0.02, ,0, ,1571, ,10.3, ,86, ,24, ,45.2, ,3.1, ,161, ,73.4, 
240,8/14/2019,1100,226,0.03, ,0, ,1718, ,8.2, ,90.7, ,17, ,39.5, ,3.4, ,154, ,73.2, 
240,8/14/2019,1200,226,0.03, ,0, ,1875, ,7.7, ,93.7, ,14, ,37.6, ,3.9, ,195, ,73.1, 
240,8/14/2019,1300,226,0.03, ,0, ,1875, ,7, ,96.3, ,12, ,35.2, ,6.3, ,186, ,73.1, 
240,8/14/2019,1400,226,0.03, ,0, ,1728, ,6.8, ,97.6, ,11, ,34.5, ,7.3, ,176, ,73.2, 
240,8/14/2019,1500,226,0.03, ,0, ,1433, ,8.7, ,97.1, ,14, ,40.8, ,6.3, ,266, ,73.3, 
240,8/14/2019,1600,226,0.02, ,0, ,1095, ,9.7, ,96.1, ,17, ,43.8, ,8.2, ,313, ,73.4, 
240,8/14/2019,1700,226,0.02, ,0, ,729, ,8.8, ,94, ,16, ,41.2, ,9.8, ,313, ,73.6, 
240,8/14/2019,1800,226,0.01, ,0, ,333, ,8.1, ,90.4, ,17, ,39.1, ,10, ,324, ,73.8, 
240,8/14/2019,1900,226,0.01, ,0, ,37, ,8, ,85.6, ,19, ,38.8, ,7.1, ,332, ,74, 
240,8/14/2019,2000,226,0, ,0, ,0, ,7.1, ,81.7, ,19, ,35.8, ,4.6, ,358, ,74.1, 
240,8/14/2019,2100,226,0, ,0, ,0, ,8.8, ,77.6, ,27, ,41.3, ,2.8, ,17, ,74.2, 
240,8/14/2019,2200,226,0, ,0, ,0, ,8, ,74.3, ,28, ,38.7, ,2.4, ,350, ,74.2, 
240,8/14/2019,2300,226,0, ,0, ,0, ,8.3, ,71.5, ,31, ,39.6, ,1.7, ,355, ,74.2, 
240,8/14/2019,2400,226,0, ,0, ,0, ,8.6, ,68, ,37, ,40.7, ,1.5, ,336, ,74.2, 
240,8/15/2019,0100,227,0, ,0, ,0, ,8.5, ,64.9, ,41, ,40.4, ,2.3, ,310, ,74.1, 
240,8/15/2019,0200,227,0, ,0, ,0, ,7.6, ,62.1, ,40, ,37.5, ,1.7, ,290, ,74.1, 
240,8/15/2019,0300,227,0, ,0, ,0, ,7.9, ,61.1, ,43, ,38.4, ,1.6, ,304, ,74, 
240,8/15/2019,0400,227,0, ,0, ,0, ,7, ,58.6, ,42, ,35.5, ,1.8, ,335, ,73.9, 
240,8/15/2019,0500,227,0, ,0, ,0, ,8.3, ,57.9, ,51, ,39.7, ,2, ,312, ,73.7, 
240,8/15/2019,0600,227,0, ,0, ,26, ,7.7, ,55.8, ,51, ,37.9, ,2.2, ,284, ,73.6, 
240,8/15/2019,0700,227,0, ,0, ,429, ,8.7, ,62.8, ,45, ,41, ,1.6, ,341, ,73.4, 
240,8/15/2019,0800,227,0.01, ,0, ,850, ,9.6, ,72.4, ,35, ,43.5, ,2.5, ,65, ,73.3, 
240,8/15/2019,0900,227,0.02, ,0, ,1244, ,9, ,79.2, ,26, ,41.8, ,2.5, ,171, ,73.1, 
240,8/15/2019,1000,227,0.02, ,0, ,1580, ,7.7, ,86.1, ,18, ,37.7, ,2.4, ,211, ,73, 
240,8/15/2019,1100,227,0.03, ,0, ,1786, ,7.9, ,90.1, ,16, ,38.5, ,3.9, ,297, ,72.9, 
240,8/15/2019,1200,227,0.03, ,0, ,1904, ,7.6, ,93.6, ,14, ,37.4, ,4.1, ,255, ,72.8, 
240,8/15/2019,1300,227,0.03, ,0, ,1852, ,7.5, ,96.2, ,13, ,37.2, ,7.2, ,359, ,72.8, 
240,8/15/2019,1400,227,0.03, ,0, ,1710, ,7.5, ,97, ,13, ,37.1, ,8, ,346, ,72.9, 
240,8/15/2019,1500,227,0.03, ,0, ,1466, ,7.3, ,97, ,12, ,36.5, ,9.8, ,334, ,73, 
240,8/15/2019,1600,227,0.03, ,0, ,1127, ,7.5, ,96.6, ,13, ,37.2, ,10.8, ,331, ,73.2, 
240,8/15/2019,1700,227,0.02, ,0, ,726, ,8.2, ,93.8, ,15, ,39.5, ,11.7, ,331, ,73.3, 
240,8/15/2019,1800,227,0.01, ,0, ,325, ,7.8, ,89.5, ,16, ,38.1, ,9.9, ,320, ,73.5, 
240,8/15/2019,1900,227,0.01, ,0, ,35, ,7.7, ,84.5, ,19, ,37.6, ,8.2, ,331, ,73.6, 
240,8/15/2019,2000,227,0, ,0, ,0, ,8.9, ,80.3, ,25, ,41.4, ,7.1, ,340, ,73.7, 
240,8/15/2019,2100,227,0, ,0, ,0, ,8.4, ,77.1, ,27, ,40.1, ,5, ,8, ,73.8, 
240,8/15/2019,2200,227,0, ,0, ,0, ,9.5, ,72.1, ,35, ,43.1, ,3.7, ,325, ,73.8, 
240,8/15/2019,2300,227,0, ,0, ,0, ,8.8, ,70.6, ,35, ,41.3, ,2.5, ,245, ,73.8, 
240,8/15/2019,2400,227,0, ,0, ,0, ,8.6, ,66.6, ,39, ,40.7, ,1.7, ,243, ,73.8, 
240,8/16/2019,0100,228,0, ,0, ,0, ,11.2, ,62.3, ,58, ,47.4, ,2.6, ,208, ,73.7, 
240,8/16/2019,0200,228,0, ,0, ,0, ,11.6, ,52.8, ,85, ,48.5, ,1.9, ,325, ,73.7, 
240,8/16/2019,0300,228,0,Y,0, ,0, ,10.7, ,50,Y,87,Y,46.3,Y,1.6, ,302, ,73.7, 
240,8/16/2019,0400,228,0, ,0, ,0, ,10, ,51.7, ,77, ,44.6, ,2.1, ,286, ,73.7, 
240,8/16/2019,0500,228,0, ,0, ,0, ,8.6, ,54.5, ,59, ,40.5, ,1.6, ,295, ,73.7, 
240,8/16/2019,0600,228,0, ,0, ,29, ,8, ,54.4, ,55, ,38.7, ,1.8, ,288, ,73.5, 
240,8/16/2019,0700,228,0, ,0, ,422, ,10.3, ,61.2, ,56, ,45.4, ,1.7, ,314, ,73.3, 
240,8/16/2019,0800,228,0.01, ,0, ,832, ,11.3, ,68.6, ,47, ,47.7, ,2.1, ,227, ,73.1, 
240,8/16/2019,0900,228,0.02, ,0, ,1229, ,9.4, ,76, ,30, ,42.8, ,3.1, ,183, ,72.9, 
240,8/16/2019,1000,228,0.02, ,0, ,1553, ,9, ,80.9, ,25, ,41.9, ,4.3, ,183, ,72.8, 
240,8/16/2019,1100,228,0.03, ,0, ,1728, ,9.1, ,85.5, ,22, ,42.2, ,3.3, ,191, ,72.6, 
240,8/16/2019,1200,228,0.03, ,0, ,1751, ,8.6, ,88.7, ,19, ,40.7, ,4.1, ,177, ,72.6, 
240,8/16/2019,1300,228,0.03, ,0, ,1621, ,8.4, ,91.8, ,16, ,39.9, ,5.6, ,196, ,72.6, 
240,8/16/2019,1400,228,0.03, ,0, ,1695, ,9.2, ,93.1, ,17, ,42.3, ,10.8, ,146, ,72.6, 
240,8/16/2019,1500,228,0.03, ,0, ,1442, ,8.2, ,91.5, ,16, ,39.5, ,12.4, ,165, ,72.7, 
240,8/16/2019,1600,228,0.02, ,0, ,1111, ,9.2, ,88.9, ,20, ,42.5, ,11.9, ,172, ,72.9, 
240,8/16/2019,1700,228,0.02, ,0, ,712, ,9.8, ,87, ,22, ,43.9, ,9.9, ,158, ,73, 
240,8/16/2019,1800,228,0.01, ,0, ,318, ,10, ,82.5, ,26, ,44.6, ,8.8, ,140, ,73.2, 
240,8/16/2019,1900,228,0, ,0, ,31, ,11, ,76, ,36, ,47.1, ,9.6, ,126, ,73.4, 
240,8/16/2019,2000,228,0, ,0, ,0, ,11.5, ,70.8, ,45, ,48.3, ,9.3, ,133, ,73.5, 
240,8/16/2019,2100,228,0, ,0, ,0, ,12.3, ,67.9, ,53, ,50, ,6.7, ,135, ,73.6, 
240,8/16/2019,2200,228,0, ,0, ,0, ,13.3, ,65.5, ,62, ,52.1, ,4.5, ,166, ,73.7, 
240,8/16/2019,2300,228,0, ,0, ,0, ,13.9, ,63.7, ,69, ,53.3, ,4.4, ,162, ,73.6, 
240,8/16/2019,2400,228,0, ,0, ,0, ,14, ,62.4, ,73, ,53.6, ,4, ,153, ,73.6, 
240,8/17/2019,0100,229,0, ,0, ,0, ,15, ,58.8, ,89, ,55.5, ,3.1, ,158, ,73.6, 
240,8/17/2019,0200,229,0, ,0, ,0, ,14.7, ,58.2, ,89, ,54.9, ,4.7, ,167, ,73.6, 
240,8/17/2019,0300,229,0, ,0, ,0, ,14.5, ,56.6, ,93, ,54.5, ,4.6, ,141, ,73.6, 
240,8/17/2019,0400,229,0, ,0, ,0, ,14.5, ,55, ,98, ,54.5, ,4.4, ,167, ,73.6, 
240,8/17/2019,0500,229,0, ,0, ,0, ,14.5, ,54.8, ,99, ,54.5, ,3.9, ,170, ,73.6, 
240,8/17/2019,0600,229,0, ,0, ,30, ,13.8, ,53.6, ,99, ,53.2, ,4.1, ,257, ,73.5, 
240,8/17/2019,0700,229,0, ,0, ,154, ,14.3, ,54.4, ,99, ,54.1, ,2.5, ,231, ,73.3, 
240,8/17/2019,0800,229,0.01, ,0, ,570, ,14.9, ,56.7, ,95, ,55.3, ,3.5, ,245, ,73.1, 
240,8/17/2019,0900,229,0.01, ,0, ,1233, ,14.9, ,61.4, ,80, ,55.2, ,3.4, ,282, ,73, 
240,8/17/2019,1000,229,0.02, ,0, ,1555, ,14.2, ,68.2, ,60, ,53.9, ,2.5, ,142, ,72.8, 
240,8/17/2019,1100,229,0.03, ,0, ,1776, ,12.5, ,74.8, ,42, ,50.5, ,3.6, ,193, ,72.7, 
240,8/17/2019,1200,229,0.03, ,0, ,1883, ,9.6, ,81, ,27, ,43.5, ,5.2, ,191, ,72.6, 
240,8/17/2019,1300,229,0.03, ,0, ,1875, ,7.8, ,84.3, ,19, ,38.1, ,5.3, ,178, ,72.6, 
240,8/17/2019,1400,229,0.03, ,0, ,1720, ,8.7, ,86.1, ,20, ,40.9, ,6, ,168, ,72.6, 
240,8/17/2019,1500,229,0.02, ,0, ,1432, ,11.5, ,86.8, ,26, ,48.1, ,6.7, ,347, ,72.7, 
240,8/17/2019,1600,229,0.02, ,0, ,1086, ,12.6, ,85.6, ,30, ,50.8, ,6, ,316, ,72.8, 
240,8/17/2019,1700,229,0.02, ,0, ,703, ,12.2, ,82.5, ,32, ,49.9, ,10.3, ,182, ,72.9, 
240,8/17/2019,1800,229,0.01, ,0, ,310, ,11.2, ,78.6, ,34, ,47.6, ,8.8, ,163, ,73.1, 
240,8/17/2019,1900,229,0, ,0, ,28, ,10.7, ,74, ,37, ,46.3, ,8.9, ,139, ,73.3, 
240,8/17/2019,2000,229,0, ,0, ,0, ,12.4, ,68.4, ,52, ,50.2, ,8.7, ,131, ,73.4, 
240,8/17/2019,2100,229,0, ,0, ,0, ,13.1, ,66.1, ,60, ,51.8, ,5.7, ,137, ,73.5, 
240,8/17/2019,2200,229,0, ,0, ,0, ,13.7, ,64.2, ,67, ,53, ,3.9, ,165, ,73.5, 
240,8/17/2019,2300,229,0, ,0, ,0, ,13.9, ,63.3, ,70, ,53.3, ,2.7, ,170, ,73.5, 
240,8/17/2019,2400,229,0, ,0, ,0, ,14.1, ,62.7, ,72, ,53.8, ,3.3, ,157, ,73.5, 
240,8/18/2019,0100,230,0, ,0, ,0, ,14.8, ,59.4, ,85, ,55, ,3, ,184, ,73.5, 
240,8/18/2019,0200,230,0, ,0, ,0, ,15, ,56.6, ,96, ,55.5, ,1.7, ,183, ,73.5, 
240,8/18/2019,0300,230,0, ,0, ,0, ,15.3, ,56.5, ,98, ,56, ,1.6, ,62, ,73.5, 
240,8/18/2019,0400,230,0, ,0, ,0, ,14.1, ,54.1, ,99, ,53.7, ,1.8, ,352, ,73.6, 
240,8/18/2019,0500,230,0, ,0, ,0, ,14.3, ,54.6, ,98, ,54.1, ,1.7, ,57, ,73.7, 
240,8/18/2019,0600,230,0, ,0, ,54, ,13.9, ,53.8, ,98, ,53.3, ,2.8, ,23, ,73.6, 
240,8/18/2019,0700,230,0, ,0, ,284, ,14.4, ,54.5, ,99, ,54.3, ,3.8, ,12, ,73.3, 
240,8/18/2019,0800,230,0.01, ,0, ,887, ,16.2, ,59.2, ,95, ,57.6, ,2.5, ,16, ,73.1, 
240,8/18/2019,0900,230,0.01, ,0, ,1331, ,15.9, ,65, ,76, ,57.1, ,2.9, ,151, ,72.9, 
240,8/18/2019,1000,230,0.02, ,0, ,1702, ,14.4, ,71.1, ,55, ,54.3, ,3.3, ,166, ,72.8, 
240,8/18/2019,1100,230,0.03, ,0, ,1823, ,12.3, ,76, ,40, ,49.9, ,3.7, ,254, ,72.6, 
240,8/18/2019,1200,230,0.03, ,0, ,1871, ,12.4, ,80.3, ,35, ,50.2, ,3.7, ,196, ,72.6, 
240,8/18/2019,1300,230,0.03, ,0, ,1850, ,10.3, ,84, ,26, ,45.4, ,5.6, ,184, ,72.5, 
240,8/18/2019,1400,230,0.03, ,0, ,1720, ,8.7, ,86.3, ,20, ,40.9, ,4.8, ,181, ,72.5, 
240,8/18/2019,1500,230,0.02, ,0, ,1407, ,11.4, ,87.2, ,26, ,47.9, ,7.2, ,332, ,72.6, 
240,8/18/2019,1600,230,0.02, ,0, ,1068, ,13.4, ,86.3, ,31, ,52.4, ,8.1, ,326, ,72.7, 
240,8/18/2019,1700,230,0.01, ,0, ,692, ,14.1, ,85.3, ,34, ,53.8, ,8.6, ,333, ,72.8, 
240,8/18/2019,1800,230,0.01, ,0, ,299, ,13.9, ,82.1, ,37, ,53.3, ,7.9, ,346, ,73, 
240,8/18/2019,1900,230,0, ,0, ,26, ,12.7, ,78.2, ,39, ,50.9, ,4.8, ,48, ,73.2, 
240,8/18/2019,2000,230,0, ,0, ,0, ,14, ,72.7, ,51, ,53.6, ,4.6, ,42, ,73.3, 
240,8/18/2019,2100,230,0, ,0, ,0, ,14.2, ,69.8, ,57, ,53.9, ,4.2, ,74, ,73.4, 
240,8/18/2019,2200,230,0, ,0, ,0, ,14.2, ,67.4, ,62, ,53.9, ,3.2, ,90, ,73.5, 
240,8/18/2019,2300,230,0, ,0, ,0, ,14.6, ,66.1, ,67, ,54.6, ,3.9, ,162, ,73.5, 
240,8/18/2019,2400,230,0, ,0, ,0, ,14.5, ,64.3, ,71, ,54.5, ,1.7, ,78, ,73.5, 
240,8/19/2019,0100,231,0, ,0, ,0, ,16.5, ,59.5, ,95, ,58.1, ,3.2, ,128, ,73.4, 
240,8/19/2019,0200,231,0, ,0, ,0, ,15.5, ,57.9, ,95, ,56.3, ,2.8, ,209, ,73.5, 
240,8/19/2019,0300,231,0, ,0, ,0, ,15.1, ,56.3, ,98, ,55.6, ,2, ,242, ,73.6, 
240,8/19/2019,0400,231,0, ,0, ,0, ,15.3, ,56.9, ,97, ,56, ,2.4, ,137, ,73.7, 
240,8/19/2019,0500,231,0, ,0, ,0, ,14.8, ,57.8, ,90, ,55, ,3.8, ,174, ,73.5, 
240,8/19/2019,0600,231,0, ,0, ,33, ,13.8, ,56.2, ,90, ,53.2, ,2.7, ,216, ,73.1, 
240,8/19/2019,0700,231,0, ,0, ,385, ,14.4, ,59.2, ,84, ,54.3, ,1.6, ,311, ,72.9, 
240,8/19/2019,0800,231,0.01, ,0, ,804, ,15.4, ,63.3, ,77, ,56.2, ,2.2, ,314, ,72.7, 
240,8/19/2019,0900,231,0.01, ,0, ,1193, ,16, ,68.9, ,66, ,57.2, ,2.4, ,278, ,72.5, 
240,8/19/2019,1000,231,0.02, ,0, ,1524, ,15.1, ,74.9, ,51, ,55.7, ,2.5, ,52, ,72.4, 
240,8/19/2019,1100,231,0.03, ,0, ,1759, ,12.5, ,79.9, ,36, ,50.5, ,3.2, ,192, ,72.3, 
240,8/19/2019,1200,231,0.03, ,0, ,1869, ,9.5, ,84.6, ,24, ,43.3, ,3.1, ,178, ,72.3, 
240,8/19/2019,1300,231,0.03, ,0, ,1830, ,9, ,87.8, ,20, ,41.7, ,4.7, ,157, ,72.4, 
240,8/19/2019,1400,231,0.03, ,0, ,1697, ,9.4, ,89.5, ,20, ,42.9, ,5.3, ,190, ,72.4, 
240,8/19/2019,1500,231,0.03, ,0, ,1409, ,13.3, ,89.3, ,28, ,52.1, ,8.9, ,326, ,72.5, 
240,8/19/2019,1600,231,0.02, ,0, ,1067, ,13.4, ,88.7, ,29, ,52.3, ,10, ,322, ,72.6, 
240,8/19/2019,1700,231,0.02, ,0, ,681, ,13.2, ,87.3, ,30, ,51.9, ,9.5, ,325, ,72.8, 
240,8/19/2019,1800,231,0.01, ,0, ,294, ,14.1, ,83.4, ,36, ,53.7, ,10.2, ,327, ,73, 
240,8/19/2019,1900,231,0, ,0, ,25, ,12.8, ,78.7, ,38, ,51.2, ,6.8, ,325, ,73.1, 
240,8/19/2019,2000,231,0, ,0, ,0, ,13, ,75.3, ,44, ,51.6, ,4.4, ,331, ,73.3, 
240,8/19/2019,2100,231,0, ,0, ,0, ,12.5, ,72.5, ,46, ,50.5, ,3.7, ,337, ,73.4, 
240,8/19/2019,2200,231,0, ,0, ,0, ,13.1, ,70.2, ,52, ,51.7, ,4.7, ,11, ,73.5, 
240,8/19/2019,2300,231,0, ,0, ,0, ,13.4, ,68.4, ,57, ,52.4, ,2.9, ,38, ,73.5, 
240,8/19/2019,2400,231,0, ,0, ,0, ,12.7, ,64.5, ,61, ,50.8, ,1.4, ,264, ,73.5, 
240,8/20/2019,0100,232,0, ,0, ,0, ,12.9, ,63.1, ,65, ,51.3, ,1.4, ,4, ,73.4, 
240,8/20/2019,0200,232,0, ,0, ,0, ,12.4, ,60.6, ,69, ,50.3, ,1.9, ,336, ,73.4, 
240,8/20/2019,0300,232,0, ,0, ,0, ,12.5, ,59.4, ,72, ,50.4, ,1.4, ,281, ,73.3, 
240,8/20/2019,0400,232,0, ,0, ,0, ,12.1, ,57.3, ,76, ,49.6, ,1.9, ,321, ,73.2, 
240,8/20/2019,0500,232,0, ,0, ,0, ,12.1, ,57, ,76, ,49.6, ,1.6, ,320, ,73.1, 
240,8/20/2019,0600,232,0, ,0, ,26, ,11.3, ,54.7, ,77, ,47.8, ,1.8, ,301, ,73, 
240,8/20/2019,0700,232,0, ,0, ,376, ,12.5, ,60.7, ,69, ,50.5, ,2.2, ,346, ,72.9, 
240,8/20/2019,0800,232,0.01, ,0, ,810, ,13.7, ,67.8, ,59, ,52.9, ,2.9, ,358, ,72.8, 
240,8/20/2019,0900,232,0.02, ,0, ,1200, ,13.7, ,74.8, ,47, ,53, ,2, ,350, ,72.7, 
240,8/20/2019,1000,232,0.02, ,0, ,1524, ,12.2, ,79.6, ,35, ,49.8, ,2.7, ,277, ,72.6, 
240,8/20/2019,1100,232,0.03, ,0, ,1755, ,10, ,83.5, ,25, ,44.4, ,3.2, ,101, ,72.5, 
240,8/20/2019,1200,232,0.03, ,0, ,1840, ,10, ,87.4, ,23, ,44.6, ,3.9, ,20, ,72.5, 
240,8/20/2019,1300,232,0.03, ,0, ,1809, ,9.8, ,90.4, ,20, ,43.9, ,6, ,331, ,72.5, 
240,8/20/2019,1400,232,0.03, ,0, ,1673, ,9.8, ,91.6, ,19, ,44, ,7.9, ,337, ,72.5, 
240,8/20/2019,1500,232,0.03, ,0, ,1422, ,10.2, ,92.7, ,20, ,45.2, ,9.2, ,337, ,72.6, 
240,8/20/2019,1600,232,0.02, ,0, ,1077, ,11, ,91.6, ,22, ,47, ,10.8, ,334, ,72.7, 
240,8/20/2019,1700,232,0.02, ,0, ,690, ,11.6, ,89.4, ,25, ,48.5, ,10.2, ,325, ,72.9, 
240,8/20/2019,1800,232,0.01, ,0, ,304, ,8.9, ,85.9, ,21, ,41.5, ,10.3, ,320, ,73, 
240,8/20/2019,1900,232,0, ,0, ,24, ,7.5, ,80.8, ,21, ,37.2, ,5.4, ,311, ,73.1, 
240,8/20/2019,2000,232,0, ,0, ,0, ,9, ,77, ,28, ,41.9, ,2.7, ,326, ,73.3, 
240,8/20/2019,2100,232,0, ,0, ,0, ,11.1, ,74.5, ,38, ,47.3, ,5.9, ,360, ,73.3, 
240,8/20/2019,2200,232,0, ,0, ,0, ,12.5, ,71.1, ,48, ,50.6, ,3.6, ,334, ,73.4, 
240,8/20/2019,2300,232,0, ,0, ,0, ,12.3, ,69.2, ,50, ,50, ,3.1, ,5, ,73.4, 
240,8/20/2019,2400,232,0, ,0, ,0, ,12.1, ,65.7, ,56, ,49.7, ,1.9, ,2, ,73.3, 
240,8/21/2019,0100,233,0, ,0, ,0, ,14.3, ,56.5, ,92, ,54.1, ,1.8, ,304, ,73.3, 
240,8/21/2019,0200,233,0, ,0, ,0, ,14, ,55, ,95, ,53.5, ,1.6, ,315, ,73.3, 
240,8/21/2019,0300,233,0, ,0, ,0, ,12.7, ,52.3, ,95, ,50.8, ,1.8, ,296, ,73.4, 
240,8/21/2019,0400,233,0, ,0, ,0, ,12.5, ,51.8, ,95, ,50.4, ,1.3, ,296, ,73.4, 
240,8/21/2019,0500,233,0, ,0, ,0, ,11.3, ,52.7, ,83, ,47.7, ,1.8, ,295, ,73.3, 
240,8/21/2019,0600,233,0, ,0, ,24, ,10.2, ,53.9, ,72, ,45.2, ,1.6, ,299, ,73.2, 
240,8/21/2019,0700,233,0, ,0, ,391, ,11.3, ,59.5, ,65, ,47.9, ,2.1, ,287, ,73.1, 
240,8/21/2019,0800,233,0.01, ,0, ,821, ,12.9, ,69.1, ,53, ,51.3, ,1.7, ,322, ,72.9, 
240,8/21/2019,0900,233,0.02, ,0, ,1222, ,12.6, ,76.8, ,40, ,50.7, ,2, ,165, ,72.7, 
240,8/21/2019,1000,233,0.02, ,0, ,1559, ,10.2, ,83, ,26, ,45.1, ,2.8, ,156, ,72.6, 
240,8/21/2019,1100,233,0.03, ,0, ,1792, ,8, ,88.1, ,18, ,38.7, ,3.1, ,168, ,72.5, 
240,8/21/2019,1200,233,0.03, ,0, ,1883, ,7.2, ,91.4, ,14, ,36.1, ,4.7, ,170, ,72.4, 
240,8/21/2019,1300,233,0.03, ,0, ,1825, ,7.8, ,93.7, ,14, ,38.2, ,4, ,154, ,72.4, 
240,8/21/2019,1400,233,0.03, ,0, ,1687, ,7.8, ,95.6, ,14, ,38.2, ,6.9, ,16, ,72.4, 
240,8/21/2019,1500,233,0.03, ,0, ,1430, ,8.4, ,95.8, ,15, ,40, ,8.1, ,335, ,72.5, 
240,8/21/2019,1600,233,0.02, ,0, ,1082, ,9.2, ,95, ,16, ,42.3, ,8.7, ,325, ,72.7, 
240,8/21/2019,1700,233,0.02, ,0, ,684, ,9.8, ,93.2, ,18, ,44, ,9.3, ,327, ,72.9, 
240,8/21/2019,1800,233,0.01, ,0, ,289, ,9.1, ,88.7, ,20, ,42, ,8.9, ,317, ,73, 
240,8/21/2019,1900,233,0, ,0, ,22, ,7.9, ,83.1, ,20, ,38.4, ,5.9, ,325, ,73.2, 
240,8/21/2019,2000,233,0, ,0, ,0, ,8.4, ,78.6, ,25, ,40.1, ,4.1, ,330, ,73.3, 
240,8/21/2019,2100,233,0, ,0, ,0, ,9.9, ,75.3, ,33, ,44.2, ,3.7, ,10, ,73.4, 
240,8/21/2019,2200,233,0, ,0, ,0, ,11.1, ,73.1, ,40, ,47.3, ,4.2, ,350, ,73.5, 
240,8/21/2019,2300,233,0, ,0, ,0, ,10.8, ,69, ,45, ,46.7, ,2.1, ,359, ,73.5, 
240,8/21/2019,2400,233,0, ,0, ,0, ,10.8, ,67.3, ,47, ,46.7, ,1.2, ,130, ,73.4, 
240,8/22/2019,0100,234,0, ,0, ,0, ,9.6, ,62.9, ,49, ,43.4, ,1.7, ,283, ,73.4, 
240,8/22/2019,0200,234,0, ,0, ,0, ,9, ,61.7, ,48, ,41.9, ,1.8, ,319, ,73.3, 
240,8/22/2019,0300,234,0, ,0, ,0, ,9.4, ,61, ,51, ,43, ,2.5, ,219, ,73.2, 
240,8/22/2019,0400,234,0, ,0, ,0, ,8.5, ,57, ,53, ,40.2, ,1.7, ,323, ,73.1, 
240,8/22/2019,0500,234,0, ,0, ,0, ,8.1, ,54.9, ,55, ,39.2, ,1.7, ,302, ,73, 
240,8/22/2019,0600,234,0, ,0, ,30, ,8.6, ,54.6, ,59, ,40.5, ,1.5, ,294, ,72.9, 
240,8/22/2019,0700,234,0, ,0, ,379, ,9.9, ,61.4, ,53, ,44.3, ,2.6, ,338, ,72.7, 
240,8/22/2019,0800,234,0.01, ,0, ,815, ,10.5, ,69.3, ,43, ,45.9, ,2, ,355, ,72.5, 
240,8/22/2019,0900,234,0.02, ,0, ,1215, ,9.7, ,75.8, ,32, ,43.7, ,2.5, ,182, ,72.4, 
240,8/22/2019,1000,234,0.02, ,0, ,1547, ,8.7, ,81.3, ,24, ,40.9, ,2.9, ,215, ,72.2, 
240,8/22/2019,1100,234,0.03, ,0, ,1739, ,8, ,85.9, ,19, ,38.7, ,5.9, ,181, ,72.2, 
240,8/22/2019,1200,234,0.03, ,0, ,1852, ,5.1, ,89.5, ,11, ,27.4, ,6.3, ,170, ,72.1, 
240,8/22/2019,1300,234,0.03, ,0, ,1861, ,5, ,91, ,10, ,27.1, ,7, ,178, ,72.2, 
240,8/22/2019,1400,234,0.03, ,0, ,1654, ,5.9, ,91.8, ,12, ,31.1, ,6.7, ,186, ,72.2, 
240,8/22/2019,1500,234,0.03, ,0, ,1422, ,6, ,91.3, ,12, ,31.6, ,9, ,183, ,72.3, 
240,8/22/2019,1600,234,0.02, ,0, ,1082, ,6.7, ,87.7, ,15, ,34.2, ,10.9, ,180, ,72.5, 
240,8/22/2019,1700,234,0.02, ,0, ,690, ,9.2, ,83.6, ,23, ,42.3, ,11.4, ,147, ,72.7, 
240,8/22/2019,1800,234,0.01, ,0, ,290, ,9.3, ,78.5, ,28, ,42.6, ,9.4, ,156, ,72.8, 
240,8/22/2019,1900,234,0, ,0, ,19, ,9.5, ,73.9, ,33, ,43.2, ,7.2, ,152, ,73, 
240,8/22/2019,2000,234,0, ,0, ,0, ,11.7, ,70.2, ,46, ,48.6, ,6.6, ,126, ,73.1, 
240,8/22/2019,2100,234,0, ,0, ,0, ,13.1, ,67.1, ,58, ,51.7, ,4.7, ,149, ,73.1, 
240,8/22/2019,2200,234,0, ,0, ,0, ,13.8, ,65.1, ,65, ,53.2, ,3.2, ,171, ,73.1, 
240,8/22/2019,2300,234,0, ,0, ,0, ,13.9, ,63.2, ,70, ,53.3, ,2.3, ,94, ,73.1, 
240,8/22/2019,2400,234,0, ,0, ,0, ,14, ,62.2, ,73, ,53.5, ,1.6, ,137, ,73, 
240,8/23/2019,0100,235,0, ,0, ,0, ,14.1, ,55.4, ,94, ,53.8, ,2.3, ,270, ,72.9, 
240,8/23/2019,0200,235,0, ,0, ,0, ,14.4, ,55, ,98, ,54.3, ,1.8, ,286, ,72.9, 
240,8/23/2019,0300,235,0, ,0, ,0, ,13.8, ,53.6, ,98, ,53.1, ,1.8, ,269, ,72.9, 
240,8/23/2019,0400,235,0, ,0, ,0, ,14.5, ,55, ,98, ,54.4, ,2.3, ,52, ,72.9, 
240,8/23/2019,0500,235,0, ,0, ,0, ,12.9, ,52.6, ,96, ,51.3, ,2.2, ,304, ,72.9, 
240,8/23/2019,0600,235,0, ,0, ,33, ,12.7, ,52.6, ,94, ,51, ,2, ,237, ,72.7, 
240,8/23/2019,0700,235,0, ,0, ,345, ,13.9, ,55, ,94, ,53.4, ,4.7, ,181, ,72.5, 
240,8/23/2019,0800,235,0.01, ,0, ,629, ,14.5, ,58.4, ,87, ,54.5, ,3, ,104, ,72.3, 
240,8/23/2019,0900,235,0.01, ,0, ,1178, ,15.2, ,63.5, ,76, ,55.7, ,2.4, ,331, ,72.1, 
240,8/23/2019,1000,235,0.02, ,0, ,1505, ,15.3, ,68.9, ,63, ,56, ,3.2, ,339, ,72, 
240,8/23/2019,1100,235,0.02, ,0, ,1733, ,13.4, ,75.7, ,44, ,52.3, ,3.1, ,330, ,71.9, 
240,8/23/2019,1200,235,0.03, ,0, ,1825, ,10, ,81.8, ,27, ,44.6, ,5.5, ,191, ,71.8, 
240,8/23/2019,1300,235,0.03, ,0, ,1805, ,8.7, ,84.7, ,21, ,40.8, ,7.9, ,206, ,71.8, 
240,8/23/2019,1400,235,0.03, ,0, ,1671, ,8.6, ,85.7, ,20, ,40.5, ,7.9, ,186, ,71.8, 
240,8/23/2019,1500,235,0.03, ,0, ,1418, ,8.9, ,85.6, ,21, ,41.5, ,8.4, ,180, ,71.9, 
240,8/23/2019,1600,235,0.02, ,0, ,1077, ,10, ,85.7, ,24, ,44.6, ,9.2, ,180, ,72, 
240,8/23/2019,1700,235,0.01, ,0, ,681, ,10.8, ,85.1, ,26, ,46.6, ,9.3, ,183, ,72.2, 
240,8/23/2019,1800,235,0.01, ,0, ,274, ,10.9, ,83.1, ,28, ,46.7, ,7.8, ,177, ,72.4, 
240,8/23/2019,1900,235,0, ,0, ,19, ,11.4, ,78.9, ,34, ,48, ,7.8, ,143, ,72.5, 
240,8/23/2019,2000,235,0, ,0, ,0, ,11.4, ,75.4, ,38, ,47.9, ,8.2, ,140, ,72.6, 
240,8/23/2019,2100,235,0, ,0, ,0, ,12, ,72.4, ,44, ,49.4, ,6, ,127, ,72.7, 
240,8/23/2019,2200,235,0, ,0, ,0, ,12.9, ,70.3, ,51, ,51.3, ,3.2, ,158, ,72.8, 
240,8/23/2019,2300,235,0, ,0, ,0, ,13, ,67.9, ,56, ,51.5, ,2.7, ,106, ,72.8, 
240,8/23/2019,2400,235,0, ,0, ,0, ,13.2, ,66.5, ,59, ,51.9, ,2.7, ,42, ,72.7, 
240,8/24/2019,0100,236,0, ,0, ,0, ,15.8, ,59.3, ,92, ,56.9, ,2.6, ,356, ,72.7, 
240,8/24/2019,0200,236,0, ,0, ,0, ,14.9, ,56.5, ,96, ,55.2, ,1.6, ,341, ,72.7, 
240,8/24/2019,0300,236,0, ,0, ,0, ,14.8, ,56.3, ,96, ,55.1, ,1.6, ,305, ,72.8, 
240,8/24/2019,0400,236,0, ,0, ,0, ,14.4, ,55, ,97, ,54.3, ,1.4, ,289, ,72.8, 
240,8/24/2019,0500,236,0, ,0, ,0, ,13.2, ,55.1, ,89, ,51.9, ,1.8, ,338, ,72.8, 
240,8/24/2019,0600,236,0, ,0, ,24, ,12.8, ,55.9, ,84, ,51.1, ,1.2, ,296, ,72.7, 
240,8/24/2019,0700,236,0, ,0, ,347, ,13.6, ,61.5, ,73, ,52.7, ,2.3, ,331, ,72.5, 
240,8/24/2019,0800,236,0.01, ,0, ,780, ,14.1, ,69.7, ,57, ,53.6, ,2, ,342, ,72.4, 
240,8/24/2019,0900,236,0.02, ,0, ,1161, ,14, ,76.6, ,45, ,53.6, ,2.3, ,177, ,72.2, 
240,8/24/2019,1000,236,0.02, ,0, ,1481, ,13.6, ,82.5, ,36, ,52.7, ,2.4, ,0, ,72.1, 
240,8/24/2019,1100,236,0.03, ,0, ,1679, ,12.5, ,86.9, ,29, ,50.5, ,2.8, ,149, ,72, 
240,8/24/2019,1200,236,0.03, ,0, ,1815, ,10.4, ,90.3, ,21, ,45.5, ,3.3, ,152, ,72, 
240,8/24/2019,1300,236,0.03, ,0, ,1780, ,9.3, ,92.7, ,18, ,42.6, ,4.6, ,167, ,72, 
240,8/24/2019,1400,236,0.03, ,0, ,1623, ,8.5, ,94.9, ,15, ,40.3, ,5.9, ,192, ,72.1, 
240,8/24/2019,1500,236,0.02, ,0, ,1392, ,8.3, ,94.9, ,15, ,39.7, ,5.5, ,217, ,72.2, 
240,8/24/2019,1600,236,0.02, ,0, ,999, ,13.6, ,92.7, ,26, ,52.7, ,11.3, ,313, ,72.4, 
240,8/24/2019,1700,236,0.01, ,0, ,628, ,13.1, ,90.5, ,27, ,51.8, ,9.4, ,321, ,72.6, 
240,8/24/2019,1800,236,0.01, ,0, ,257, ,14.2, ,86.1, ,33, ,54, ,7.1, ,129, ,72.8, 
240,8/24/2019,1900,236,0, ,0, ,17, ,14.7, ,80.2, ,42, ,54.8, ,9.2, ,135, ,73, 
240,8/24/2019,2000,236,0, ,0, ,0, ,14.4, ,76.5, ,46, ,54.4, ,8.5, ,136, ,73.2, 
240,8/24/2019,2100,236,0, ,0, ,0, ,14.5, ,74.2, ,50, ,54.5, ,7.4, ,139, ,73.3, 
240,8/24/2019,2200,236,0, ,0, ,0, ,15.5, ,71.7, ,58, ,56.3, ,5.1, ,150, ,73.3, 
240,8/24/2019,2300,236,0, ,0, ,0, ,15.3, ,70.2, ,61, ,55.9, ,2.5, ,197, ,73.4, 
240,8/24/2019,2400,236,0, ,0, ,0, ,15.6, ,69, ,65, ,56.5, ,2.6, ,190, ,73.4, 
240,8/25/2019,0100,237,0, ,0, ,0, ,16.9, ,65.3, ,79, ,58.7, ,2.5, ,170, ,73.4, 
240,8/25/2019,0200,237,0, ,0, ,0, ,17.1, ,60, ,97, ,59.1, ,1.6, ,246, ,73.4, 
240,8/25/2019,0300,237,0, ,0, ,0, ,16.7, ,59.3, ,97, ,58.4, ,1.5, ,285, ,73.5, 
240,8/25/2019,0400,237,0, ,0, ,0, ,15.9, ,59.6, ,91, ,57, ,2.5, ,18, ,73.6, 
240,8/25/2019,0500,237,0, ,0, ,0, ,14.5, ,61.2, ,79, ,54.5, ,1.9, ,302, ,73.7, 
240,8/25/2019,0600,237,0, ,0, ,28, ,14.2, ,63, ,72, ,53.9, ,1.6, ,258, ,73.5, 
240,8/25/2019,0700,237,0, ,0, ,319, ,14.8, ,67.3, ,65, ,55.1, ,1.5, ,302, ,73.3, 
240,8/25/2019,0800,237,0.01, ,0, ,726, ,15, ,72.9, ,54, ,55.5, ,2.3, ,187, ,73.1, 
240,8/25/2019,0900,237,0.02, ,0, ,1101, ,15.1, ,78.3, ,46, ,55.6, ,4.7, ,183, ,73, 
240,8/25/2019,1000,237,0.02, ,0, ,1398, ,14.8, ,82.9, ,39, ,55.1, ,3.2, ,185, ,73, 
240,8/25/2019,1100,237,0.03, ,0, ,1631, ,15.7, ,86.7, ,36, ,56.7, ,3.2, ,169, ,72.9, 
240,8/25/2019,1200,237,0.03, ,0, ,1730, ,14.9, ,89.8, ,31, ,55.2, ,4.3, ,177, ,72.8, 
240,8/25/2019,1300,237,0.03, ,0, ,1666, ,14.4, ,92.7, ,27, ,54.2, ,5.1, ,223, ,72.9, 
240,8/25/2019,1400,237,0.03, ,0, ,1555, ,14.7, ,93.3, ,28, ,54.9, ,8, ,326, ,72.9, 
240,8/25/2019,1500,237,0.03, ,0, ,1319, ,14.2, ,93.3, ,27, ,53.9, ,10.7, ,321, ,73, 
240,8/25/2019,1600,237,0.02, ,0, ,968, ,13, ,91.8, ,26, ,51.5, ,8.7, ,303, ,73.2, 
240,8/25/2019,1700,237,0.02, ,0, ,655, ,10.7, ,88.4, ,23, ,46.3, ,9.3, ,180, ,73.4, 
240,8/25/2019,1800,237,0.01, ,0, ,285, ,11.1, ,85.1, ,27, ,47.3, ,8.5, ,177, ,73.6, 
240,8/25/2019,1900,237,0.01, ,0, ,24, ,10.9, ,82.1, ,29, ,46.7, ,7.8, ,146, ,73.8, 
240,8/25/2019,2000,237,0, ,0, ,0, ,9.9, ,78.9, ,29, ,44.2, ,6.7, ,120, ,73.9, 
240,8/25/2019,2100,237,0, ,0, ,0, ,9.1, ,76.6, ,29, ,42, ,2.4, ,58, ,74, 
240,8/25/2019,2200,237,0, ,0, ,0, ,10, ,75.7, ,33, ,44.6, ,3.1, ,114, ,74, 
240,8/25/2019,2300,237,0, ,0, ,0, ,10.3, ,71.8, ,39, ,45.4, ,1.7, ,276, ,74, 
240,8/25/2019,2400,237,0, ,0, ,0, ,10.2, ,69.4, ,41, ,45, ,1.6, ,351, ,74, 
240,8/26/2019,0100,238,0, ,0, ,0, ,14.4, ,59.2, ,84, ,54.4, ,1.8, ,300, ,74, 
240,8/26/2019,0200,238,0, ,0, ,0, ,14.4, ,59, ,85, ,54.4, ,2, ,299, ,74, 
240,8/26/2019,0300,238,0, ,0, ,0, ,13.8, ,59.1, ,81, ,53.2, ,2.4, ,17, ,74, 
240,8/26/2019,0400,238,0, ,0, ,0, ,11.2, ,61.4, ,60, ,47.5, ,2.5, ,3, ,74.1, 
240,8/26/2019,0500,238,0, ,0, ,0, ,9.6, ,66, ,44, ,43.5, ,2, ,186, ,74, 
240,8/26/2019,0600,238,0, ,0, ,20, ,9.1, ,63.8, ,45, ,42, ,2, ,324, ,73.8, 
240,8/26/2019,0700,238,0, ,0, ,324, ,11, ,64.7, ,53, ,47, ,2.4, ,352, ,73.6, 
240,8/26/2019,0800,238,0.01, ,0, ,725, ,10.7, ,72.9, ,39, ,46.2, ,1.6, ,304, ,73.4, 
240,8/26/2019,0900,238,0.02, ,0, ,1096, ,9.5, ,79.6, ,27, ,43.1, ,2, ,185, ,73.1, 
240,8/26/2019,1000,238,0.02, ,0, ,1428, ,8.9, ,83.3, ,23, ,41.5, ,3, ,218, ,73, 
240,8/26/2019,1100,238,0.03, ,0, ,1642, ,8.9, ,86.4, ,21, ,41.5, ,3.3, ,216, ,72.9, 
240,8/26/2019,1200,238,0.03, ,0, ,1718, ,8.8, ,89.3, ,19, ,41.3, ,4.3, ,143, ,72.9, 
240,8/26/2019,1300,238,0.03, ,0, ,1640, ,9.9, ,92.2, ,19, ,44.3, ,4.7, ,200, ,72.9, 
240,8/26/2019,1400,238,0.03, ,0, ,1555, ,10.5, ,93.5, ,20, ,45.8, ,6.6, ,305, ,73, 
240,8/26/2019,1500,238,0.03, ,0, ,1311, ,10.7, ,94.2, ,19, ,46.2, ,8.4, ,328, ,73, 
240,8/26/2019,1600,238,0.02, ,0, ,978, ,12, ,92.6, ,23, ,49.3, ,8.4, ,192, ,73.1, 
240,8/26/2019,1700,238,0.01, ,0, ,598, ,11.9, ,89, ,26, ,49.2, ,9.8, ,164, ,73.3, 
240,8/26/2019,1800,238,0.01, ,0, ,223, ,11.2, ,84.3, ,28, ,47.4, ,10.7, ,147, ,73.5, 
240,8/26/2019,1900,238,0.01, ,0, ,12, ,11.2, ,80.3, ,32, ,47.6, ,9.1, ,132, ,73.7, 
240,8/26/2019,2000,238,0, ,0, ,0, ,11.2, ,76.9, ,35, ,47.6, ,9.3, ,133, ,73.8, 
240,8/26/2019,2100,238,0, ,0, ,0, ,11.1, ,74.8, ,38, ,47.4, ,7.4, ,137, ,73.9, 
240,8/26/2019,2200,238,0, ,0, ,0, ,10.9, ,73.4, ,39, ,46.8, ,4.9, ,159, ,73.9, 
240,8/26/2019,2300,238,0, ,0, ,0, ,10.9, ,71.6, ,41, ,46.8, ,3, ,202, ,73.9, 
240,8/26/2019,2400,238,0, ,0, ,0, ,10.7, ,70, ,43, ,46.4, ,1.6, ,226, ,73.9, 
240,8/27/2019,0100,239,0, ,0, ,0, ,10.5, ,69, ,43, ,45.8, ,1.8, ,336, ,73.8, 
240,8/27/2019,0200,239,0, ,0, ,0, ,10.1, ,66.6, ,45, ,44.7, ,2, ,3, ,73.7, 
240,8/27/2019,0300,239,0, ,0, ,0, ,10, ,65.2, ,47, ,44.4, ,1.5, ,258, ,73.6, 
240,8/27/2019,0400,239,0, ,0, ,0, ,10.6, ,64.3, ,52, ,46.2, ,1.4, ,272, ,73.5, 
240,8/27/2019,0500,239,0, ,0, ,0, ,10.3, ,64.4, ,50, ,45.2, ,2.6, ,354, ,73.4, 
240,8/27/2019,0600,239,0, ,0, ,26, ,10.3, ,64.6, ,50, ,45.3, ,2.1, ,4, ,73.3, 
240,8/27/2019,0700,239,0, ,0, ,323, ,10.2, ,67.2, ,45, ,45.2, ,1.6, ,298, ,73.2, 
240,8/27/2019,0800,239,0.01, ,0, ,732, ,10.6, ,74.4, ,37, ,46.1, ,1.6, ,201, ,73.1, 
240,8/27/2019,0900,239,0.02, ,0, ,1110, ,10.8, ,78.5, ,33, ,46.7, ,2.4, ,196, ,73, 
240,8/27/2019,1000,239,0.02, ,0, ,1425, ,10.9, ,82.3, ,29, ,46.8, ,2.9, ,140, ,72.9, 
240,8/27/2019,1100,239,0.03, ,0, ,1623, ,11.5, ,86.3, ,27, ,48.3, ,3.8, ,165, ,72.9, 
240,8/27/2019,1200,239,0.03, ,0, ,1671, ,11.9, ,89.7, ,25, ,49, ,4.4, ,163, ,72.8, 
240,8/27/2019,1300,239,0.03, ,0, ,1642, ,12.2, ,92.5, ,23, ,49.8, ,5.4, ,216, ,72.9, 
240,8/27/2019,1400,239,0.03, ,0, ,1551, ,13.2, ,93.5, ,25, ,52, ,8, ,334, ,73, 
240,8/27/2019,1500,239,0.03, ,0, ,1309, ,13.9, ,94, ,26, ,53.4, ,8.4, ,326, ,73.1, 
240,8/27/2019,1600,239,0.02, ,0, ,964, ,14.5, ,91.6, ,29, ,54.5, ,7.6, ,158, ,73.3, 
240,8/27/2019,1700,239,0.01, ,0, ,602, ,14.7, ,87.8, ,33, ,54.8, ,9.6, ,153, ,73.4, 
240,8/27/2019,1800,239,0.01, ,0, ,224, ,15.1, ,84, ,38, ,55.6, ,7.9, ,149, ,73.6, 
240,8/27/2019,1900,239,0, ,0, ,11, ,14.1, ,78.3, ,43, ,53.8, ,9.9, ,134, ,73.8, 
240,8/27/2019,2000,239,0, ,0, ,0, ,14, ,74.7, ,48, ,53.5, ,8.5, ,139, ,74, 
240,8/27/2019,2100,239,0, ,0, ,0, ,13.1, ,73, ,47, ,51.7, ,6.3, ,147, ,74.1, 
240,8/27/2019,2200,239,0, ,0, ,0, ,12.4, ,71.6, ,47, ,50.3, ,4.1, ,176, ,74.1, 
240,8/27/2019,2300,239,0, ,0, ,0, ,12.6, ,70.8, ,49, ,50.7, ,3.7, ,161, ,74.1, 
240,8/27/2019,2400,239,0, ,0, ,0, ,13.5, ,69.1, ,55, ,52.5, ,4, ,162, ,74.1, 
240,8/28/2019,0100,240,0, ,0, ,0, ,14.3, ,67.8, ,62, ,54.1, ,3.3, ,160, ,74.1, 
240,8/28/2019,0200,240,0, ,0, ,0, ,14.8, ,66.4, ,67, ,55.1, ,1.4, ,56, ,74.1, 
240,8/28/2019,0300,240,0, ,0, ,0, ,15.2, ,66.1, ,70, ,55.9, ,1.9, ,175, ,74, 
240,8/28/2019,0400,240,0, ,0, ,0, ,14.2, ,63.3, ,71, ,53.8, ,1.7, ,295, ,74, 
240,8/28/2019,0500,240,0, ,0, ,0, ,13.6, ,62.3, ,71, ,52.8, ,1.2, ,297, ,73.8, 
240,8/28/2019,0600,240,0, ,0, ,28, ,13.4, ,61.6, ,72, ,52.4, ,1.7, ,305, ,73.5, 
240,8/28/2019,0700,240,0, ,0, ,323, ,14.8, ,64.7, ,71, ,55, ,1.8, ,319, ,73.3, 
240,8/28/2019,0800,240,0.01, ,0, ,735, ,15.9, ,70.7, ,62, ,57.1, ,2.2, ,331, ,73.2, 
240,8/28/2019,0900,240,0.02, ,0, ,1109, ,14.8, ,76.2, ,48, ,55.1, ,2.3, ,175, ,73, 
240,8/28/2019,1000,240,0.02, ,0, ,1366, ,15.4, ,79.6, ,45, ,56.2, ,3.1, ,229, ,72.9, 
240,8/28/2019,1100,240,0.02, ,0, ,1609, ,15.2, ,83.1, ,39, ,55.9, ,3.9, ,167, ,72.9, 
240,8/28/2019,1200,240,0.03, ,0, ,1695, ,15, ,85.1, ,37, ,55.5, ,5.9, ,145, ,72.9, 
240,8/28/2019,1300,240,0.03, ,0, ,1642, ,14.9, ,87.3, ,34, ,55.3, ,6.7, ,147, ,73, 
240,8/28/2019,1400,240,0.03, ,0, ,1442, ,15.1, ,88.7, ,33, ,55.6, ,8.7, ,145, ,73, 
240,8/28/2019,1500,240,0.02, ,0, ,1297, ,15.3, ,88.3, ,33, ,55.9, ,7.9, ,169, ,73.2, 
240,8/28/2019,1600,240,0.02, ,0, ,973, ,14.5, ,87.7, ,33, ,54.6, ,9.9, ,146, ,73.3, 
240,8/28/2019,1700,240,0.01, ,0, ,594, ,13.9, ,86.3, ,32, ,53.4, ,8, ,149, ,73.5, 
240,8/28/2019,1800,240,0.01, ,0, ,222, ,13.1, ,84.1, ,33, ,51.7, ,7, ,143, ,73.7, 
240,8/28/2019,1900,240,0, ,0, ,9, ,13.3, ,80.1, ,38, ,52.2, ,3.8, ,89, ,73.9, 
240,8/28/2019,2000,240,0, ,0, ,0, ,14, ,76.7, ,45, ,53.5, ,3.2, ,51, ,74, 
240,8/28/2019,2100,240,0, ,0, ,0, ,15.8, ,73.9, ,55, ,56.8, ,5.8, ,348, ,74.2, 
240,8/28/2019,2200,240,0, ,0, ,0, ,15.9, ,72.1, ,59, ,57.1, ,3.9, ,353, ,74.2, 
240,8/28/2019,2300,240,0, ,0, ,0, ,15.9, ,70.3, ,63, ,57, ,3.2, ,25, ,74.3, 
240,8/28/2019,2400,240,0, ,0, ,0, ,16.2, ,68.7, ,68, ,57.6, ,2.9, ,47, ,74.3, 
240,8/29/2019,0100,241,0, ,0, ,0, ,16.3, ,68.3, ,69, ,57.7, ,2, ,31, ,74.2, 
240,8/29/2019,0200,241,0, ,0, ,0, ,15.3, ,65, ,73, ,56, ,2.4, ,334, ,74.2, 
240,8/29/2019,0300,241,0, ,0, ,0, ,15.1, ,64.2, ,74, ,55.6, ,2, ,245, ,74.1, 
240,8/29/2019,0400,241,0, ,0, ,0, ,15.3, ,65.5, ,72, ,56.1, ,2, ,53, ,74, 
240,8/29/2019,0500,241,0, ,0, ,0, ,14.8, ,62.7, ,76, ,55.1, ,2.3, ,336, ,74, 
240,8/29/2019,0600,241,0, ,0, ,24, ,14.7, ,62.6, ,76, ,54.8, ,2.2, ,355, ,73.9, 
240,8/29/2019,0700,241,0, ,0, ,333, ,15.4, ,65.9, ,71, ,56.1, ,2, ,356, ,73.8, 
240,8/29/2019,0800,241,0.01, ,0, ,736, ,16.7, ,73.4, ,60, ,58.5, ,2.1, ,358, ,73.7, 
240,8/29/2019,0900,241,0.02, ,0, ,1111, ,15.8, ,78.1, ,48, ,56.8, ,2.9, ,172, ,73.6, 
240,8/29/2019,1000,241,0.02, ,0, ,1424, ,15.4, ,82.1, ,41, ,56.1, ,3.1, ,180, ,73.5, 
240,8/29/2019,1100,241,0.03, ,0, ,1623, ,15.1, ,85.4, ,36, ,55.6, ,3.4, ,235, ,73.4, 
240,8/29/2019,1200,241,0.02, ,0, ,1452, ,15.4, ,88.1, ,34, ,56.2, ,5.6, ,313, ,73.4, 
240,8/29/2019,1300,241,0.03, ,0, ,1596, ,15.6, ,89.9, ,33, ,56.6, ,7.5, ,331, ,73.5, 
240,8/29/2019,1400,241,0.03, ,0, ,1538, ,16, ,91.5, ,32, ,57.3, ,7.2, ,341, ,73.6, 
240,8/29/2019,1500,241,0.02, ,0, ,1303, ,15.9, ,92.3, ,31, ,57, ,7.6, ,326, ,73.7, 
240,8/29/2019,1600,241,0.02, ,0, ,959, ,16.1, ,92.4, ,31, ,57.4, ,9.9, ,332, ,73.8, 
240,8/29/2019,1700,241,0.01, ,0, ,582, ,16.5, ,90.1, ,34, ,58.1, ,11.6, ,329, ,74, 
240,8/29/2019,1800,241,0.01, ,0, ,212, ,16.2, ,85.7, ,38, ,57.6, ,10, ,320, ,74.2, 
240,8/29/2019,1900,241,0, ,0, ,9, ,15.9, ,81.1, ,44, ,57, ,6.1, ,310, ,74.3, 
240,8/29/2019,2000,241,0, ,0, ,0, ,16.1, ,78.9, ,48, ,57.4, ,5.3, ,343, ,74.5, 
240,8/29/2019,2100,241,0, ,0, ,0, ,15.7, ,76.8, ,50, ,56.7, ,6.1, ,353, ,74.6, 
240,8/29/2019,2200,241,0, ,0, ,0, ,15.6, ,74, ,55, ,56.6, ,3.9, ,348, ,74.6, 
240,8/29/2019,2300,241,0, ,0, ,0, ,15.5, ,72.4, ,57, ,56.3, ,2.5, ,9, ,74.6, 
240,8/29/2019,2400,241,0, ,0, ,0, ,15.2, ,69.8, ,61, ,55.7, ,1.9, ,297, ,74.6, 
240,8/30/2019,0100,242,0, ,0, ,0, ,15.4, ,68.6, ,64, ,56.1, ,1.5, ,260, ,74.6, 
240,8/30/2019,0200,242,0, ,0, ,0, ,14.8, ,66.5, ,67, ,55, ,1.7, ,304, ,74.6, 
240,8/30/2019,0300,242,0, ,0, ,0, ,14.3, ,64.3, ,70, ,54.2, ,1.7, ,337, ,74.6, 
240,8/30/2019,0400,242,0, ,0, ,0, ,14.1, ,62.7, ,72, ,53.7, ,1.7, ,275, ,74.6, 
240,8/30/2019,0500,242,0, ,0, ,0, ,14.1, ,62.5, ,73, ,53.7, ,1.5, ,299, ,74.5, 
240,8/30/2019,0600,242,0, ,0, ,23, ,13.7, ,61.5, ,74, ,53, ,1.7, ,304, ,74.3, 
240,8/30/2019,0700,242,0, ,0, ,337, ,14.7, ,65.3, ,69, ,54.8, ,2.6, ,342, ,74.1, 
240,8/30/2019,0800,242,0.01, ,0, ,730, ,16.4, ,72.8, ,60, ,58, ,2.4, ,357, ,73.9, 
240,8/30/2019,0900,242,0.02, ,0, ,1122, ,16.5, ,78.5, ,50, ,58.1, ,2.4, ,197, ,73.7, 
240,8/30/2019,1000,242,0.02, ,0, ,1442, ,16.1, ,83, ,42, ,57.4, ,2.6, ,206, ,73.6, 
240,8/30/2019,1100,242,0.03, ,0, ,1607, ,15.4, ,87, ,35, ,56.2, ,4, ,327, ,73.5, 
240,8/30/2019,1200,242,0.03, ,0, ,1640, ,14.9, ,89.8, ,31, ,55.3, ,4.1, ,312, ,73.5, 
240,8/30/2019,1300,242,0.03, ,0, ,1720, ,13.6, ,92.8, ,26, ,52.8, ,5.2, ,349, ,73.6, 
240,8/30/2019,1400,242,0.03, ,0, ,1563, ,13.7, ,94.3, ,25, ,53, ,7.4, ,328, ,73.7, 
240,8/30/2019,1500,242,0.03, ,0, ,1322, ,13.6, ,94.6, ,24, ,52.8, ,8, ,330, ,73.8, 
240,8/30/2019,1600,242,0.02, ,0, ,992, ,13.3, ,94.1, ,24, ,52.1, ,10.5, ,330, ,73.9, 
240,8/30/2019,1700,242,0.02, ,0, ,604, ,12.9, ,91.5, ,26, ,51.3, ,10.4, ,329, ,74.1, 
240,8/30/2019,1800,242,0.01, ,0, ,222, ,10.7, ,87.7, ,24, ,46.4, ,9.7, ,335, ,74.3, 
240,8/30/2019,1900,242,0, ,0, ,8, ,11.1, ,81.8, ,30, ,47.4, ,5, ,320, ,74.4, 
240,8/30/2019,2000,242,0, ,0, ,0, ,14.1, ,78, ,43, ,53.8, ,4.4, ,149, ,74.5, 
240,8/30/2019,2100,242,0, ,0, ,0, ,15.7, ,74.4, ,54, ,56.8, ,4.7, ,178, ,74.6, 
240,8/30/2019,2200,242,0, ,0, ,0, ,15.6, ,72.7, ,57, ,56.4, ,3.5, ,184, ,74.6, 
240,8/30/2019,2300,242,0, ,0, ,0, ,14.9, ,70, ,59, ,55.2, ,1.7, ,11, ,74.6, 
240,8/30/2019,2400,242,0, ,0, ,0, ,13.9, ,67.1, ,61, ,53.4, ,1.9, ,315, ,74.6, 
240,8/31/2019,0100,243,0, ,0, ,0, ,13.9, ,64.5, ,67, ,53.4, ,1.4, ,327, ,74.6, 
240,8/31/2019,0200,243,0, ,0, ,0, ,13.6, ,64.6, ,65, ,52.8, ,1.7, ,263, ,74.5, 
240,8/31/2019,0300,243,0, ,0, ,0, ,12.8, ,62.1, ,67, ,51, ,1.5, ,356, ,74.5, 
240,8/31/2019,0400,243,0, ,0, ,0, ,12.9, ,61.8, ,68, ,51.2, ,1.3, ,303, ,74.4, 
240,8/31/2019,0500,243,0, ,0, ,0, ,11.9, ,58.8, ,70, ,49.1, ,2.3, ,332, ,74.2, 
240,8/31/2019,0600,243,0, ,0, ,24, ,12.9, ,58.5, ,77, ,51.4, ,2.4, ,355, ,74, 
240,8/31/2019,0700,243,0, ,0, ,349, ,14.1, ,64.3, ,68, ,53.6, ,1.5, ,27, ,73.8, 
240,8/31/2019,0800,243,0.01, ,0, ,751, ,14.6, ,70.2, ,58, ,54.6, ,2.5, ,355, ,73.5, 
240,8/31/2019,0900,243,0.02, ,0, ,1150, ,14.9, ,77.7, ,46, ,55.2, ,2.2, ,304, ,73.3, 
240,8/31/2019,1000,243,0.02, ,0, ,1418, ,13.2, ,83.9, ,33, ,51.9, ,2.5, ,292, ,73.2, 
240,8/31/2019,1100,243,0.03, ,0, ,1609, ,11.4, ,88.7, ,25, ,48.1, ,3.4, ,312, ,73.1, 
240,8/31/2019,1200,243,0.03, ,0, ,1782, ,9.1, ,93.2, ,17, ,42.1, ,6.7, ,348, ,73.1, 
240,8/31/2019,1300,243,0.03, ,0, ,1766, ,6.6, ,95.9, ,11, ,33.9, ,9.3, ,337, ,73.1, 
240,8/31/2019,1400,243,0.03, ,0, ,1615, ,6.9, ,96.5, ,12, ,35.1, ,8.5, ,324, ,73.2, 
240,8/31/2019,1500,243,0.03, ,0, ,1349, ,8.1, ,97.3, ,13, ,39.2, ,10.9, ,328, ,73.3, 
240,8/31/2019,1600,243,0.02, ,0, ,1002, ,10, ,95.9, ,17, ,44.6, ,12, ,323, ,73.4, 
240,8/31/2019,1700,243,0.02, ,0, ,610, ,7.9, ,93.7, ,15, ,38.3, ,10.9, ,334, ,73.5, 
240,8/31/2019,1800,243,0.01, ,0, ,224, ,7.3, ,89.5, ,15, ,36.5, ,7.3, ,325, ,73.6, 
240,8/31/2019,1900,243,0, ,0, ,8, ,7.2, ,84.3, ,18, ,36.2, ,5.3, ,330, ,73.8, 
240,8/31/2019,2000,243,0, ,0, ,0, ,10.4, ,80.2, ,29, ,45.5, ,5, ,356, ,73.9, 
240,8/31/2019,2100,243,0, ,0, ,0, ,12, ,76.5, ,39, ,49.4, ,5.6, ,347, ,73.9, 
240,8/31/2019,2200,243,0, ,0, ,0, ,14.4, ,73.5, ,51, ,54.2, ,4.1, ,350, ,73.9, 
240,8/31/2019,2300,243,0, ,0, ,0, ,15.2, ,72.4, ,56, ,55.7, ,2, ,46, ,73.9, 
240,8/31/2019,2400,243,0, ,0, ,0, ,14.4, ,69.7, ,58, ,54.3, ,1.4, ,214, ,73.8, 
240,9/1/2019,0100,244,0, ,0, ,0, ,13.8, ,66.3, ,63, ,53.1, ,1.3, ,300, ,73.7, 
240,9/1/2019,0200,244,0, ,0, ,0, ,13.2, ,66.2, ,60, ,51.8, ,1.6, ,323, ,73.7, 
240,9/1/2019,0300,244,0, ,0, ,0, ,12.6, ,63.3, ,63, ,50.6, ,2.3, ,10, ,73.7, 
240,9/1/2019,0400,244,0, ,0, ,0, ,12.3, ,61.7, ,65, ,50, ,1.8, ,337, ,73.6, 
240,9/1/2019,0500,244,0, ,0, ,0, ,12.2, ,60.7, ,67, ,49.7, ,1.7, ,300, ,73.6, 
240,9/1/2019,0600,244,0, ,0, ,24, ,12.3, ,61.7, ,65, ,50, ,1.8, ,348, ,73.4, 
240,9/1/2019,0700,244,0, ,0, ,171, ,12.5, ,64, ,61, ,50.4, ,2.5, ,208, ,73.2, 
240,9/1/2019,0800,244,0.01, ,0, ,408, ,14.6, ,70, ,58, ,54.7, ,2.2, ,202, ,73, 
240,9/1/2019,0900,244,0.01, ,0, ,1085, ,15.1, ,78.1, ,46, ,55.6, ,2.3, ,116, ,72.9, 
240,9/1/2019,1000,244,0.02, ,0, ,1418, ,12.6, ,86.7, ,29, ,50.7, ,2.3, ,172, ,72.8, 
240,9/1/2019,1100,244,0.03, ,0, ,1633, ,10.1, ,92.2, ,20, ,44.7, ,2.9, ,146, ,72.7, 
240,9/1/2019,1200,244,0.03, ,0, ,1735, ,10.7, ,95.3, ,19, ,46.2, ,4.4, ,187, ,72.7, 
240,9/1/2019,1300,244,0.03, ,0, ,1706, ,12.5, ,96.9, ,21, ,50.5, ,8.6, ,328, ,72.8, 
240,9/1/2019,1400,244,0.03, ,0, ,1536, ,11, ,97.5, ,18, ,47, ,11.4, ,338, ,72.9, 
240,9/1/2019,1500,244,0.03, ,0, ,1302, ,10.5, ,97.2, ,17, ,45.8, ,10.1, ,315, ,73, 
240,9/1/2019,1600,244,0.02, ,0, ,960, ,11.3, ,96.2, ,19, ,47.7, ,8.3, ,308, ,73.1, 
240,9/1/2019,1700,244,0.01, ,0, ,554, ,16.6, ,91.4, ,33, ,58.3, ,7.3, ,155, ,73.3, 
240,9/1/2019,1800,244,0.01, ,0, ,185, ,15, ,86.3, ,35, ,55.4, ,9.1, ,135, ,73.4, 
240,9/1/2019,1900,244,0, ,0, ,5, ,12.8, ,82, ,34, ,51.1, ,8.5, ,133, ,73.6, 
240,9/1/2019,2000,244,0, ,0, ,0, ,12.8, ,79.3, ,37, ,51.1, ,6.3, ,135, ,73.7, 
240,9/1/2019,2100,244,0, ,0, ,0, ,12.4, ,77.4, ,39, ,50.3, ,5.9, ,131, ,73.8, 
240,9/1/2019,2200,244,0, ,0, ,0, ,13, ,75.6, ,43, ,51.6, ,6, ,137, ,73.9, 
240,9/1/2019,2300,244,0, ,0, ,0, ,13.9, ,73.9, ,49, ,53.3, ,5.1, ,151, ,73.9, 
240,9/1/2019,2400,244,0, ,0, ,0, ,14.2, ,72.2, ,52, ,53.9, ,2.5, ,130, ,73.9, 
240,9/2/2019,0100,245,0, ,0, ,0, ,14.1, ,70.4, ,55, ,53.7, ,2.3, ,15, ,73.9, 
240,9/2/2019,0200,245,0, ,0, ,0, ,14.6, ,70.1, ,58, ,54.7, ,4.4, ,192, ,74, 
240,9/2/2019,0300,245,0, ,0, ,0, ,15.5, ,71.2, ,60, ,56.3, ,3.2, ,230, ,74.1, 
240,9/2/2019,0400,245,0, ,0, ,0, ,14.9, ,70.6, ,58, ,55.3, ,3.4, ,277, ,74.1, 
240,9/2/2019,0500,245,0, ,0, ,0, ,15.2, ,70.7, ,59, ,55.7, ,4.5, ,257, ,74.1, 
240,9/2/2019,0600,245,0, ,0, ,27, ,15.7, ,71.4, ,60, ,56.7, ,2.3, ,93, ,74, 
240,9/2/2019,0700,245,0, ,0, ,326, ,16.8, ,74.1, ,58, ,58.5, ,2.7, ,184, ,73.8, 
240,9/2/2019,0800,245,0.01, ,0, ,720, ,17.2, ,78.8, ,51, ,59.2, ,3.4, ,166, ,73.7, 
240,9/2/2019,0900,245,0.02, ,0, ,1081, ,17.8, ,82.8, ,47, ,60.2, ,5.2, ,196, ,73.6, 
240,9/2/2019,1000,245,0.02, ,0, ,1377, ,17.9, ,85.1, ,43, ,60.3, ,5.8, ,191, ,73.5, 
240,9/2/2019,1100,245,0.03, ,0, ,1586, ,17.4, ,88.3, ,38, ,59.6, ,5, ,207, ,73.4, 
240,9/2/2019,1200,245,0.03, ,0, ,1689, ,16.5, ,90.3, ,34, ,58.1, ,4.3, ,205, ,73.4, 
240,9/2/2019,1300,245,0.03, ,0, ,1650, ,16.4, ,92.2, ,32, ,57.8, ,5.5, ,311, ,73.5, 
240,9/2/2019,1400,245,0.03, ,0, ,1377, ,16.4, ,92.9, ,31, ,57.9, ,7.9, ,316, ,73.5, 
240,9/2/2019,1500,245,0.02, ,0, ,1334, ,15.9, ,93.5, ,30, ,57.1, ,6.7, ,322, ,73.7, 
240,9/2/2019,1600,245,0.02, ,0, ,974, ,15.8, ,91.2, ,32, ,56.9, ,12.2, ,178, ,73.8, 
240,9/2/2019,1700,245,0.01, ,0, ,644, ,15.2, ,89.5, ,32, ,55.8, ,10.6, ,183, ,74, 
240,9/2/2019,1800,245,0.01, ,0, ,218, ,15.5, ,86, ,37, ,56.4, ,8.7, ,179, ,74.2, 
240,9/2/2019,1900,245,0, ,0, ,8, ,15.8, ,83.2, ,41, ,56.9, ,5.7, ,149, ,74.4, 
240,9/2/2019,2000,245,0, ,0, ,0, ,16.5, ,79.7, ,48, ,58.1, ,7.6, ,152, ,74.5, 
240,9/2/2019,2100,245,0, ,0, ,0, ,16, ,77.1, ,50, ,57.3, ,6.9, ,126, ,74.6, 
240,9/2/2019,2200,245,0, ,0, ,0, ,16.4, ,75.9, ,54, ,57.9, ,7.7, ,137, ,74.7, 
240,9/2/2019,2300,245,0, ,0, ,0, ,17.2, ,75.6, ,57, ,59.2, ,4.7, ,162, ,74.7, 
240,9/2/2019,2400,245,0, ,0, ,0, ,17, ,74.6, ,58, ,59, ,2.8, ,227, ,74.7, 
240,9/3/2019,0100,246,0, ,0, ,0, ,16.2, ,72.5, ,59, ,57.5, ,1.8, ,333, ,74.7, 
240,9/3/2019,0200,246,0, ,0, ,0, ,16.4, ,71.9, ,62, ,57.9, ,1.3, ,324, ,74.7, 
240,9/3/2019,0300,246,0, ,0, ,0, ,16, ,70.5, ,63, ,57.2, ,1.3, ,279, ,74.7, 
240,9/3/2019,0400,246,0, ,0, ,0, ,14.6, ,67.9, ,63, ,54.8, ,1.9, ,305, ,74.6, 
240,9/3/2019,0500,246,0, ,0, ,0, ,15.4, ,67.5, ,67, ,56.2, ,2.3, ,325, ,74.6, 
240,9/3/2019,0600,246,0, ,0, ,15, ,14.6, ,67, ,65, ,54.7, ,1.7, ,305, ,74.5, 
240,9/3/2019,0700,246,0, ,0, ,294, ,15.7, ,71.6, ,59, ,56.7, ,1.3, ,350, ,74.4, 
240,9/3/2019,0800,246,0.01, ,0, ,507, ,16.5, ,77.3, ,52, ,58.1, ,1.7, ,163, ,74.3, 
240,9/3/2019,0900,246,0.01, ,0, ,1073, ,16.2, ,81.4, ,44, ,57.6, ,1.9, ,297, ,74.2, 
240,9/3/2019,1000,246,0.02, ,0, ,1377, ,16, ,85, ,39, ,57.3, ,3.3, ,191, ,74.2, 
240,9/3/2019,1100,246,0.02, ,0, ,1545, ,15.9, ,87.8, ,35, ,57, ,4, ,152, ,74.1, 
240,9/3/2019,1200,246,0.03, ,0, ,1679, ,15.9, ,90.4, ,33, ,57, ,5.4, ,333, ,74.1, 
240,9/3/2019,1300,246,0.03, ,0, ,1650, ,16.3, ,92.2, ,32, ,57.7, ,7, ,354, ,74.2, 
240,9/3/2019,1400,246,0.03, ,0, ,1487, ,16.7, ,93.1, ,32, ,58.5, ,10.1, ,330, ,74.2, 
240,9/3/2019,1500,246,0.03, ,0, ,1239, ,16.8, ,92.9, ,32, ,58.5, ,10.9, ,333, ,74.4, 
240,9/3/2019,1600,246,0.02, ,0, ,912, ,16.8, ,91.6, ,33, ,58.6, ,9.9, ,315, ,74.5, 
240,9/3/2019,1700,246,0.01, ,0, ,535, ,16, ,90.2, ,33, ,57.1, ,9.7, ,321, ,74.6, 
240,9/3/2019,1800,246,0.01, ,0, ,174, ,15.5, ,86.6, ,36, ,56.3, ,11.3, ,321, ,74.8, 
240,9/3/2019,1900,246,0, ,0, ,4, ,15.2, ,83.2, ,39, ,55.9, ,6.6, ,335, ,74.9, 
240,9/3/2019,2000,246,0, ,0, ,0, ,17.5, ,80.2, ,50, ,59.7, ,3.6, ,120, ,75, 
240,9/3/2019,2100,246,0, ,0, ,0, ,17.6, ,78.2, ,53, ,59.9, ,3.2, ,111, ,75.1, 
240,9/3/2019,2200,246,0, ,0, ,0, ,16.1, ,75.9, ,53, ,57.3, ,3.3, ,323, ,75.1, 
240,9/3/2019,2300,246,0, ,0, ,0, ,15.2, ,73.8, ,53, ,55.9, ,2.5, ,267, ,75.1, 
240,9/3/2019,2400,246,0, ,0, ,0, ,14.9, ,72.3, ,55, ,55.2, ,1.7, ,324, ,75.1, 
240,9/4/2019,0100,247,0, ,0, ,0, ,14.6, ,71.3, ,56, ,54.7, ,1.4, ,303, ,75.1, 
240,9/4/2019,0200,247,0, ,0, ,0, ,14.8, ,69.6, ,60, ,55.1, ,2.7, ,343, ,75.1, 
240,9/4/2019,0300,247,0, ,0, ,0, ,15.3, ,69.7, ,62, ,55.9, ,2.2, ,219, ,75.3, 
240,9/4/2019,0400,247,0, ,0, ,0, ,14.6, ,66.9, ,65, ,54.6, ,1.6, ,338, ,75.3, 
240,9/4/2019,0500,247,0, ,0, ,0, ,15.2, ,67.6, ,66, ,55.9, ,2.3, ,44, ,75.1, 
240,9/4/2019,0600,247,0, ,0, ,21, ,14.4, ,64.5, ,70, ,54.3, ,1.9, ,272, ,74.9, 
240,9/4/2019,0700,247,0, ,0, ,316, ,15.5, ,69.1, ,64, ,56.4, ,1.8, ,309, ,74.7, 
240,9/4/2019,0800,247,0.01, ,0, ,695, ,16.1, ,76.9, ,51, ,57.4, ,2.2, ,13, ,74.6, 
240,9/4/2019,0900,247,0.02, ,0, ,1076, ,16.1, ,82.5, ,42, ,57.4, ,2, ,267, ,74.4, 
240,9/4/2019,1000,247,0.02, ,0, ,1369, ,14.7, ,87.3, ,33, ,54.9, ,3.9, ,330, ,74.3, 
240,9/4/2019,1100,247,0.02, ,0, ,1472, ,14.4, ,91.3, ,29, ,54.2, ,3.1, ,239, ,74.3, 
240,9/4/2019,1200,247,0.03, ,0, ,1710, ,13.1, ,94.3, ,24, ,51.7, ,5.6, ,319, ,74.3, 
240,9/4/2019,1300,247,0.03, ,0, ,1671, ,13, ,96.5, ,22, ,51.6, ,9.1, ,325, ,74.3, 
240,9/4/2019,1400,247,0.03, ,0, ,1516, ,13.2, ,96.9, ,22, ,52, ,11.8, ,321, ,74.4, 
240,9/4/2019,1500,247,0.03, ,0, ,1303, ,13.8, ,96.8, ,23, ,53.2, ,10.4, ,321, ,74.5, 
240,9/4/2019,1600,247,0.02, ,0, ,651, ,14.1, ,87.3, ,32, ,53.8, ,14.9, ,193, ,74.6, 
240,9/4/2019,1700,247,0.01, ,0, ,534, ,13.2, ,87, ,30, ,51.9, ,9, ,162, ,74.7, 
240,9/4/2019,1800,247,0.01, ,0, ,114, ,12.7, ,84.9, ,31, ,50.9, ,7.6, ,118, ,74.9, 
240,9/4/2019,1900,247,0, ,0, ,3, ,13.7, ,83.2, ,35, ,53, ,3.8, ,330, ,75, 
240,9/4/2019,2000,247,0, ,0, ,0, ,14.7, ,79.5, ,43, ,54.9, ,3.7, ,321, ,75, 
240,9/4/2019,2100,247,0, ,0, ,0, ,13.5, ,79.2, ,40, ,52.5, ,2.8, ,66, ,75.1, 
240,9/4/2019,2200,247,0, ,0, ,0, ,12.4, ,78.2, ,38, ,50.3, ,2.3, ,108, ,75.1, 
240,9/4/2019,2300,247,0, ,0, ,0, ,12.4, ,74.4, ,43, ,50.2, ,2.2, ,329, ,75.1, 
240,9/4/2019,2400,247,0, ,0, ,0, ,13.6, ,74.3, ,47, ,52.7, ,2.3, ,180, ,75, 
240,9/5/2019,0100,248,0, ,0, ,0, ,13.1, ,72.4, ,48, ,51.7, ,2.4, ,336, ,75, 
240,9/5/2019,0200,248,0, ,0, ,0, ,13.6, ,70.6, ,53, ,52.7, ,2.4, ,347, ,74.9, 
240,9/5/2019,0300,248,0, ,0, ,0, ,14.7, ,71.8, ,55, ,54.9, ,1.9, ,20, ,74.9, 
240,9/5/2019,0400,248,0, ,0, ,0, ,15, ,72.1, ,56, ,55.4, ,2.8, ,198, ,74.8, 
240,9/5/2019,0500,248,0, ,0, ,0, ,14.3, ,71.3, ,54, ,54, ,2, ,353, ,74.8, 
240,9/5/2019,0600,248,0, ,0, ,22, ,14.3, ,71.5, ,54, ,54.2, ,2.7, ,251, ,74.7, 
240,9/5/2019,0700,248,0, ,0, ,141, ,14.5, ,73.2, ,52, ,54.6, ,2.1, ,286, ,74.6, 
240,9/5/2019,0800,248,0, ,0, ,291, ,15.1, ,77, ,48, ,55.6, ,2.2, ,94, ,74.5, 
240,9/5/2019,0900,248,0.01, ,0, ,624, ,15.4, ,81, ,42, ,56.1, ,2.9, ,145, ,74.5, 
240,9/5/2019,1000,248,0.01, ,0, ,840, ,15.2, ,84.7, ,37, ,55.7, ,3.9, ,199, ,74.4, 
240,9/5/2019,1100,248,0.02, ,0, ,1284, ,14.7, ,87.8, ,33, ,54.9, ,3, ,180, ,74.4, 
240,9/5/2019,1200,248,0.02, ,0, ,1220, ,14.4, ,90.8, ,29, ,54.4, ,3.4, ,163, ,74.4, 
240,9/5/2019,1300,248,0.02, ,0, ,1249, ,14.9, ,92.6, ,28, ,55.2, ,4.3, ,314, ,74.4, 
240,9/5/2019,1400,248,0.03, ,0, ,1442, ,14.7, ,93.6, ,27, ,54.8, ,9.2, ,322, ,74.5, 
240,9/5/2019,1500,248,0.02, ,0, ,1019, ,15.3, ,92.9, ,29, ,55.9, ,8.2, ,290, ,74.6, 
240,9/5/2019,1600,248,0.02, ,0, ,760, ,17.3, ,89.9, ,36, ,59.5, ,9.6, ,187, ,74.7, 
240,9/5/2019,1700,248,0.01, ,0, ,454, ,17, ,89.3, ,36, ,58.9, ,8.6, ,173, ,74.8, 
240,9/5/2019,1800,248,0.01, ,0, ,161, ,14.7, ,87.4, ,33, ,54.8, ,7.5, ,26, ,75, 
240,9/5/2019,1900,248,0, ,0, ,3, ,16.5, ,81.8, ,44, ,58, ,7.5, ,142, ,75.1, 
240,9/5/2019,2000,248,0, ,0, ,0, ,16.3, ,78.7, ,49, ,57.8, ,7.3, ,140, ,75.2, 
240,9/5/2019,2100,248,0, ,0, ,0, ,16.2, ,77.4, ,50, ,57.5, ,4.9, ,152, ,75.3, 
240,9/5/2019,2200,248,0, ,0, ,0, ,16, ,75.8, ,53, ,57.2, ,4.4, ,177, ,75.3, 
240,9/5/2019,2300,248,0, ,0, ,0, ,15, ,72.7, ,54, ,55.4, ,2.5, ,239, ,75.3, 
240,9/5/2019,2400,248,0, ,0, ,0, ,15.4, ,73.2, ,55, ,56.2, ,3.4, ,167, ,75.3, 
240,9/6/2019,0100,249,0, ,0, ,0, ,14.3, ,72.4, ,53, ,54.1, ,3.3, ,132, ,75.3, 
240,9/6/2019,0200,249,0, ,0, ,0, ,14.5, ,69.6, ,59, ,54.5, ,2.2, ,202, ,75.3, 
240,9/6/2019,0300,249,0, ,0, ,0, ,15.3, ,67.9, ,65, ,55.9, ,2.5, ,227, ,75.5, 
240,9/6/2019,0400,249,0, ,0, ,0, ,14, ,66.6, ,63, ,53.6, ,2.1, ,348, ,75.4, 
240,9/6/2019,0500,249,0, ,0, ,0, ,13.9, ,64.9, ,66, ,53.3, ,2, ,325, ,75.1, 
240,9/6/2019,0600,249,0, ,0, ,18, ,13.2, ,62.7, ,68, ,52, ,2.3, ,271, ,74.9, 
240,9/6/2019,0700,249,0, ,0, ,290, ,14, ,67.9, ,60, ,53.5, ,1.3, ,307, ,74.7, 
240,9/6/2019,0800,249,0.01, ,0, ,445, ,14.8, ,72.3, ,55, ,55.1, ,2.5, ,1, ,74.6, 
240,9/6/2019,0900,249,0.01, ,0, ,1057, ,15.3, ,78.3, ,46, ,55.9, ,2.2, ,333, ,74.4, 
240,9/6/2019,1000,249,0.02, ,0, ,1387, ,13.9, ,82.9, ,36, ,53.3, ,2.8, ,189, ,74.3, 
240,9/6/2019,1100,249,0.02, ,0, ,1520, ,13.6, ,86.7, ,31, ,52.8, ,3.5, ,68, ,74.2, 
240,9/6/2019,1200,249,0.03, ,0, ,1679, ,12.8, ,89.9, ,27, ,51, ,6, ,349, ,74.2, 
240,9/6/2019,1300,249,0.03, ,0, ,1673, ,12.4, ,91.6, ,24, ,50.2, ,8.2, ,345, ,74.2, 
240,9/6/2019,1400,249,0.03, ,0, ,1510, ,13.4, ,92.5, ,26, ,52.4, ,8.3, ,342, ,74.3, 
240,9/6/2019,1500,249,0.03, ,0, ,1253, ,13.1, ,93.2, ,25, ,51.8, ,10.9, ,337, ,74.4, 
240,9/6/2019,1600,249,0.02, ,0, ,915, ,12.5, ,91.8, ,25, ,50.5, ,12.5, ,329, ,74.5, 
240,9/6/2019,1700,249,0.02, ,0, ,539, ,11.5, ,89.4, ,24, ,48.3, ,13.3, ,330, ,74.6, 
240,9/6/2019,1800,249,0.01, ,0, ,170, ,11.6, ,85.7, ,28, ,48.5, ,11.6, ,327, ,74.7, 
240,9/6/2019,1900,249,0, ,0, ,3, ,11.8, ,82, ,32, ,49, ,7.5, ,340, ,74.8, 
240,9/6/2019,2000,249,0, ,0, ,0, ,12.5, ,78.9, ,37, ,50.5, ,4.5, ,358, ,74.8, 
240,9/6/2019,2100,249,0, ,0, ,0, ,12.1, ,76.8, ,38, ,49.6, ,4.9, ,340, ,74.9, 
240,9/6/2019,2200,249,0, ,0, ,0, ,12.6, ,74.4, ,43, ,50.6, ,2.6, ,334, ,74.8, 
240,9/6/2019,2300,249,0, ,0, ,0, ,12.9, ,72.8, ,47, ,51.4, ,1.7, ,212, ,74.8, 
240,9/6/2019,2400,249,0, ,0, ,0, ,12.5, ,69, ,51, ,50.4, ,1.6, ,296, ,74.8, 
240,9/7/2019,0100,250,0, ,0, ,0, ,12.6, ,67.9, ,54, ,50.6, ,1.7, ,259, ,74.7, 
240,9/7/2019,0200,250,0, ,0, ,0, ,12.3, ,65.8, ,57, ,50.1, ,1.7, ,324, ,74.7, 
240,9/7/2019,0300,250,0, ,0, ,0, ,12.4, ,64.5, ,60, ,50.2, ,1.7, ,317, ,74.9, 
240,9/7/2019,0400,250,0, ,0, ,0, ,11.5, ,62.9, ,59, ,48.3, ,2.1, ,336, ,74.6, 
240,9/7/2019,0500,250,0, ,0, ,0, ,12.5, ,62.2, ,65, ,50.5, ,2.6, ,357, ,74.4, 
240,9/7/2019,0600,250,0, ,0, ,17, ,12.2, ,61.5, ,66, ,49.9, ,1.6, ,270, ,74.2, 
240,9/7/2019,0700,250,0, ,0, ,301, ,13.2, ,66.8, ,59, ,52, ,1.6, ,281, ,73.9, 
240,9/7/2019,0800,250,0.01, ,0, ,707, ,13.6, ,74.3, ,47, ,52.8, ,2.1, ,113, ,73.8, 
240,9/7/2019,0900,250,0.02, ,0, ,1091, ,13.4, ,78.5, ,40, ,52.4, ,4.3, ,185, ,73.6, 
240,9/7/2019,1000,250,0.02, ,0, ,1409, ,13.7, ,81.6, ,37, ,53, ,4.3, ,201, ,73.5, 
240,9/7/2019,1100,250,0.03, ,0, ,1635, ,13.8, ,85.5, ,33, ,53.1, ,3.5, ,202, ,73.4, 
240,9/7/2019,1200,250,0.03, ,0, ,1660, ,13.4, ,88.7, ,29, ,52.3, ,5.5, ,203, ,73.4, 
240,9/7/2019,1300,250,0.03, ,0, ,1677, ,11.2, ,90.9, ,23, ,47.5, ,11.1, ,304, ,73.5, 
240,9/7/2019,1400,250,0.03, ,0, ,1532, ,12, ,90.9, ,24, ,49.5, ,12.9, ,314, ,73.5, 
240,9/7/2019,1500,250,0.03, ,0, ,1279, ,12.5, ,90.2, ,26, ,50.4, ,12.3, ,311, ,73.6, 
240,9/7/2019,1600,250,0.02, ,0, ,932, ,11.6, ,89.3, ,25, ,48.4, ,14.1, ,327, ,73.7, 
240,9/7/2019,1700,250,0.01, ,0, ,542, ,11.6, ,87.2, ,26, ,48.6, ,12.3, ,324, ,73.8, 
240,9/7/2019,1800,250,0.01, ,0, ,168, ,11.5, ,83.9, ,29, ,48.2, ,9.5, ,322, ,73.9, 
240,9/7/2019,1900,250,0, ,0, ,3, ,14.3, ,77.9, ,44, ,54, ,8.3, ,133, ,74, 
240,9/7/2019,2000,250,0, ,0, ,0, ,15.9, ,73.2, ,57, ,57, ,7.7, ,144, ,74.1, 
240,9/7/2019,2100,250,0, ,0, ,0, ,15.3, ,71.2, ,59, ,56, ,6.3, ,154, ,74.1, 
240,9/7/2019,2200,250,0, ,0, ,0, ,15.4, ,68.6, ,65, ,56.2, ,7.6, ,152, ,74.1, 
240,9/7/2019,2300,250,0, ,0, ,0, ,15.6, ,66.6, ,70, ,56.5, ,7.3, ,153, ,74.1, 
240,9/7/2019,2400,250,0, ,0, ,0, ,15.7, ,65.2, ,74, ,56.6, ,5.4, ,125, ,74.1, 
240,9/8/2019,0100,251,0, ,0, ,0, ,16.2, ,63.7, ,81, ,57.6, ,6.9, ,138, ,74, 
240,9/8/2019,0200,251,0, ,0, ,0, ,16.9, ,62.5, ,88, ,58.7, ,8.2, ,145, ,74.1, 
240,9/8/2019,0300,251,0, ,0, ,0, ,16.6, ,62.4, ,86, ,58.3, ,6.9, ,187, ,74.2, 
240,9/8/2019,0400,251,0, ,0, ,0, ,16, ,62.5, ,83, ,57.2, ,5.3, ,196, ,73.9, 
240,9/8/2019,0500,251,0, ,0, ,0, ,15.1, ,61.7, ,80, ,55.6, ,5.8, ,172, ,73.7, 
240,9/8/2019,0600,251,0, ,0, ,20, ,14.5, ,60.2, ,81, ,54.4, ,4.5, ,177, ,73.5, 
240,9/8/2019,0700,251,0, ,0, ,321, ,14.5, ,61, ,79, ,54.4, ,6.1, ,197, ,73.3, 
240,9/8/2019,0800,251,0.01, ,0, ,736, ,14.1, ,63.1, ,72, ,53.7, ,5.4, ,184, ,73.2, 
240,9/8/2019,0900,251,0.01, ,0, ,1097, ,13.9, ,65.8, ,64, ,53.4, ,3.1, ,153, ,73, 
240,9/8/2019,1000,251,0.02, ,0, ,1427, ,13.8, ,68.5, ,58, ,53.2, ,3.4, ,187, ,72.9, 
240,9/8/2019,1100,251,0.02, ,0, ,1635, ,13.4, ,72, ,50, ,52.4, ,3.5, ,158, ,72.8, 
240,9/8/2019,1200,251,0.02, ,0, ,1724, ,13.3, ,75.1, ,45, ,52.2, ,3.9, ,152, ,72.8, 
240,9/8/2019,1300,251,0.03, ,0, ,1689, ,12.7, ,77.3, ,40, ,51, ,5.1, ,180, ,72.7, 
240,9/8/2019,1400,251,0.02, ,0, ,1530, ,13.2, ,79.7, ,38, ,51.8, ,5.7, ,262, ,72.8, 
240,9/8/2019,1500,251,0.02, ,0, ,1266, ,13.4, ,80.4, ,38, ,52.4, ,6.6, ,306, ,72.8, 
240,9/8/2019,1600,251,0.02, ,0, ,909, ,13.4, ,80.2, ,38, ,52.3, ,6.9, ,303, ,72.9, 
240,9/8/2019,1700,251,0.01, ,0, ,518, ,13.5, ,79.2, ,40, ,52.6, ,7.6, ,327, ,73.1, 
240,9/8/2019,1800,251,0, ,0, ,148, ,13.7, ,76.2, ,44, ,53, ,5.2, ,320, ,73.2, 
240,9/8/2019,1900,251,0, ,0, ,3, ,14.5, ,72.1, ,54, ,54.5, ,6, ,178, ,73.3, 
240,9/8/2019,2000,251,0, ,0, ,0, ,14.8, ,69.1, ,61, ,55, ,5.7, ,149, ,73.4, 
240,9/8/2019,2100,251,0, ,0, ,0, ,15.3, ,66.5, ,69, ,56, ,6.7, ,129, ,73.5, 
240,9/8/2019,2200,251,0, ,0, ,0, ,15.5, ,64.9, ,74, ,56.3, ,5.9, ,136, ,73.5, 
240,9/8/2019,2300,251,0, ,0, ,0, ,15.6, ,63.5, ,78, ,56.5, ,4, ,180, ,73.5, 
240,9/8/2019,2400,251,0, ,0, ,0, ,15.5, ,63.2, ,78, ,56.3, ,3.1, ,158, ,73.5, 
240,9/9/2019,0100,252,0, ,0, ,0, ,15, ,61.5, ,80, ,55.4, ,2.2, ,227, ,73.5, 
240,9/9/2019,0200,252,0, ,0, ,0, ,14.2, ,59.4, ,82, ,53.9, ,2.4, ,249, ,73.6, 
240,9/9/2019,0300,252,0, ,0, ,0, ,13.9, ,57.8, ,85, ,53.3, ,2.5, ,6, ,73.5, 
240,9/9/2019,0400,252,0, ,0, ,0, ,13.6, ,57.7, ,83, ,52.7, ,2.6, ,20, ,73.4, 
240,9/9/2019,0500,252,0, ,0, ,0, ,12.7, ,54.6, ,88, ,50.9, ,2.3, ,318, ,73.3, 
240,9/9/2019,0600,252,0, ,0, ,20, ,12.7, ,54.5, ,87, ,50.8, ,2.1, ,317, ,73.1, 
240,9/9/2019,0700,252,0, ,0, ,296, ,13.2, ,56.2, ,86, ,52, ,2.4, ,297, ,72.9, 
240,9/9/2019,0800,252,0.01, ,0, ,717, ,14.9, ,63.4, ,75, ,55.3, ,1.9, ,10, ,72.7, 
240,9/9/2019,0900,252,0.01, ,0, ,1098, ,15.5, ,68.5, ,65, ,56.3, ,2.4, ,191, ,72.6, 
240,9/9/2019,1000,252,0.02, ,0, ,1424, ,14.2, ,71.9, ,53, ,53.9, ,3.5, ,204, ,72.5, 
240,9/9/2019,1100,252,0.02, ,0, ,1646, ,12.7, ,75.3, ,43, ,51, ,4.7, ,178, ,72.4, 
240,9/9/2019,1200,252,0.03, ,0, ,1741, ,11.7, ,78.2, ,36, ,48.8, ,5, ,174, ,72.3, 
240,9/9/2019,1300,252,0.03, ,0, ,1718, ,11, ,80.5, ,31, ,47.1, ,5.3, ,183, ,72.3, 
240,9/9/2019,1400,252,0.03, ,0, ,1543, ,11.5, ,81.8, ,31, ,48.2, ,7.5, ,179, ,72.3, 
240,9/9/2019,1500,252,0.02, ,0, ,1307, ,12.4, ,82, ,33, ,50.3, ,8.6, ,183, ,72.4, 
240,9/9/2019,1600,252,0.02, ,0, ,907, ,12, ,81.4, ,33, ,49.4, ,7.4, ,193, ,72.5, 
240,9/9/2019,1700,252,0.01, ,0, ,506, ,14.9, ,79, ,44, ,55.3, ,5.9, ,323, ,72.6, 
240,9/9/2019,1800,252,0, ,0, ,136, ,14.2, ,75.1, ,48, ,53.9, ,8.2, ,162, ,72.7, 
240,9/9/2019,1900,252,0, ,0, ,2, ,14.1, ,70.1, ,56, ,53.7, ,8.5, ,130, ,72.9, 
240,9/9/2019,2000,252,0, ,0, ,0, ,14.5, ,66.1, ,66, ,54.4, ,8.8, ,130, ,73, 
240,9/9/2019,2100,252,0, ,0, ,0, ,14.7, ,63.8, ,72, ,54.8, ,9, ,136, ,73, 
240,9/9/2019,2200,252,0, ,0, ,0, ,14.3, ,62.4, ,74, ,54.1, ,7.9, ,135, ,73.1, 
240,9/9/2019,2300,252,0, ,0, ,0, ,14.8, ,60.8, ,81, ,55.1, ,6.5, ,142, ,73.1, 
240,9/9/2019,2400,252,0, ,0, ,0, ,15.3, ,59.5, ,88, ,55.9, ,8, ,154, ,73, 
240,9/10/2019,0100,253,0, ,0, ,0, ,15.5, ,59.4, ,89, ,56.3, ,7, ,166, ,73, 
240,9/10/2019,0200,253,0, ,0, ,0, ,15.2, ,59.5, ,87, ,55.7, ,6.3, ,162, ,72.9, 
240,9/10/2019,0300,253,0, ,0, ,0, ,15, ,59.4, ,87, ,55.4, ,4.7, ,188, ,72.8, 
240,9/10/2019,0400,253,0, ,0, ,0, ,14.8, ,59.3, ,86, ,55, ,4.3, ,213, ,72.8, 
240,9/10/2019,0500,253,0, ,0, ,0, ,14.5, ,59.1, ,85, ,54.5, ,4.3, ,218, ,72.7, 
240,9/10/2019,0600,253,0, ,0, ,8, ,14.4, ,59.4, ,83, ,54.3, ,5, ,200, ,72.6, 
240,9/10/2019,0700,253,0, ,0, ,92, ,14.1, ,59.9, ,80, ,53.7, ,5.1, ,191, ,72.5, 
240,9/10/2019,0800,253,0, ,0, ,266, ,13.8, ,60.6, ,77, ,53.2, ,4.9, ,202, ,72.4, 
240,9/10/2019,0900,253,0.01, ,0, ,484, ,14, ,61.8, ,74, ,53.6, ,4.9, ,202, ,72.3, 
240,9/10/2019,1000,253,0.02, ,0, ,1304, ,14, ,64.8, ,67, ,53.6, ,4.2, ,176, ,72.2, 
240,9/10/2019,1100,253,0.02, ,0, ,1640, ,13.9, ,67.2, ,61, ,53.3, ,4.1, ,197, ,72.1, 
240,9/10/2019,1200,253,0.02, ,0, ,1710, ,13.5, ,70, ,54, ,52.6, ,3.8, ,205, ,72, 
240,9/10/2019,1300,253,0.02, ,0, ,1675, ,12.9, ,72.7, ,47, ,51.4, ,4.2, ,171, ,72, 
240,9/10/2019,1400,253,0.02, ,0, ,1512, ,12.6, ,75.4, ,42, ,50.7, ,5.1, ,219, ,72, 
240,9/10/2019,1500,253,0.02, ,0, ,1135, ,13.1, ,76.1, ,42, ,51.6, ,7, ,319, ,72, 
240,9/10/2019,1600,253,0.01, ,0, ,658, ,13.3, ,75.4, ,44, ,52.1, ,6.1, ,326, ,72.1, 
240,9/10/2019,1700,253,0.01, ,0, ,364, ,14.3, ,73.3, ,51, ,54, ,8.1, ,183, ,72.2, 
240,9/10/2019,1800,253,0, ,0, ,134, ,14, ,70.5, ,55, ,53.5, ,6, ,234, ,72.4, 
240,9/10/2019,1900,253,0, ,0, ,2, ,14.3, ,66.6, ,64, ,54.1, ,6.3, ,175, ,72.5, 
240,9/10/2019,2000,253,0, ,0, ,0, ,14, ,64.3, ,68, ,53.5, ,3.7, ,113, ,72.6, 
240,9/10/2019,2100,253,0, ,0, ,0, ,13.6, ,62.7, ,70, ,52.8, ,3.8, ,39, ,72.6, 
240,9/10/2019,2200,253,0, ,0, ,0, ,13.8, ,61.4, ,74, ,53.1, ,2.9, ,109, ,72.6, 
240,9/10/2019,2300,253,0, ,0, ,0, ,14.3, ,60.7, ,79, ,54.1, ,5.7, ,171, ,72.6, 
240,9/10/2019,2400,253,0, ,0, ,0, ,14.5, ,59.5, ,84, ,54.6, ,6, ,173, ,72.6, 
240,9/11/2019,0100,254,0, ,0, ,0, ,14.4, ,58.9, ,85, ,54.4, ,4.1, ,184, ,72.6, 
240,9/11/2019,0200,254,0, ,0, ,0, ,14.3, ,58.2, ,86, ,54, ,3.8, ,180, ,72.6, 
240,9/11/2019,0300,254,0, ,0, ,0, ,14.4, ,58.5, ,86, ,54.4, ,5, ,159, ,72.7, 
240,9/11/2019,0400,254,0, ,0, ,0, ,14.5, ,58.8, ,86, ,54.4, ,4.2, ,183, ,72.5, 
240,9/11/2019,0500,254,0, ,0, ,0, ,14.4, ,59, ,85, ,54.3, ,3.7, ,195, ,72.2, 
240,9/11/2019,0600,254,0, ,0, ,18, ,14.1, ,58.1, ,85, ,53.7, ,2.2, ,95, ,72, 
240,9/11/2019,0700,254,0, ,0, ,264, ,14.3, ,59.6, ,82, ,54.1, ,2.4, ,108, ,71.8, 
240,9/11/2019,0800,254,0.01, ,0, ,701, ,14.6, ,61.6, ,78, ,54.6, ,3.9, ,198, ,71.7, 
240,9/11/2019,0900,254,0.01, ,0, ,967, ,14.3, ,64.1, ,70, ,54.1, ,3.2, ,189, ,71.6, 
240,9/11/2019,1000,254,0.02, ,0, ,1415, ,13.3, ,67.4, ,58, ,52.2, ,3.1, ,171, ,71.5, 
240,9/11/2019,1100,254,0.02, ,0, ,1600, ,13.5, ,70, ,54, ,52.5, ,3.7, ,156, ,71.4, 
240,9/11/2019,1200,254,0.02, ,0, ,1728, ,12.9, ,73.4, ,46, ,51.3, ,3.5, ,137, ,71.4, 
240,9/11/2019,1300,254,0.02, ,0, ,1695, ,11.8, ,76.5, ,38, ,48.9, ,3.9, ,360, ,71.4, 
240,9/11/2019,1400,254,0.02, ,0, ,1538, ,10.5, ,79.5, ,31, ,45.8, ,4.3, ,302, ,71.5, 
240,9/11/2019,1500,254,0.02, ,0, ,1266, ,9.7, ,81.2, ,27, ,43.6, ,4.3, ,319, ,71.5, 
240,9/11/2019,1600,254,0.02, ,0, ,901, ,10.5, ,82.4, ,28, ,45.9, ,7, ,338, ,71.7, 
240,9/11/2019,1700,254,0.01, ,0, ,498, ,11.3, ,80.9, ,31, ,47.7, ,9.9, ,337, ,71.8, 
240,9/11/2019,1800,254,0.01, ,0, ,123, ,12.6, ,77, ,40, ,50.6, ,9.1, ,329, ,71.9, 
240,9/11/2019,1900,254,0, ,0, ,2, ,13.4, ,72.2, ,50, ,52.3, ,4.1, ,320, ,72.1, 
240,9/11/2019,2000,254,0, ,0, ,0, ,13.9, ,69.9, ,56, ,53.3, ,4.3, ,357, ,72.2, 
240,9/11/2019,2100,254,0, ,0, ,0, ,14.1, ,66.7, ,63, ,53.7, ,4, ,338, ,72.2, 
240,9/11/2019,2200,254,0, ,0, ,0, ,14.2, ,65.5, ,66, ,54, ,3.8, ,354, ,72.3, 
240,9/11/2019,2300,254,0, ,0, ,0, ,14.2, ,63.3, ,71, ,53.8, ,2.3, ,328, ,72.3, 
240,9/11/2019,2400,254,0, ,0, ,0, ,13.7, ,61.1, ,75, ,52.9, ,2.2, ,297, ,72.3, 
240,9/12/2019,0100,255,0, ,0, ,0, ,13.3, ,59.2, ,77, ,52.1, ,2.3, ,351, ,72.2, 
240,9/12/2019,0200,255,0, ,0, ,0, ,12.6, ,57.1, ,79, ,50.7, ,1.8, ,298, ,72.2, 
240,9/12/2019,0300,255,0, ,0, ,0, ,12.7, ,55.7, ,84, ,50.9, ,2.1, ,343, ,72.1, 
240,9/12/2019,0400,255,0, ,0, ,0, ,12.2, ,53.1, ,89, ,49.8, ,2.5, ,328, ,72, 
240,9/12/2019,0500,255,0, ,0, ,0, ,12.6, ,54.1, ,88, ,50.7, ,2, ,359, ,71.9, 
240,9/12/2019,0600,255,0, ,0, ,19, ,11.1, ,50.9, ,88, ,47.4, ,2, ,297, ,71.8, 
240,9/12/2019,0700,255,0, ,0, ,305, ,12.3, ,54.1, ,86, ,50.1, ,2.9, ,346, ,71.7, 
240,9/12/2019,0800,255,0.01, ,0, ,726, ,13.7, ,63.1, ,70, ,53, ,2.2, ,10, ,71.6, 
240,9/12/2019,0900,255,0.01, ,0, ,1116, ,13.4, ,72.7, ,49, ,52.3, ,1.9, ,175, ,71.5, 
240,9/12/2019,1000,255,0.02, ,0, ,1439, ,9.5, ,82, ,25, ,43.2, ,2.3, ,335, ,71.3, 
240,9/12/2019,1100,255,0.03, ,0, ,1662, ,6.5, ,88, ,14, ,33.4, ,3.1, ,15, ,71.3, 
240,9/12/2019,1200,255,0.03, ,0, ,1745, ,6.3, ,90, ,13, ,32.8, ,4.2, ,192, ,71.2, 
240,9/12/2019,1300,255,0.03, ,0, ,1714, ,6, ,91.5, ,12, ,31.4, ,5.8, ,206, ,71.2, 
240,9/12/2019,1400,255,0.03, ,0, ,1551, ,6.2, ,92.3, ,12, ,32.5, ,5.3, ,278, ,71.3, 
240,9/12/2019,1500,255,0.02, ,0, ,1250, ,6.4, ,93.3, ,12, ,33, ,6.5, ,331, ,71.4, 
240,9/12/2019,1600,255,0.02, ,0, ,879, ,7.2, ,92.5, ,14, ,36.1, ,8.5, ,321, ,71.5, 
240,9/12/2019,1700,255,0.01, ,0, ,466, ,9, ,89.4, ,19, ,41.9, ,11.5, ,319, ,71.7, 
240,9/12/2019,1800,255,0.01, ,0, ,125, ,8.6, ,84.3, ,21, ,40.5, ,8.7, ,329, ,71.9, 
240,9/12/2019,1900,255,0, ,0, ,1, ,8.6, ,80.2, ,24, ,40.7, ,3.6, ,342, ,72, 
240,9/12/2019,2000,255,0, ,0, ,0, ,11.5, ,77.5, ,36, ,48.1, ,3.6, ,40, ,72.1, 
240,9/12/2019,2100,255,0, ,0, ,0, ,11.1, ,74.2, ,39, ,47.4, ,3.9, ,20, ,72.2, 
240,9/12/2019,2200,255,0, ,0, ,0, ,10.1, ,69.7, ,41, ,44.8, ,3.3, ,333, ,72.2, 
240,9/12/2019,2300,255,0, ,0, ,0, ,10.6, ,66, ,49, ,46.2, ,1.2, ,280, ,72.2, 
240,9/12/2019,2400,255,0, ,0, ,0, ,10.3, ,63.5, ,52, ,45.4, ,1.6, ,324, ,72.2, 
240,9/13/2019,0100,256,0, ,0, ,0, ,10.3, ,61.5, ,55, ,45.3, ,1.7, ,305, ,72.1, 
240,9/13/2019,0200,256,0, ,0, ,0, ,10, ,59.9, ,57, ,44.6, ,1.9, ,301, ,72.1, 
240,9/13/2019,0300,256,0, ,0, ,0, ,10, ,58.5, ,59, ,44.4, ,1.5, ,307, ,72.2, 
240,9/13/2019,0400,256,0, ,0, ,0, ,9.3, ,56.8, ,59, ,42.6, ,1.7, ,322, ,72, 
240,9/13/2019,0500,256,0, ,0, ,0, ,9.1, ,55.2, ,61, ,42, ,1.3, ,303, ,71.7, 
240,9/13/2019,0600,256,0, ,0, ,17, ,9, ,54.8, ,62, ,41.8, ,1.8, ,308, ,71.4, 
240,9/13/2019,0700,256,0, ,0, ,291, ,9.9, ,58.8, ,58, ,44.2, ,1.3, ,321, ,71.2, 
240,9/13/2019,0800,256,0.01, ,0, ,715, ,10.6, ,69.6, ,43, ,46.1, ,1.3, ,333, ,71.1, 
240,9/13/2019,0900,256,0.01, ,0, ,1104, ,9.8, ,78.9, ,29, ,43.9, ,1.5, ,323, ,70.9, 
240,9/13/2019,1000,256,0.02, ,0, ,1429, ,8.7, ,86.2, ,20, ,41, ,2.4, ,169, ,70.8, 
240,9/13/2019,1100,256,0.03, ,0, ,1656, ,7.4, ,90.3, ,15, ,36.6, ,3.1, ,176, ,70.8, 
240,9/13/2019,1200,256,0.03, ,0, ,1755, ,6.2, ,92.6, ,12, ,32.4, ,4.5, ,178, ,70.8, 
240,9/13/2019,1300,256,0.03, ,0, ,1722, ,6.2, ,94.1, ,11, ,32.4, ,3.9, ,185, ,70.9, 
240,9/13/2019,1400,256,0.03, ,0, ,1543, ,5.9, ,95.1, ,10, ,31, ,5.2, ,293, ,71, 
240,9/13/2019,1500,256,0.02, ,0, ,1259, ,5.9, ,95.9, ,10, ,31.1, ,4.5, ,234, ,71.1, 
240,9/13/2019,1600,256,0.02, ,0, ,860, ,7.7, ,94.8, ,14, ,37.9, ,8.8, ,292, ,71.3, 
240,9/13/2019,1700,256,0.01, ,0, ,472, ,8.6, ,92.2, ,17, ,40.6, ,11.4, ,313, ,71.5, 
240,9/13/2019,1800,256,0.01, ,0, ,116, ,8.9, ,88.4, ,19, ,41.5, ,10.2, ,324, ,71.6, 
240,9/13/2019,1900,256,0, ,0, ,1, ,9.1, ,83, ,24, ,42, ,4.8, ,334, ,71.8, 
240,9/13/2019,2000,256,0, ,0, ,0, ,10.7, ,80.6, ,30, ,46.3, ,5, ,10, ,72, 
240,9/13/2019,2100,256,0, ,0, ,0, ,9.8, ,77.5, ,30, ,43.9, ,4.8, ,24, ,72.1, 
240,9/13/2019,2200,256,0, ,0, ,0, ,10.1, ,70.9, ,39, ,44.8, ,2.5, ,234, ,72.1, 
240,9/13/2019,2300,256,0, ,0, ,0, ,9.8, ,69.5, ,40, ,44, ,2.2, ,319, ,72.1, 
240,9/13/2019,2400,256,0, ,0, ,0, ,9.5, ,66.5, ,43, ,43.2, ,1.6, ,272, ,72.1, 
240,9/14/2019,0100,257,0, ,0, ,0, ,9.5, ,63.1, ,48, ,43.1, ,1.6, ,270, ,72, 
240,9/14/2019,0200,257,0, ,0, ,0, ,9.2, ,60.9, ,50, ,42.3, ,1.6, ,316, ,72.2, 
240,9/14/2019,0300,257,0, ,0, ,0, ,9.2, ,61.3, ,50, ,42.4, ,1.8, ,19, ,72.2, 
240,9/14/2019,0400,257,0, ,0, ,0, ,9.2, ,57.9, ,56, ,42.5, ,1.3, ,319, ,72, 
240,9/14/2019,0500,257,0, ,0, ,0, ,8.9, ,56.5, ,57, ,41.6, ,1.4, ,342, ,71.8, 
240,9/14/2019,0600,257,0, ,0, ,15, ,8.9, ,55.6, ,59, ,41.4, ,1.4, ,314, ,71.6, 
240,9/14/2019,0700,257,0, ,0, ,291, ,9.3, ,59.6, ,53, ,42.6, ,1.7, ,355, ,71.4, 
240,9/14/2019,0800,257,0.01, ,0, ,710, ,9.4, ,68.7, ,39, ,43, ,1.9, ,319, ,71.2, 
240,9/14/2019,0900,257,0.01, ,0, ,1102, ,8.7, ,80, ,25, ,41, ,1.4, ,315, ,71.1, 
240,9/14/2019,1000,257,0.02, ,0, ,1428, ,8.1, ,87.1, ,18, ,39.2, ,2.2, ,146, ,70.9, 
240,9/14/2019,1100,257,0.03, ,0, ,1656, ,7, ,92.1, ,14, ,35.3, ,3.4, ,176, ,70.9, 
240,9/14/2019,1200,257,0.03, ,0, ,1753, ,6.2, ,94.9, ,11, ,32.5, ,4.2, ,238, ,70.8, 
240,9/14/2019,1300,257,0.03, ,0, ,1685, ,6.3, ,96.1, ,11, ,32.6, ,6.3, ,338, ,70.9, 
240,9/14/2019,1400,257,0.03, ,0, ,1505, ,6.9, ,96.5, ,12, ,35, ,8.7, ,315, ,71, 
240,9/14/2019,1500,257,0.03, ,0, ,1228, ,7.2, ,96.6, ,12, ,36, ,9.8, ,330, ,71.1, 
240,9/14/2019,1600,257,0.02, ,0, ,909, ,7.9, ,95.2, ,14, ,38.4, ,11.8, ,320, ,71.2, 
240,9/14/2019,1700,257,0.01, ,0, ,507, ,7.7, ,93, ,15, ,37.7, ,10.6, ,313, ,71.4, 
240,9/14/2019,1800,257,0.01, ,0, ,121, ,8.3, ,88.2, ,18, ,39.7, ,7.5, ,316, ,71.5, 
240,9/14/2019,1900,257,0, ,0, ,0, ,7.9, ,83.9, ,20, ,38.6, ,3.6, ,17, ,71.6, 
240,9/14/2019,2000,257,0, ,0, ,0, ,8.1, ,80.3, ,23, ,39, ,4.4, ,21, ,71.7, 
240,9/14/2019,2100,257,0, ,0, ,0, ,8.7, ,76.7, ,28, ,41, ,3.3, ,12, ,71.8, 
240,9/14/2019,2200,257,0, ,0, ,0, ,8.4, ,70.8, ,33, ,40.1, ,2.6, ,245, ,71.8, 
240,9/14/2019,2300,257,0, ,0, ,0, ,8.2, ,69.6, ,33, ,39.4, ,1.6, ,327, ,71.8, 
240,9/14/2019,2400,257,0, ,0, ,0, ,7.9, ,66.7, ,35, ,38.3, ,1.8, ,303, ,71.8, 
240,9/15/2019,0100,258,0, ,0, ,0, ,8, ,63.8, ,40, ,38.9, ,1.7, ,232, ,71.7, 
240,9/15/2019,0200,258,0, ,0, ,0, ,8.2, ,62.1, ,43, ,39.4, ,2, ,243, ,71.9, 
240,9/15/2019,0300,258,0, ,0, ,0, ,8.2, ,61.8, ,44, ,39.5, ,2.3, ,265, ,71.9, 
240,9/15/2019,0400,258,0, ,0, ,0, ,8.8, ,60, ,50, ,41.2, ,1.9, ,353, ,71.8, 
240,9/15/2019,0500,258,0, ,0, ,0, ,8.2, ,58, ,50, ,39.3, ,2.3, ,304, ,71.7, 
240,9/15/2019,0600,258,0, ,0, ,21, ,8.2, ,57.4, ,51, ,39.4, ,1.6, ,343, ,71.5, 
240,9/15/2019,0700,258,0, ,0, ,365, ,9.3, ,63.5, ,46, ,42.6, ,2.5, ,167, ,71.3, 
240,9/15/2019,0800,258,0.01, ,0, ,697, ,10, ,72.5, ,37, ,44.5, ,2.1, ,166, ,71.1, 
240,9/15/2019,0900,258,0.01, ,0, ,815, ,10, ,78.2, ,30, ,44.4, ,3.2, ,197, ,71, 
240,9/15/2019,1000,258,0.01, ,0, ,850, ,9.1, ,81.7, ,25, ,42.1, ,4, ,197, ,70.9, 
240,9/15/2019,1100,258,0.03, ,0, ,1662, ,8.5, ,86.1, ,20, ,40.5, ,3.2, ,164, ,70.8, 
240,9/15/2019,1200,258,0.03, ,0, ,1739, ,6.7, ,89.2, ,14, ,34.4, ,4.2, ,170, ,70.8, 
240,9/15/2019,1300,258,0.03, ,0, ,1638, ,6.4, ,91.3, ,13, ,33, ,5.4, ,172, ,70.8, 
240,9/15/2019,1400,258,0.02, ,0, ,1174, ,6.7, ,91.7, ,13, ,34.3, ,7.5, ,197, ,70.8, 
240,9/15/2019,1500,258,0.02, ,0, ,1005, ,8.3, ,90, ,17, ,39.8, ,10.4, ,189, ,70.9, 
240,9/15/2019,1600,258,0.02, ,0, ,649, ,6.5, ,87.9, ,14, ,33.5, ,8.7, ,231, ,71, 
240,9/15/2019,1700,258,0.01, ,0, ,402, ,6.8, ,87.1, ,15, ,34.6, ,5.4, ,239, ,71.2, 
240,9/15/2019,1800,258,0.01, ,0, ,82, ,8.8, ,81.6, ,24, ,41.2, ,6.2, ,349, ,71.3, 
240,9/15/2019,1900,258,0, ,0, ,1, ,8.1, ,77.7, ,25, ,39, ,4.1, ,21, ,71.4, 
240,9/15/2019,2000,258,0, ,0, ,0, ,9.9, ,75.7, ,33, ,44.2, ,3.7, ,109, ,71.5, 
240,9/15/2019,2100,258,0, ,0, ,0, ,10.2, ,73.6, ,36, ,45, ,4.5, ,150, ,71.6, 
240,9/15/2019,2200,258,0, ,0, ,0, ,9.1, ,72.7, ,33, ,42.1, ,4.1, ,146, ,71.6, 
240,9/15/2019,2300,258,0, ,0, ,0, ,8.9, ,69.4, ,36, ,41.6, ,2.4, ,207, ,71.6, 
240,9/15/2019,2400,258,0, ,0, ,0, ,7.9, ,68.9, ,33, ,38.5, ,2.7, ,167, ,71.5, 
240,9/16/2019,0100,259,0, ,0, ,0, ,7.7, ,67.9, ,33, ,37.7, ,2.6, ,154, ,71.5, 
240,9/16/2019,0200,259,0, ,0, ,0, ,8.5, ,63.9, ,42, ,40.2, ,2.2, ,351, ,71.7, 
240,9/16/2019,0300,259,0, ,0, ,0, ,9, ,62.9, ,46, ,41.9, ,1.9, ,4, ,71.7, 
240,9/16/2019,0400,259,0, ,0, ,0, ,8.1, ,59.5, ,47, ,39.2, ,1.5, ,281, ,71.6, 
240,9/16/2019,0500,259,0, ,0, ,0, ,8.1, ,58.5, ,48, ,39.1, ,2.1, ,280, ,71.5, 
240,9/16/2019,0600,259,0, ,0, ,14, ,7.8, ,56.3, ,50, ,38.1, ,1.7, ,308, ,71.4, 
240,9/16/2019,0700,259,0, ,0, ,266, ,8.1, ,60.9, ,45, ,39.2, ,1.9, ,299, ,71.2, 
240,9/16/2019,0800,259,0.01, ,0, ,634, ,9.5, ,68.3, ,40, ,43.2, ,2.5, ,286, ,71, 
240,9/16/2019,0900,259,0.01, ,0, ,1068, ,10.4, ,75.1, ,35, ,45.7, ,2.9, ,131, ,70.8, 
240,9/16/2019,1000,259,0.02, ,0, ,1378, ,10, ,78.7, ,30, ,44.6, ,5.8, ,192, ,70.7, 
240,9/16/2019,1100,259,0.03, ,0, ,1623, ,7.8, ,81.9, ,21, ,38, ,8.4, ,182, ,70.6, 
240,9/16/2019,1200,259,0.03, ,0, ,1386, ,7.5, ,82.9, ,20, ,37.2, ,8.9, ,177, ,70.6, 
240,9/16/2019,1300,259,0.03, ,0, ,1613, ,8.8, ,85.2, ,21, ,41.3, ,9.4, ,174, ,70.6, 
240,9/16/2019,1400,259,0.03, ,0, ,1487, ,8.4, ,85.6, ,20, ,40.1, ,9.7, ,181, ,70.6, 
240,9/16/2019,1500,259,0.02, ,0, ,1083, ,8.8, ,84.5, ,22, ,41.1, ,10.9, ,179, ,70.7, 
240,9/16/2019,1600,259,0.02, ,0, ,707, ,8.5, ,82.6, ,22, ,40.5, ,10.6, ,180, ,70.8, 
240,9/16/2019,1700,259,0.01, ,0, ,301, ,8.8, ,80, ,25, ,41.3, ,9.3, ,172, ,70.9, 
240,9/16/2019,1800,259,0.01, ,0, ,67, ,9.5, ,76.4, ,31, ,43.1, ,7.9, ,162, ,71, 
240,9/16/2019,1900,259,0, ,0, ,0, ,10.2, ,72.7, ,37, ,44.9, ,8.1, ,165, ,71.1, 
240,9/16/2019,2000,259,0, ,0, ,0, ,9.6, ,69.9, ,38, ,43.4, ,7.5, ,127, ,71.1, 
240,9/16/2019,2100,259,0, ,0, ,0, ,8.4, ,68.1, ,36, ,40.2, ,9, ,133, ,71.2, 
240,9/16/2019,2200,259,0, ,0, ,0, ,8.3, ,65.9, ,38, ,39.8, ,7, ,147, ,71.1, 
240,9/16/2019,2300,259,0, ,0, ,0, ,9.6, ,64, ,47, ,43.5, ,3.2, ,172, ,71.1, 
240,9/16/2019,2400,259,0, ,0, ,0, ,9.2, ,62.1, ,48, ,42.4, ,3.4, ,110, ,71, 
240,9/17/2019,0100,260,0, ,0, ,0, ,8.9, ,56, ,58, ,41.6, ,2.2, ,287, ,70.9, 
240,9/17/2019,0200,260,0, ,0, ,0, ,9, ,54.6, ,62, ,41.7, ,1.8, ,15, ,70.8, 
240,9/17/2019,0300,260,0, ,0, ,0, ,8.4, ,52.8, ,62, ,40, ,2.2, ,3, ,70.7, 
240,9/17/2019,0400,260,0, ,0, ,0, ,7.8, ,51, ,61, ,38.2, ,1.9, ,293, ,70.6, 
240,9/17/2019,0500,260,0, ,0, ,0, ,8.8, ,49.2, ,74, ,41.3, ,2, ,278, ,70.4, 
240,9/17/2019,0600,260,0, ,0, ,13, ,7.5, ,46.8, ,69, ,37.2, ,1.9, ,309, ,70.3, 
240,9/17/2019,0700,260,0, ,0, ,286, ,7.5, ,51.2, ,58, ,37.1, ,2.6, ,323, ,70.1, 
240,9/17/2019,0800,260,0.01, ,0, ,702, ,9.3, ,60.7, ,52, ,42.8, ,2.7, ,171, ,69.9, 
240,9/17/2019,0900,260,0.01, ,0, ,1070, ,10.4, ,66.8, ,46, ,45.6, ,3.6, ,181, ,69.7, 
240,9/17/2019,1000,260,0.02, ,0, ,1408, ,9.3, ,72.1, ,34, ,42.5, ,5.7, ,173, ,69.6, 
240,9/17/2019,1100,260,0.02, ,0, ,1619, ,6.8, ,76.4, ,22, ,34.5, ,5.3, ,170, ,69.4, 
240,9/17/2019,1200,260,0.03, ,0, ,1706, ,7.4, ,78.6, ,22, ,36.7, ,4.1, ,170, ,69.4, 
240,9/17/2019,1300,260,0.03, ,0, ,1658, ,7.5, ,80.1, ,21, ,37.1, ,5.6, ,186, ,69.3, 
240,9/17/2019,1400,260,0.02, ,0, ,1481, ,8.9, ,81, ,25, ,41.6, ,5.9, ,172, ,69.4, 
240,9/17/2019,1500,260,0.02, ,0, ,1194, ,10.4, ,80.9, ,29, ,45.7, ,8.2, ,182, ,69.4, 
240,9/17/2019,1600,260,0.02, ,0, ,835, ,11, ,79.8, ,32, ,47, ,8.7, ,185, ,69.5, 
240,9/17/2019,1700,260,0.01, ,0, ,439, ,11.7, ,78, ,36, ,48.7, ,8.7, ,188, ,69.7, 
240,9/17/2019,1800,260,0, ,0, ,95, ,11.6, ,74.7, ,39, ,48.4, ,7.4, ,188, ,69.9, 
240,9/17/2019,1900,260,0, ,0, ,0, ,11.5, ,70.8, ,44, ,48.2, ,3.3, ,337, ,70, 
240,9/17/2019,2000,260,0, ,0, ,0, ,11, ,69.2, ,45, ,47.1, ,4.8, ,117, ,70.2, 
240,9/17/2019,2100,260,0, ,0, ,0, ,11.8, ,66.3, ,53, ,48.8, ,6.3, ,131, ,70.3, 
240,9/17/2019,2200,260,0, ,0, ,0, ,11.9, ,64.1, ,59, ,49.2, ,2.6, ,125, ,70.3, 
240,9/17/2019,2300,260,0, ,0, ,0, ,11.7, ,63.5, ,59, ,48.7, ,4.4, ,134, ,70.3, 
240,9/17/2019,2400,260,0, ,0, ,0, ,11.5, ,60.8, ,63, ,48.2, ,3.3, ,184, ,70.3, 
240,9/18/2019,0100,261,0, ,0, ,0, ,11.3, ,57.4, ,70, ,47.7, ,1.8, ,0, ,70.3, 
240,9/18/2019,0200,261,0, ,0, ,0, ,11, ,54.8, ,75, ,47, ,2, ,293, ,70.3, 
240,9/18/2019,0300,261,0, ,0, ,0, ,11.2, ,53.3, ,80, ,47.4, ,1.9, ,243, ,70.5, 
240,9/18/2019,0400,261,0, ,0, ,0, ,10.7, ,53.8, ,76, ,46.4, ,1.2, ,329, ,70.3, 
240,9/18/2019,0500,261,0, ,0, ,0, ,10.5, ,51.3, ,81, ,45.8, ,1.8, ,302, ,70, 
240,9/18/2019,0600,261,0, ,0, ,12, ,10.2, ,50.6, ,81, ,45, ,1.8, ,323, ,69.7, 
240,9/18/2019,0700,261,0, ,0, ,282, ,10.5, ,53.1, ,76, ,45.8, ,1.5, ,274, ,69.5, 
240,9/18/2019,0800,261,0.01, ,0, ,689, ,11.4, ,60, ,64, ,48, ,2, ,299, ,69.3, 
240,9/18/2019,0900,261,0.01, ,0, ,1074, ,11.8, ,66.5, ,53, ,48.9, ,2, ,199, ,69.2, 
240,9/18/2019,1000,261,0.02, ,0, ,1399, ,10.1, ,70.7, ,39, ,44.7, ,3.9, ,183, ,69.1, 
240,9/18/2019,1100,261,0.02, ,0, ,1609, ,8, ,74.4, ,28, ,38.8, ,4.6, ,180, ,69.1, 
240,9/18/2019,1200,261,0.03, ,0, ,1712, ,5.3, ,77.4, ,16, ,28.5, ,4.5, ,159, ,69, 
240,9/18/2019,1300,261,0.03, ,0, ,1658, ,6.2, ,79.4, ,18, ,32.4, ,5.2, ,160, ,69.1, 
240,9/18/2019,1400,261,0.02, ,0, ,1485, ,6.8, ,81.2, ,19, ,34.7, ,6, ,170, ,69.1, 
240,9/18/2019,1500,261,0.02, ,0, ,1200, ,7.6, ,81.7, ,21, ,37.5, ,7.8, ,184, ,69.2, 
240,9/18/2019,1600,261,0.02, ,0, ,831, ,8.7, ,80.5, ,24, ,40.9, ,9.6, ,176, ,69.4, 
240,9/18/2019,1700,261,0.01, ,0, ,437, ,8.8, ,77.4, ,27, ,41.2, ,10.1, ,182, ,69.5, 
240,9/18/2019,1800,261,0, ,0, ,86, ,8.8, ,74.5, ,30, ,41.3, ,7.1, ,175, ,69.6, 
240,9/18/2019,1900,261,0, ,0, ,0, ,9.6, ,70, ,38, ,43.4, ,6.2, ,119, ,69.8, 
240,9/18/2019,2000,261,0, ,0, ,0, ,6.6, ,67.2, ,29, ,33.8, ,6.3, ,113, ,69.9, 
240,9/18/2019,2100,261,0, ,0, ,0, ,6.7, ,65.3, ,31, ,34.3, ,5.5, ,123, ,70, 
240,9/18/2019,2200,261,0, ,0, ,0, ,8.8, ,63.5, ,44, ,41.3, ,4.1, ,121, ,70, 
240,9/18/2019,2300,261,0, ,0, ,0, ,10.3, ,61.3, ,55, ,45.3, ,4.4, ,173, ,70, 
240,9/18/2019,2400,261,0, ,0, ,0, ,10.2, ,60.2, ,57, ,45.1, ,3.6, ,161, ,70, 
240,9/19/2019,0100,262,0, ,0, ,0, ,10.5, ,57, ,66, ,45.8, ,2.4, ,203, ,69.9, 
240,9/19/2019,0200,262,0, ,0, ,0, ,10.5, ,55, ,71, ,45.9, ,1.5, ,9, ,69.8, 
240,9/19/2019,0300,262,0, ,0, ,0, ,9.7, ,52.1, ,73, ,43.8, ,2.4, ,317, ,69.7, 
240,9/19/2019,0400,262,0, ,0, ,0, ,8.8, ,49.6, ,73, ,41.2, ,1.6, ,333, ,69.6, 
240,9/19/2019,0500,262,0, ,0, ,0, ,10.5, ,51.7, ,80, ,45.8, ,3.7, ,157, ,69.5, 
240,9/19/2019,0600,262,0, ,0, ,13, ,12.9, ,53, ,94, ,51.3, ,4.3, ,179, ,69.4, 
240,9/19/2019,0700,262,0, ,0, ,264, ,11.3, ,52.6, ,84, ,47.8, ,2.3, ,274, ,69.2, 
240,9/19/2019,0800,262,0.01, ,0, ,661, ,13, ,59, ,76, ,51.5, ,2.6, ,135, ,69.1, 
240,9/19/2019,0900,262,0.01, ,0, ,1040, ,12.7, ,62.7, ,65, ,50.8, ,3.3, ,160, ,69, 
240,9/19/2019,1000,262,0.02, ,0, ,1352, ,12.2, ,66.1, ,56, ,49.8, ,3.8, ,179, ,68.8, 
240,9/19/2019,1100,262,0.02, ,0, ,1569, ,11.5, ,69.9, ,46, ,48.2, ,5.3, ,162, ,68.8, 
240,9/19/2019,1200,262,0.02, ,0, ,1662, ,11.5, ,72.6, ,42, ,48.2, ,5.5, ,171, ,68.7, 
240,9/19/2019,1300,262,0.02, ,0, ,1660, ,12, ,74.7, ,41, ,49.4, ,5.4, ,183, ,68.7, 
240,9/19/2019,1400,262,0.02, ,0, ,1133, ,12.9, ,75.1, ,43, ,51.3, ,8.5, ,181, ,68.8, 
240,9/19/2019,1500,262,0.02, ,0, ,992, ,13.7, ,74.5, ,47, ,53, ,9.5, ,187, ,68.8, 
240,9/19/2019,1600,262,0.01, ,0, ,565, ,13.9, ,73.5, ,49, ,53.3, ,10.5, ,180, ,69, 
240,9/19/2019,1700,262,0.01, ,0, ,195, ,14.3, ,70.5, ,56, ,54.1, ,10.1, ,177, ,69.1, 
240,9/19/2019,1800,262,0, ,0, ,79, ,13.6, ,69, ,56, ,52.7, ,6.9, ,181, ,69.3, 
240,9/19/2019,1900,262,0, ,0, ,0, ,12.5, ,66.5, ,56, ,50.4, ,4.9, ,12, ,69.4, 
240,9/19/2019,2000,262,0, ,0, ,0, ,14.3, ,63.1, ,72, ,54.1, ,5.7, ,127, ,69.5, 
240,9/19/2019,2100,262,0, ,0, ,0, ,14.6, ,60.6, ,81, ,54.8, ,6.2, ,163, ,69.6, 
240,9/19/2019,2200,262,0, ,0, ,0, ,14.4, ,59, ,84, ,54.3, ,6.9, ,140, ,69.6, 
240,9/19/2019,2300,262,0, ,0, ,0, ,14.6, ,57.9, ,89, ,54.6, ,6.9, ,167, ,69.7, 
240,9/19/2019,2400,262,0, ,0, ,0, ,14.2, ,57.8, ,87, ,54, ,4.9, ,184, ,69.6, 
240,9/20/2019,0100,263,0, ,0, ,0, ,14.1, ,57.8, ,86, ,53.7, ,4.5, ,186, ,69.6, 
240,9/20/2019,0200,263,0, ,0, ,0, ,13.8, ,57.5, ,86, ,53.2, ,4.2, ,192, ,69.7, 
240,9/20/2019,0300,263,0, ,0, ,0, ,13.5, ,56.6, ,87, ,52.6, ,3, ,249, ,69.8, 
240,9/20/2019,0400,263,0, ,0, ,0, ,13.6, ,56.8, ,86, ,52.7, ,3.5, ,229, ,69.7, 
240,9/20/2019,0500,263,0, ,0, ,0, ,13.7, ,57.2, ,86, ,53, ,4, ,190, ,69.4, 
240,9/20/2019,0600,263,0, ,0, ,10, ,13.1, ,55.2, ,88, ,51.8, ,1.9, ,240, ,69.2, 
240,9/20/2019,0700,263,0, ,0, ,180, ,13.3, ,55.8, ,88, ,52.2, ,2.2, ,250, ,69, 
240,9/20/2019,0800,263,0.01, ,0, ,638, ,14.1, ,60.5, ,78, ,53.6, ,2.1, ,330, ,68.9, 
240,9/20/2019,0900,263,0.01, ,0, ,1057, ,13.7, ,63.4, ,69, ,53, ,3.1, ,8, ,68.8, 
240,9/20/2019,1000,263,0.02, ,0, ,1354, ,13.1, ,66.1, ,60, ,51.8, ,4.1, ,344, ,68.8, 
240,9/20/2019,1100,263,0.02, ,0, ,1576, ,12, ,69.5, ,49, ,49.3, ,4.7, ,326, ,68.8, 
240,9/20/2019,1200,263,0.02, ,0, ,1664, ,11, ,73.7, ,39, ,47, ,3.7, ,333, ,68.8, 
240,9/20/2019,1300,263,0.02, ,0, ,1625, ,9.7, ,77.5, ,30, ,43.9, ,4.1, ,228, ,68.8, 
240,9/20/2019,1400,263,0.02, ,0, ,1462, ,8.5, ,79.5, ,25, ,40.5, ,4.6, ,195, ,68.8, 
240,9/20/2019,1500,263,0.02, ,0, ,1165, ,8.6, ,80.5, ,24, ,40.5, ,5.5, ,311, ,69, 
240,9/20/2019,1600,263,0.01, ,0, ,796, ,8.8, ,80.3, ,25, ,41.1, ,6.4, ,344, ,69.1, 
240,9/20/2019,1700,263,0.01, ,0, ,409, ,11.1, ,77.7, ,34, ,47.4, ,10, ,321, ,69.2, 
240,9/20/2019,1800,263,0, ,0, ,76, ,12.4, ,73, ,45, ,50.2, ,9.4, ,323, ,69.4, 
240,9/20/2019,1900,263,0, ,0, ,0, ,12.7, ,69.1, ,52, ,50.9, ,3.9, ,322, ,69.5, 
240,9/20/2019,2000,263,0, ,0, ,0, ,12.6, ,67.3, ,55, ,50.8, ,3.6, ,3, ,69.7, 
240,9/20/2019,2100,263,0, ,0, ,0, ,13.4, ,65.9, ,62, ,52.3, ,2.8, ,81, ,69.7, 
240,9/20/2019,2200,263,0, ,0, ,0, ,14.3, ,64.4, ,70, ,54.2, ,3.3, ,138, ,69.8, 
240,9/20/2019,2300,263,0, ,0, ,0, ,14.6, ,62.5, ,76, ,54.7, ,3.5, ,159, ,69.8, 
240,9/20/2019,2400,263,0, ,0, ,0, ,13.6, ,59.3, ,79, ,52.8, ,2.1, ,242, ,69.8, 
240,9/21/2019,0100,264,0, ,0, ,0, ,11.9, ,55.5, ,79, ,49.1, ,1.7, ,302, ,69.8, 
240,9/21/2019,0200,264,0, ,0, ,0, ,11.9, ,55, ,80, ,49, ,2, ,243, ,69.9, 
240,9/21/2019,0300,264,0, ,0, ,0, ,11.6, ,53.7, ,82, ,48.4, ,1.6, ,314, ,70, 
240,9/21/2019,0400,264,0, ,0, ,0, ,11.7, ,53, ,85, ,48.8, ,2.2, ,1, ,69.9, 
240,9/21/2019,0500,264,0, ,0, ,0, ,10.8, ,50.5, ,86, ,46.6, ,1.8, ,293, ,69.7, 
240,9/21/2019,0600,264,0, ,0, ,12, ,10.3, ,49.5, ,86, ,45.4, ,1.9, ,335, ,69.5, 
240,9/21/2019,0700,264,0, ,0, ,265, ,11.1, ,51.7, ,85, ,47.4, ,2, ,298, ,69.3, 
240,9/21/2019,0800,264,0.01, ,0, ,661, ,12.8, ,60.1, ,72, ,51, ,1.7, ,306, ,69.2, 
240,9/21/2019,0900,264,0.01, ,0, ,1044, ,13.7, ,67.7, ,59, ,52.9, ,2.1, ,279, ,69, 
240,9/21/2019,1000,264,0.02, ,0, ,1367, ,11.2, ,74.8, ,38, ,47.6, ,2.7, ,311, ,68.9, 
240,9/21/2019,1100,264,0.02, ,0, ,1594, ,7.5, ,80.1, ,21, ,37.1, ,3.4, ,276, ,68.8, 
240,9/21/2019,1200,264,0.03, ,0, ,1681, ,6.1, ,82.8, ,16, ,31.8, ,4.5, ,256, ,68.8, 
240,9/21/2019,1300,264,0.03, ,0, ,1640, ,5.9, ,84.9, ,14, ,31.2, ,4.8, ,234, ,68.8, 
240,9/21/2019,1400,264,0.02, ,0, ,1466, ,5.9, ,86.1, ,14, ,31, ,6.1, ,313, ,68.8, 
240,9/21/2019,1500,264,0.02, ,0, ,1180, ,5.7, ,86.8, ,13, ,30.4, ,6.3, ,310, ,68.9, 
240,9/21/2019,1600,264,0.01, ,0, ,819, ,5.4, ,87.5, ,12, ,28.7, ,5, ,10, ,69, 
240,9/21/2019,1700,264,0.01, ,0, ,422, ,5.3, ,86.8, ,12, ,28.4, ,5.1, ,3, ,69.2, 
240,9/21/2019,1800,264,0.01, ,0, ,75, ,9.8, ,81.2, ,27, ,44, ,7, ,326, ,69.3, 
240,9/21/2019,1900,264,0, ,0, ,0, ,11.3, ,77.3, ,35, ,47.7, ,5, ,48, ,69.5, 
240,9/21/2019,2000,264,0, ,0, ,0, ,15, ,73.1, ,54, ,55.4, ,5.7, ,136, ,69.6, 
240,9/21/2019,2100,264,0, ,0, ,0, ,15.2, ,70.3, ,60, ,55.7, ,3.3, ,183, ,69.7, 
240,9/21/2019,2200,264,0, ,0, ,0, ,14.3, ,66.9, ,64, ,54.2, ,2.1, ,220, ,69.7, 
240,9/21/2019,2300,264,0, ,0, ,0, ,12.5, ,62.9, ,64, ,50.4, ,1.5, ,338, ,69.7, 
240,9/21/2019,2400,264,0, ,0, ,0, ,11.1, ,60.8, ,61, ,47.2, ,1.9, ,300, ,69.8, 
240,9/22/2019,0100,265,0, ,0, ,0, ,11.1, ,60.3, ,62, ,47.2, ,3.3, ,15, ,69.8, 
240,9/22/2019,0200,265,0, ,0, ,0, ,10.6, ,58.1, ,64, ,46, ,1.9, ,337, ,69.9, 
240,9/22/2019,0300,265,0, ,0, ,0, ,9.6, ,56.8, ,61, ,43.5, ,1.7, ,345, ,70, 
240,9/22/2019,0400,265,0, ,0, ,0, ,9, ,54, ,63, ,41.8, ,1.7, ,305, ,70, 
240,9/22/2019,0500,265,0, ,0, ,0, ,9.2, ,52.8, ,67, ,42.3, ,1.5, ,12, ,69.9, 
240,9/22/2019,0600,265,0, ,0, ,17, ,8.9, ,51.5, ,69, ,41.6, ,1.7, ,317, ,69.8, 
240,9/22/2019,0700,265,0, ,0, ,277, ,9.1, ,54.4, ,63, ,42.2, ,1.7, ,337, ,69.5, 
240,9/22/2019,0800,265,0.01, ,0, ,653, ,9.1, ,63.1, ,46, ,42.1, ,2.1, ,351, ,69.4, 
240,9/22/2019,0900,265,0.01, ,0, ,889, ,8.5, ,72.3, ,31, ,40.2, ,2.3, ,295, ,69.2, 
240,9/22/2019,1000,265,0.02, ,0, ,1302, ,6.3, ,81.4, ,17, ,32.9, ,2.4, ,191, ,69, 
240,9/22/2019,1100,265,0.01, ,0, ,961, ,5.3, ,84.7, ,13, ,28.3, ,2.8, ,204, ,69, 
240,9/22/2019,1200,265,0.02, ,0, ,1096, ,5.2, ,86.1, ,12, ,27.8, ,5, ,206, ,68.9, 
240,9/22/2019,1300,265,0.02, ,0, ,866, ,6.1, ,86.3, ,14, ,31.8, ,5.1, ,207, ,68.9, 
240,9/22/2019,1400,265,0.02, ,0, ,1196, ,7.1, ,87.3, ,16, ,35.9, ,6.6, ,222, ,69, 
240,9/22/2019,1500,265,0.02, ,0, ,1022, ,7, ,87.9, ,15, ,35.2, ,5.9, ,212, ,69, 
240,9/22/2019,1600,265,0.02, ,0, ,765, ,8.4, ,86.9, ,19, ,40, ,8.1, ,196, ,69.1, 
240,9/22/2019,1700,265,0.01, ,0, ,343, ,9.8, ,83.2, ,25, ,44, ,10, ,185, ,69.2, 
240,9/22/2019,1800,265,0.01, ,0, ,83, ,10, ,79.9, ,29, ,44.6, ,7.3, ,175, ,69.3, 
240,9/22/2019,1900,265,0, ,0, ,0, ,9.7, ,76.6, ,31, ,43.8, ,4.4, ,162, ,69.5, 
240,9/22/2019,2000,265,0, ,0, ,0, ,10.9, ,74.5, ,37, ,46.8, ,5.5, ,136, ,69.5, 
240,9/22/2019,2100,265,0, ,0, ,0, ,10.7, ,71.8, ,40, ,46.3, ,3.3, ,66, ,69.6, 
240,9/22/2019,2200,265,0, ,0, ,0, ,9.3, ,68.3, ,39, ,42.7, ,2.5, ,43, ,69.7, 
240,9/22/2019,2300,265,0, ,0, ,0, ,9.1, ,64.6, ,44, ,42, ,1.8, ,271, ,69.7, 
240,9/22/2019,2400,265,0, ,0, ,0, ,8.9, ,63.2, ,45, ,41.6, ,2.4, ,307, ,69.7, 
240,9/23/2019,0100,266,0, ,0, ,0, ,9.4, ,63, ,48, ,42.8, ,2.2, ,23, ,69.7, 
240,9/23/2019,0200,266,0, ,0, ,0, ,9.5, ,60.7, ,52, ,43.2, ,1.5, ,298, ,69.8, 
240,9/23/2019,0300,266,0, ,0, ,0, ,9.3, ,58.8, ,55, ,42.7, ,1.7, ,328, ,69.9, 
240,9/23/2019,0400,266,0, ,0, ,0, ,9.8, ,59.3, ,57, ,44, ,2, ,126, ,69.8, 
240,9/23/2019,0500,266,0, ,0, ,0, ,10.4, ,59.8, ,59, ,45.6, ,2.9, ,172, ,69.7, 
240,9/23/2019,0600,266,0, ,0, ,11, ,9.5, ,55.1, ,64, ,43.2, ,2.2, ,335, ,69.5, 
240,9/23/2019,0700,266,0, ,0, ,252, ,10.2, ,59.3, ,59, ,45, ,1.8, ,7, ,69.4, 
240,9/23/2019,0800,266,0.01, ,0, ,639, ,12.3, ,67.4, ,54, ,50.1, ,1.5, ,295, ,69.2, 
240,9/23/2019,0900,266,0.01, ,0, ,1012, ,13.1, ,72.7, ,48, ,51.8, ,2.1, ,179, ,69.1, 
240,9/23/2019,1000,266,0.02, ,0, ,1325, ,14.7, ,75.7, ,48, ,54.9, ,3.7, ,183, ,69, 
240,9/23/2019,1100,266,0.02, ,0, ,1555, ,11.6, ,78.3, ,35, ,48.4, ,7.2, ,192, ,68.9, 
240,9/23/2019,1200,266,0.03, ,0, ,1652, ,7.9, ,80.2, ,22, ,38.5, ,8.8, ,174, ,68.9, 
240,9/23/2019,1300,266,0.03, ,0, ,1602, ,6.8, ,81.2, ,19, ,34.6, ,9.6, ,183, ,68.9, 
240,9/23/2019,1400,266,0.03, ,0, ,1431, ,6.2, ,81.5, ,17, ,32.5, ,9.6, ,171, ,68.9, 
240,9/23/2019,1500,266,0.02, ,0, ,1145, ,6.1, ,81.6, ,17, ,32, ,10, ,176, ,69, 
240,9/23/2019,1600,266,0.02, ,0, ,792, ,5.3, ,80.6, ,15, ,28.3, ,10.4, ,181, ,69.1, 
240,9/23/2019,1700,266,0.01, ,0, ,405, ,5, ,78.4, ,15, ,27, ,9, ,177, ,69.2, 
240,9/23/2019,1800,266,0.01, ,0, ,67, ,5.2, ,75, ,17, ,27.8, ,6.8, ,161, ,69.3, 
240,9/23/2019,1900,266,0, ,0, ,0, ,8.4, ,69.7, ,34, ,39.9, ,5.8, ,112, ,69.4, 
240,9/23/2019,2000,266,0, ,0, ,0, ,11.1, ,66.1, ,51, ,47.2, ,7.5, ,139, ,69.5, 
240,9/23/2019,2100,266,0, ,0, ,0, ,11.7, ,64.3, ,57, ,48.7, ,4.5, ,160, ,69.5, 
240,9/23/2019,2200,266,0, ,0, ,0, ,12, ,63.1, ,61, ,49.4, ,4, ,158, ,69.5, 
240,9/23/2019,2300,266,0, ,0, ,0, ,11.6, ,59.7, ,66, ,48.5, ,2.9, ,216, ,69.4, 
240,9/23/2019,2400,266,0, ,0, ,0, ,10.5, ,57.4, ,65, ,45.8, ,2.1, ,289, ,69.4, 
240,9/24/2019,0100,267,0, ,0, ,0, ,9.9, ,56.5, ,63, ,44.2, ,2.7, ,351, ,69.3, 
240,9/24/2019,0200,267,0, ,0, ,0, ,9.2, ,55.2, ,62, ,42.3, ,1.7, ,27, ,69.2, 
240,9/24/2019,0300,267,0, ,0, ,0, ,8.6, ,52.2, ,64, ,40.5, ,2.2, ,337, ,69.2, 
240,9/24/2019,0400,267,0, ,0, ,0, ,8.2, ,52.1, ,62, ,39.5, ,2.3, ,360, ,69.1, 
240,9/24/2019,0500,267,0, ,0, ,0, ,8.3, ,50.9, ,65, ,39.7, ,1.8, ,309, ,69, 
240,9/24/2019,0600,267,0, ,0, ,9, ,8.8, ,50.9, ,70, ,41.3, ,1.6, ,327, ,68.8, 
240,9/24/2019,0700,267,0, ,0, ,246, ,9.3, ,54.1, ,65, ,42.6, ,2.3, ,319, ,68.7, 
240,9/24/2019,0800,267,0.01, ,0, ,634, ,8.2, ,62.2, ,43, ,39.4, ,2.6, ,63, ,68.6, 
240,9/24/2019,0900,267,0.01, ,0, ,1006, ,9, ,69.9, ,36, ,41.8, ,1.9, ,303, ,68.4, 
240,9/24/2019,1000,267,0.02, ,0, ,1307, ,9.1, ,76.7, ,29, ,42.1, ,4.3, ,341, ,68.3, 
240,9/24/2019,1100,267,0.02, ,0, ,1520, ,9.1, ,82.6, ,24, ,42.2, ,6.1, ,346, ,68.2, 
240,9/24/2019,1200,267,0.03, ,0, ,1609, ,8.8, ,84.9, ,21, ,41.1, ,6.4, ,345, ,68.1, 
240,9/24/2019,1300,267,0.02, ,0, ,1563, ,8.6, ,86, ,20, ,40.5, ,4.4, ,185, ,68.1, 
240,9/24/2019,1400,267,0.02, ,0, ,1399, ,8.2, ,88.7, ,18, ,39.3, ,4.1, ,26, ,68.1, 
240,9/24/2019,1500,267,0.02, ,0, ,1132, ,7.1, ,90, ,15, ,35.7, ,6.1, ,40, ,68.2, 
240,9/24/2019,1600,267,0.01, ,0, ,768, ,6.5, ,90.8, ,13, ,33.4, ,4.5, ,48, ,68.3, 
240,9/24/2019,1700,267,0.01, ,0, ,381, ,5.9, ,90.2, ,12, ,31.2, ,6.6, ,82, ,68.5, 
240,9/24/2019,1800,267,0, ,0, ,58, ,5.9, ,87.8, ,13, ,31.1, ,4.1, ,80, ,68.6, 
240,9/24/2019,1900,267,0, ,0, ,0, ,8, ,80.5, ,22, ,38.7, ,4.6, ,155, ,68.8, 
240,9/24/2019,2000,267,0, ,0, ,0, ,13.4, ,75.5, ,44, ,52.3, ,6, ,135, ,68.9, 
240,9/24/2019,2100,267,0, ,0, ,0, ,13.5, ,73.1, ,48, ,52.5, ,4.6, ,147, ,69, 
240,9/24/2019,2200,267,0, ,0, ,0, ,13.5, ,71.2, ,52, ,52.6, ,4.6, ,152, ,69.1, 
240,9/24/2019,2300,267,0, ,0, ,0, ,12.2, ,67.1, ,54, ,49.8, ,1.9, ,31, ,69.2, 
240,9/24/2019,2400,267,0, ,0, ,0, ,11.6, ,63.1, ,59, ,48.4, ,1.8, ,333, ,69.2, 
240,9/25/2019,0100,268,0, ,0, ,0, ,10.9, ,61.4, ,59, ,46.8, ,2.1, ,333, ,69.2, 
240,9/25/2019,0200,268,0, ,0, ,0, ,10.5, ,59.6, ,60, ,45.9, ,2.9, ,266, ,69.3, 
240,9/25/2019,0300,268,0, ,0, ,0, ,10.7, ,59.5, ,62, ,46.3, ,2.6, ,168, ,69.5, 
240,9/25/2019,0400,268,0, ,0, ,0, ,9.7, ,57, ,61, ,43.8, ,1.9, ,349, ,69.4, 
240,9/25/2019,0500,268,0, ,0, ,0, ,10.6, ,57.3, ,66, ,46.1, ,1.6, ,269, ,69.1, 
240,9/25/2019,0600,268,0, ,0, ,8, ,9.8, ,55.1, ,66, ,43.9, ,2, ,334, ,68.9, 
240,9/25/2019,0700,268,0, ,0, ,97, ,10, ,55.9, ,65, ,44.4, ,2.4, ,317, ,68.7, 
240,9/25/2019,0800,268,0, ,0, ,230, ,10.8, ,59.8, ,61, ,46.5, ,1.4, ,316, ,68.6, 
240,9/25/2019,0900,268,0, ,0, ,392, ,11, ,65.9, ,51, ,47.1, ,2.5, ,120, ,68.5, 
240,9/25/2019,1000,268,0.01, ,0, ,623, ,11.6, ,71.5, ,44, ,48.4, ,1.9, ,161, ,68.3, 
240,9/25/2019,1100,268,0.01, ,0, ,901, ,10.7, ,77.1, ,34, ,46.2, ,2.1, ,168, ,68.3, 
240,9/25/2019,1200,268,0.02, ,0, ,1615, ,10.8, ,82.7, ,28, ,46.5, ,4.2, ,182, ,68.2, 
240,9/25/2019,1300,268,0.02, ,0, ,1563, ,10.4, ,85.9, ,25, ,45.6, ,3.4, ,164, ,68.3, 
240,9/25/2019,1400,268,0.02, ,0, ,1272, ,10.1, ,87.8, ,23, ,44.9, ,4.7, ,197, ,68.3, 
240,9/25/2019,1500,268,0.02, ,0, ,833, ,13.2, ,86.8, ,30, ,51.9, ,7.5, ,146, ,68.4, 
240,9/25/2019,1600,268,0.01, ,0, ,566, ,13.8, ,84.7, ,34, ,53.2, ,6.4, ,352, ,68.5, 
240,9/25/2019,1700,268,0.01, ,0, ,248, ,16.2, ,78.6, ,48, ,57.6, ,6.7, ,146, ,68.7, 
240,9/25/2019,1800,268,0, ,0, ,65, ,15.9, ,73, ,57, ,57, ,10.2, ,152, ,68.8, 
240,9/25/2019,1900,268,0, ,0, ,0, ,15.4, ,69.5, ,63, ,56.2, ,11.2, ,149, ,69, 
240,9/25/2019,2000,268,0, ,0, ,0, ,15.6, ,66, ,71, ,56.5, ,10, ,153, ,69.1, 
240,9/25/2019,2100,268,0, ,0, ,0, ,16, ,63.7, ,80, ,57.3, ,9.6, ,137, ,69.3, 
240,9/25/2019,2200,268,0, ,0, ,0, ,15.7, ,63, ,80, ,56.7, ,7.3, ,152, ,69.3, 
240,9/25/2019,2300,268,0, ,0, ,0, ,15.5, ,63, ,79, ,56.4, ,4.7, ,147, ,69.4, 
240,9/25/2019,2400,268,0, ,0, ,0, ,16.3, ,62.7, ,84, ,57.7, ,2.9, ,79, ,69.4, 
240,9/26/2019,0100,269,0, ,0, ,0, ,15.5, ,61.1, ,84, ,56.3, ,2.6, ,312, ,69.4, 
240,9/26/2019,0200,269,0, ,0, ,0, ,15.5, ,60.8, ,85, ,56.3, ,2.2, ,217, ,69.4, 
240,9/26/2019,0300,269,0, ,0, ,0, ,16, ,61.4, ,86, ,57.3, ,3.1, ,159, ,69.4, 
240,9/26/2019,0400,269,0, ,0, ,0, ,15.1, ,59.1, ,88, ,55.6, ,2, ,215, ,69.4, 
240,9/26/2019,0500,269,0, ,0, ,0, ,15.2, ,60.1, ,86, ,55.8, ,3.6, ,140, ,69.3, 
240,9/26/2019,0600,269,0, ,0, ,4, ,15.2, ,59.6, ,87, ,55.7, ,2.6, ,79, ,69.3, 
240,9/26/2019,0700,269,0, ,0, ,85, ,15.4, ,60.2, ,87, ,56.2, ,4.1, ,213, ,69.2, 
240,9/26/2019,0800,269,0, ,0, ,123, ,15.6, ,61.9, ,83, ,56.5, ,3.2, ,81, ,69.2, 
240,9/26/2019,0900,269,0, ,0, ,337, ,16.2, ,63.7, ,80, ,57.5, ,2.4, ,238, ,69.1, 
240,9/26/2019,1000,269,0.01, ,0, ,592, ,15.8, ,66.1, ,72, ,56.8, ,2.8, ,112, ,69, 
240,9/26/2019,1100,269,0.01, ,0, ,726, ,15.9, ,68.1, ,68, ,57, ,3.5, ,151, ,69, 
240,9/26/2019,1200,269,0.01, ,0, ,737, ,15.7, ,69.6, ,63, ,56.6, ,3.6, ,201, ,69, 
240,9/26/2019,1300,269,0, ,0, ,374, ,16.5, ,69.1, ,68, ,58, ,6, ,197, ,69, 
240,9/26/2019,1400,269,0, ,0, ,253, ,16.4, ,69.3, ,67, ,57.9, ,5.6, ,194, ,69, 
240,9/26/2019,1500,269,0, ,0, ,156, ,16, ,69.3, ,65, ,57.2, ,3.5, ,220, ,69, 
240,9/26/2019,1600,269,0, ,0, ,54, ,16, ,69.1, ,66, ,57.3, ,3.2, ,239, ,69.1, 
240,9/26/2019,1700,269,0, ,0, ,94, ,16.7, ,68.8, ,70, ,58.4, ,5.4, ,189, ,69.2, 
240,9/26/2019,1800,269,0, ,0, ,5, ,16.8, ,67.7, ,73, ,58.6, ,6.3, ,175, ,69.2, 
240,9/26/2019,1900,269,0, ,0, ,0, ,16.5, ,66.8, ,73, ,58, ,6.4, ,317, ,69.2, 
240,9/26/2019,2000,269,0, ,0, ,0, ,16.2, ,65.3, ,76, ,57.6, ,6.2, ,338, ,69.3, 
240,9/26/2019,2100,269,0, ,0, ,0, ,16.1, ,64.3, ,78, ,57.4, ,6, ,347, ,69.3, 
240,9/26/2019,2200,269,0, ,0, ,0, ,16.3, ,63.7, ,81, ,57.8, ,5.8, ,334, ,69.3, 
240,9/26/2019,2300,269,0, ,0, ,0, ,16.5, ,63.5, ,83, ,58.1, ,5, ,331, ,69.3, 
240,9/26/2019,2400,269,0, ,0, ,0, ,16.6, ,63.4, ,83, ,58.2, ,4.9, ,332, ,69.3, 
240,9/27/2019,0100,270,0, ,0, ,0, ,16.1, ,63, ,82, ,57.4, ,6.4, ,338, ,69.3, 
240,9/27/2019,0200,270,0, ,0, ,0, ,15.7, ,62.5, ,81, ,56.6, ,3.9, ,337, ,69.5, 
240,9/27/2019,0300,270,0, ,0, ,0, ,16.3, ,61.3, ,88, ,57.7, ,2.7, ,31, ,69.6, 
240,9/27/2019,0400,270,0, ,0, ,0, ,16.5, ,60.6, ,92, ,58.1, ,2.9, ,322, ,69.5, 
240,9/27/2019,0500,270,0, ,0, ,0, ,16.4, ,60.6, ,90, ,57.8, ,3, ,15, ,69.5, 
240,9/27/2019,0600,270,0, ,0, ,3, ,16, ,61, ,87, ,57.2, ,3.8, ,334, ,69.4, 
240,9/27/2019,0700,270,0, ,0, ,68, ,16, ,61.3, ,87, ,57.2, ,3, ,316, ,69.3, 
240,9/27/2019,0800,270,0, ,0, ,198, ,16.1, ,62.6, ,83, ,57.3, ,2.1, ,330, ,69.2, 
240,9/27/2019,0900,270,0, ,0, ,294, ,16.1, ,63.8, ,80, ,57.5, ,1.9, ,190, ,69.1, 
240,9/27/2019,1000,270,0, ,0, ,219, ,16.1, ,64.1, ,79, ,57.4, ,3, ,170, ,69.1, 
240,9/27/2019,1100,270,0, ,0, ,234, ,15.8, ,64.7, ,76, ,56.9, ,3.2, ,173, ,69.1, 
240,9/27/2019,1200,270,0, ,0, ,322, ,15.6, ,65.9, ,72, ,56.5, ,2.4, ,298, ,69.1, 
240,9/27/2019,1300,270,0.01, ,0, ,556, ,15.6, ,67, ,69, ,56.5, ,3.2, ,326, ,69.1, 
240,9/27/2019,1400,270,0.01, ,0, ,771, ,15.6, ,68.6, ,65, ,56.5, ,6.1, ,332, ,69.1, 
240,9/27/2019,1500,270,0.01, ,0, ,446, ,15.3, ,68.5, ,64, ,56, ,6.9, ,342, ,69.1, 
240,9/27/2019,1600,270,0, ,0, ,313, ,15, ,68.6, ,63, ,55.4, ,6.9, ,341, ,69.1, 
240,9/27/2019,1700,270,0, ,0, ,171, ,14.8, ,68, ,63, ,55.1, ,7.1, ,342, ,69.2, 
240,9/27/2019,1800,270,0, ,0, ,26, ,14.6, ,66.4, ,66, ,54.8, ,7.4, ,329, ,69.2, 
240,9/27/2019,1900,270,0, ,0, ,0, ,14.5, ,64.9, ,69, ,54.6, ,7, ,328, ,69.2, 
240,9/27/2019,2000,270,0, ,0, ,0, ,14.5, ,64.3, ,71, ,54.6, ,5.5, ,327, ,69.3, 
240,9/27/2019,2100,270,0, ,0, ,0, ,14.8, ,63.3, ,74, ,55, ,2.9, ,287, ,69.3, 
240,9/27/2019,2200,270,0, ,0, ,0, ,14.9, ,61.9, ,79, ,55.2, ,4.6, ,168, ,69.2, 
240,9/27/2019,2300,270,0, ,0, ,0, ,15, ,61.2, ,81, ,55.4, ,5.8, ,156, ,69.2, 
240,9/27/2019,2400,270,0, ,0, ,0, ,15.2, ,60.9, ,83, ,55.8, ,7, ,157, ,69.2, 
240,9/28/2019,0100,271,0, ,0, ,0, ,15.2, ,60.7, ,84, ,55.8, ,6.1, ,164, ,69.1, 
240,9/28/2019,0200,271,0, ,0, ,0, ,15.3, ,60.6, ,85, ,56, ,5.1, ,158, ,69.2, 
240,9/28/2019,0300,271,0, ,0, ,0, ,15.5, ,60.5, ,86, ,56.3, ,4.5, ,149, ,69.2, 
240,9/28/2019,0400,271,0, ,0, ,0, ,15.2, ,60.4, ,85, ,55.9, ,4.8, ,173, ,69.2, 
240,9/28/2019,0500,271,0, ,0, ,0, ,15.2, ,60.2, ,85, ,55.8, ,4.7, ,177, ,69.2, 
240,9/28/2019,0600,271,0, ,0, ,3, ,15, ,59.9, ,85, ,55.5, ,4.9, ,180, ,69.1, 
240,9/28/2019,0700,271,0, ,0, ,98, ,15, ,60.1, ,84, ,55.3, ,4.5, ,178, ,68.9, 
240,9/28/2019,0800,271,0, ,0, ,329, ,14.7, ,61.2, ,80, ,54.9, ,3.5, ,169, ,68.8, 
240,9/28/2019,0900,271,0.01, ,0, ,545, ,12.5, ,63.8, ,62, ,50.5, ,6.9, ,214, ,68.7, 
240,9/28/2019,1000,271,0.02, ,0, ,1440, ,12.2, ,66.6, ,55, ,49.8, ,7, ,204, ,68.6, 
240,9/28/2019,1100,271,0.01, ,0, ,785, ,12.8, ,66.6, ,58, ,51.1, ,7.8, ,196, ,68.6, 
240,9/28/2019,1200,271,0.01, ,0, ,737, ,14, ,66.4, ,63, ,53.5, ,9.4, ,191, ,68.6, 
240,9/28/2019,1300,271,0.01, ,0, ,722, ,13.7, ,66.9, ,61, ,52.9, ,8.5, ,219, ,68.6, 
240,9/28/2019,1400,271,0.01, ,0, ,441, ,13.8, ,66.5, ,62, ,53.2, ,9.6, ,202, ,68.6, 
240,9/28/2019,1500,271,0.01, ,0, ,699, ,13.7, ,66.9, ,61, ,52.9, ,9.7, ,211, ,68.6, 
240,9/28/2019,1600,271,0.01, ,0, ,534, ,13.5, ,66.5, ,61, ,52.6, ,10.3, ,210, ,68.6, 
240,9/28/2019,1700,271,0, ,0, ,197, ,13.9, ,64.4, ,67, ,53.3, ,9.2, ,197, ,68.6, 
240,9/28/2019,1800,271,0, ,0, ,30, ,14.1, ,62.5, ,73, ,53.6, ,7.8, ,198, ,68.6, 
240,9/28/2019,1900,271,0, ,0, ,0, ,13.7, ,60.4, ,76, ,52.9, ,7.2, ,210, ,68.6, 
240,9/28/2019,2000,271,0, ,0, ,0, ,13.7, ,59.5, ,79, ,52.9, ,6.6, ,197, ,68.6, 
240,9/28/2019,2100,271,0, ,0, ,0, ,13.5, ,58.5, ,80, ,52.5, ,5.3, ,189, ,68.6, 
240,9/28/2019,2200,271,0, ,0, ,0, ,13.1, ,57.2, ,82, ,51.7, ,3.9, ,188, ,68.6, 
240,9/28/2019,2300,271,0, ,0, ,0, ,12.5, ,56.7, ,80, ,50.5, ,5.4, ,186, ,68.5, 
240,9/28/2019,2400,271,0, ,0, ,0, ,12.1, ,55.7, ,80, ,49.6, ,5, ,187, ,68.4, 
240,9/29/2019,0100,272,0, ,0, ,0, ,12.5, ,55.5, ,83, ,50.5, ,5.5, ,150, ,68.3, 
240,9/29/2019,0200,272,0, ,0, ,0, ,12.5, ,55, ,85, ,50.6, ,6.1, ,172, ,68.4, 
240,9/29/2019,0300,272,0, ,0, ,0, ,12.3, ,54.6, ,85, ,50.1, ,6.4, ,165, ,68.3, 
240,9/29/2019,0400,272,0, ,0, ,0, ,12.5, ,54.4, ,87, ,50.5, ,6.9, ,159, ,68.2, 
240,9/29/2019,0500,272,0, ,0, ,0, ,12.4, ,54.3, ,86, ,50.3, ,6.3, ,156, ,68.1, 
240,9/29/2019,0600,272,0, ,0, ,8, ,12.2, ,53.9, ,86, ,49.9, ,4.8, ,159, ,67.8, 
240,9/29/2019,0700,272,0, ,0, ,166, ,12.3, ,54.4, ,85, ,50.1, ,6.4, ,169, ,67.6, 
240,9/29/2019,0800,272,0, ,0, ,459, ,11.7, ,55.9, ,77, ,48.7, ,6.3, ,194, ,67.3, 
240,9/29/2019,0900,272,0.01, ,0, ,988, ,10.6, ,58.4, ,64, ,46.1, ,6.3, ,183, ,67.2, 
240,9/29/2019,1000,272,0.01, ,0, ,1027, ,9.8, ,60.4, ,54, ,43.9, ,6.5, ,176, ,67, 
240,9/29/2019,1100,272,0.02, ,0, ,1505, ,9.5, ,62.8, ,49, ,43.2, ,6.7, ,164, ,67, 
240,9/29/2019,1200,272,0.02, ,0, ,1487, ,9.1, ,64.6, ,44, ,42.1, ,5.8, ,172, ,66.9, 
240,9/29/2019,1300,272,0.02, ,0, ,1584, ,8.7, ,66.8, ,39, ,40.9, ,5.2, ,204, ,66.9, 
240,9/29/2019,1400,272,0.01, ,0, ,879, ,9.5, ,67.1, ,42, ,43.2, ,7.6, ,178, ,66.9, 
240,9/29/2019,1500,272,0.01, ,0, ,821, ,10.8, ,66.3, ,49, ,46.5, ,10.8, ,184, ,67, 
240,9/29/2019,1600,272,0.01, ,0, ,287, ,10.9, ,65.2, ,51, ,46.7, ,8.4, ,190, ,67.1, 
240,9/29/2019,1700,272,0.01, ,0, ,294, ,11, ,64.3, ,53, ,47, ,9.5, ,180, ,67.2, 
240,9/29/2019,1800,272,0, ,0, ,43, ,11.3, ,61.6, ,60, ,47.7, ,9.1, ,176, ,67.2, 
240,9/29/2019,1900,272,0, ,0, ,0, ,11.4, ,59, ,67, ,47.9, ,6, ,178, ,67.3, 
240,9/29/2019,2000,272,0, ,0, ,0, ,11.2, ,57.6, ,69, ,47.5, ,4.9, ,169, ,67.3, 
240,9/29/2019,2100,272,0, ,0, ,0, ,11.6, ,55.9, ,76, ,48.4, ,6.2, ,127, ,67.3, 
240,9/29/2019,2200,272,0, ,0, ,0, ,11.7, ,55.4, ,78, ,48.8, ,5.8, ,130, ,67.3, 
240,9/29/2019,2300,272,0, ,0, ,0, ,11.7, ,54.4, ,81, ,48.8, ,4.9, ,111, ,67.3, 
240,9/29/2019,2400,272,0, ,0, ,0, ,11.7, ,53.5, ,84, ,48.8, ,5.9, ,130, ,67.2, 
240,9/30/2019,0100,273,0, ,0, ,0, ,11.5, ,52.1, ,86, ,48.2, ,4, ,171, ,67.2, 
240,9/30/2019,0200,273,0, ,0, ,0, ,10.3, ,48.3, ,89, ,45.3, ,2.5, ,246, ,67.2, 
240,9/30/2019,0300,273,0, ,0, ,0, ,10, ,46.7, ,93, ,44.7, ,1.4, ,266, ,67.2, 
240,9/30/2019,0400,273,0, ,0, ,0, ,9.5, ,44.7, ,94, ,43.2, ,3.6, ,245, ,67.1, 
240,9/30/2019,0500,273,0, ,0, ,0, ,9.3, ,44.6, ,93, ,42.7, ,2.6, ,323, ,66.9, 
240,9/30/2019,0600,273,0, ,0, ,5, ,9.3, ,44.1, ,95, ,42.7, ,2.5, ,206, ,66.7, 
240,9/30/2019,0700,273,0, ,0, ,111, ,10.2, ,47.4, ,91, ,45, ,3, ,229, ,66.4, 
240,9/30/2019,0800,273,0, ,0, ,553, ,11.2, ,52.7, ,82, ,47.4, ,2.3, ,208, ,66.2, 
240,9/30/2019,0900,273,0.01, ,0, ,1003, ,11, ,57.7, ,68, ,47.1, ,2.4, ,136, ,66, 
240,9/30/2019,1000,273,0.01, ,0, ,1317, ,10.6, ,59.8, ,60, ,46, ,3.6, ,3, ,65.9, 
240,9/30/2019,1100,273,0.02, ,0, ,1524, ,10.2, ,62.2, ,53, ,45, ,4.8, ,324, ,65.8, 
240,9/30/2019,1200,273,0.02, ,0, ,1607, ,9.1, ,65.4, ,43, ,42.2, ,4.8, ,29, ,65.8, 
240,9/30/2019,1300,273,0.02, ,0, ,1547, ,8.3, ,68.3, ,35, ,39.6, ,4.3, ,343, ,65.8, 
240,9/30/2019,1400,273,0.02, ,0, ,1359, ,8.6, ,69.9, ,34, ,40.6, ,6.3, ,8, ,65.8, 
240,9/30/2019,1500,273,0.02, ,0, ,1010, ,9.2, ,70.5, ,36, ,42.3, ,7.8, ,2, ,65.9, 
240,9/30/2019,1600,273,0.01, ,0, ,711, ,7.7, ,70, ,31, ,37.7, ,11, ,341, ,66, 
240,9/30/2019,1700,273,0.01, ,0, ,339, ,8.5, ,67.1, ,38, ,40.4, ,11.3, ,322, ,66.1, 
240,9/30/2019,1800,273,0, ,0, ,37, ,9.2, ,62.8, ,47, ,42.5, ,9, ,320, ,66.3, 
240,9/30/2019,1900,273,0, ,0, ,0, ,9.3, ,59.4, ,54, ,42.6, ,6.3, ,317, ,66.4, 
240,9/30/2019,2000,273,0, ,0, ,0, ,9.2, ,57.4, ,57, ,42.3, ,3.6, ,333, ,66.4, 
240,9/30/2019,2100,273,0, ,0, ,0, ,9.3, ,55.6, ,62, ,42.6, ,4.4, ,347, ,66.5, 
240,9/30/2019,2200,273,0, ,0, ,0, ,9.4, ,54.3, ,65, ,43, ,3.2, ,36, ,66.4, 
240,9/30/2019,2300,273,0, ,0, ,0, ,9.4, ,52.3, ,70, ,42.9, ,1.3, ,251, ,66.4, 
240,9/30/2019,2400,273,0, ,0, ,0, ,8.8, ,48.6, ,76, ,41.2, ,1.5, ,262, ,66.3, 
240,10/1/2019,0100,274,0, ,0, ,0, ,8.5, ,46.1, ,80, ,40.2, ,1.4, ,340, ,66.3, 
240,10/1/2019,0200,274,0, ,0, ,0, ,9.3, ,48, ,81, ,42.6, ,2.1, ,142, ,66.2, 
240,10/1/2019,0300,274,0, ,0, ,0, ,8.2, ,44.4, ,82, ,39.3, ,2.2, ,349, ,66.1, 
240,10/1/2019,0400,274,0, ,0, ,0, ,8.3, ,44.1, ,84, ,39.6, ,2.2, ,354, ,66, 
240,10/1/2019,0500,274,0, ,0, ,0, ,8.1, ,42.3, ,88, ,39.2, ,1.9, ,333, ,65.9, 
240,10/1/2019,0600,274,0, ,0, ,8, ,7.8, ,41.2, ,89, ,38.2, ,1.6, ,287, ,65.8, 
240,10/1/2019,0700,274,0,Y,0, ,235, ,8.1, ,43.3,Y,85,Y,39.2,Y,1.7, ,293, ,65.6, 
240,10/1/2019,0800,274,0.01, ,0, ,615, ,9.5, ,50.6, ,75, ,43.1, ,1.9, ,213, ,65.5, 
240,10/1/2019,0900,274,0.01, ,0, ,990, ,10.1, ,56.9, ,64, ,44.7, ,2.2, ,151, ,65.4, 
240,10/1/2019,1000,274,0.01, ,0, ,1295, ,10, ,59.8, ,57, ,44.4, ,3.1, ,126, ,65.3, 
240,10/1/2019,1100,274,0.02, ,0, ,1503, ,9.8, ,62.9, ,50, ,44, ,3.8, ,223, ,65.2, 
240,10/1/2019,1200,274,0.02, ,0, ,1586, ,9.3, ,65.4, ,43, ,42.5, ,4.6, ,179, ,65.1, 
240,10/1/2019,1300,274,0.02, ,0, ,1540, ,8.9, ,68, ,38, ,41.5, ,4.3, ,193, ,65.1, 
240,10/1/2019,1400,274,0.02, ,0, ,1362, ,8.6, ,69.8, ,35, ,40.7, ,5, ,294, ,65.1, 
240,10/1/2019,1500,274,0.02, ,0, ,1058, ,8.8, ,70.7, ,34, ,41.2, ,5.7, ,323, ,65.2, 
240,10/1/2019,1600,274,0.01, ,0, ,690, ,9.3, ,71, ,36, ,42.7, ,5.8, ,28, ,65.2, 
240,10/1/2019,1700,274,0.01, ,0, ,317, ,9.4, ,69.9, ,38, ,42.9, ,6.6, ,342, ,65.4, 
240,10/1/2019,1800,274,0, ,0, ,34, ,9.4, ,66.3, ,43, ,42.9, ,4.4, ,317, ,65.5, 
240,10/1/2019,1900,274,0, ,0, ,0, ,10.4, ,62.7, ,54, ,45.7, ,2.8, ,274, ,65.7, 
240,10/1/2019,2000,274,0, ,0, ,0, ,10.5, ,60.4, ,59, ,45.9, ,4.8, ,125, ,65.8, 
240,10/1/2019,2100,274,0, ,0, ,0, ,10.8, ,57.8, ,66, ,46.7, ,7.3, ,135, ,65.9, 
240,10/1/2019,2200,274,0, ,0, ,0, ,10.6, ,56.4, ,68, ,46.1, ,4.4, ,146, ,65.9, 
240,10/1/2019,2300,274,0, ,0, ,0, ,9.9, ,52.3, ,74, ,44.2, ,1.8, ,326, ,65.9, 
240,10/1/2019,2400,274,0, ,0, ,0, ,9.4, ,49.2, ,79, ,42.9, ,1.7, ,326, ,65.9, 
240,10/2/2019,0100,275,0, ,0, ,0, ,9.6, ,48.4, ,83, ,43.6, ,1.3, ,289, ,65.9, 
240,10/2/2019,0200,275,0, ,0, ,0, ,9, ,46, ,85, ,41.7, ,1.6, ,315, ,66.1, 
240,10/2/2019,0300,275,0, ,0, ,0, ,9.1, ,46.2, ,85, ,42.1, ,2.1, ,13, ,66.4, 
240,10/2/2019,0400,275,0, ,0, ,0, ,8.7, ,44.6, ,87, ,40.9, ,2.8, ,341, ,66.3, 
240,10/2/2019,0500,275,0, ,0, ,0, ,8.2, ,42.4, ,90, ,39.5, ,1.6, ,302, ,66.1, 
240,10/2/2019,0600,275,0, ,0, ,8, ,8.2, ,41.4, ,93, ,39.5, ,1.4, ,288, ,65.8, 
240,10/2/2019,0700,275,0, ,0, ,249, ,8.6, ,43.8, ,88, ,40.6, ,2.1, ,343, ,65.6, 
240,10/2/2019,0800,275,0.01, ,0, ,640, ,9.2, ,50.5, ,73, ,42.2, ,3.2, ,11, ,65.4, 
240,10/2/2019,0900,275,0.01, ,0, ,1023, ,10.1, ,59, ,59, ,44.9, ,2.3, ,337, ,65.2, 
240,10/2/2019,1000,275,0.02, ,0, ,1333, ,7.7, ,66.9, ,34, ,37.7, ,3.3, ,326, ,65, 
240,10/2/2019,1100,275,0.02, ,0, ,1543, ,5.9, ,72.9, ,21, ,30.9, ,3.8, ,314, ,64.9, 
240,10/2/2019,1200,275,0.02, ,0, ,1609, ,5, ,76.7, ,16, ,27.1, ,3.7, ,124, ,64.9, 
240,10/2/2019,1300,275,0.02, ,0, ,1522, ,4.5, ,78.2, ,14, ,24.5, ,3.8, ,152, ,64.8, 
240,10/2/2019,1400,275,0.02, ,0, ,1395, ,4.8, ,79.6, ,14, ,26.3, ,4.2, ,230, ,64.8, 
240,10/2/2019,1500,275,0.02, ,0, ,1106, ,4.6, ,80.7, ,13, ,24.9, ,5.3, ,199, ,64.9, 
240,10/2/2019,1600,275,0.01, ,0, ,727, ,4.3, ,81, ,12, ,23.6, ,3.8, ,177, ,65, 
240,10/2/2019,1700,275,0.01, ,0, ,328, ,5.6, ,78.5, ,17, ,30, ,5.9, ,307, ,65.2, 
240,10/2/2019,1800,275,0, ,0, ,30, ,10.4, ,71.7, ,39, ,45.7, ,6.6, ,152, ,65.4, 
240,10/2/2019,1900,275,0, ,0, ,0, ,11.2, ,66.8, ,50, ,47.6, ,8, ,131, ,65.6, 
240,10/2/2019,2000,275,0, ,0, ,0, ,11.5, ,63.7, ,57, ,48.2, ,8.1, ,134, ,65.7, 
240,10/2/2019,2100,275,0, ,0, ,0, ,12, ,61.7, ,64, ,49.3, ,4.8, ,151, ,65.8, 
240,10/2/2019,2200,275,0, ,0, ,0, ,11.9, ,59.5, ,69, ,49.2, ,2.1, ,210, ,65.9, 
240,10/2/2019,2300,275,0, ,0, ,0, ,10.9, ,54.9, ,74, ,46.8, ,1.6, ,353, ,65.9, 
240,10/2/2019,2400,275,0, ,0, ,0, ,10.5, ,52.6, ,78, ,45.8, ,1.2, ,280, ,65.9, 
240,10/3/2019,0100,276,0, ,0, ,0, ,9.9, ,50.5, ,79, ,44.2, ,1.6, ,351, ,65.9, 
240,10/3/2019,0200,276,0, ,0, ,0, ,9.4, ,49.5, ,78, ,43, ,1.3, ,289, ,65.9, 
240,10/3/2019,0300,276,0, ,0, ,0, ,8.8, ,46, ,83, ,41.3, ,1.4, ,286, ,65.8, 
240,10/3/2019,0400,276,0, ,0, ,0, ,8.6, ,45.3, ,84, ,40.8, ,1.4, ,264, ,65.7, 
240,10/3/2019,0500,276,0, ,0, ,0, ,8.4, ,44.2, ,85, ,40.1, ,1.2, ,315, ,65.6, 
240,10/3/2019,0600,276,0, ,0, ,7, ,8.2, ,43.7, ,84, ,39.3, ,1.5, ,268, ,65.5, 
240,10/3/2019,0700,276,0, ,0, ,237, ,8.3, ,45.5, ,80, ,39.6, ,1.5, ,327, ,65.4, 
240,10/3/2019,0800,276,0.01, ,0, ,618, ,9.6, ,54.1, ,67, ,43.5, ,1.7, ,332, ,65.2, 
240,10/3/2019,0900,276,0.01, ,0, ,998, ,9.8, ,61.7, ,52, ,44, ,1.6, ,295, ,65.1, 
240,10/3/2019,1000,276,0.02, ,0, ,1312, ,9.2, ,68.4, ,39, ,42.5, ,2.1, ,198, ,65, 
240,10/3/2019,1100,276,0.02, ,0, ,1516, ,8.7, ,72.9, ,31, ,40.8, ,4, ,179, ,64.9, 
240,10/3/2019,1200,276,0.03, ,0, ,1623, ,5, ,76.7, ,16, ,27.1, ,8.9, ,191, ,64.8, 
240,10/3/2019,1300,276,0.03, ,0, ,1571, ,5, ,77.4, ,16, ,27.3, ,9.3, ,185, ,64.8, 
240,10/3/2019,1400,276,0.03, ,0, ,1400, ,4.5, ,78.4, ,14, ,24.7, ,10.6, ,205, ,64.8, 
240,10/3/2019,1500,276,0.02, ,0, ,1123, ,2.9, ,78.4, ,9, ,14.6, ,10.1, ,190, ,64.9, 
240,10/3/2019,1600,276,0.02, ,0, ,746, ,2.5, ,77.2, ,8, ,10.9, ,10, ,177, ,65, 
240,10/3/2019,1700,276,0.01, ,0, ,337, ,3.3, ,74.8, ,11, ,17.6, ,8.8, ,176, ,65.1, 
240,10/3/2019,1800,276,0, ,0, ,27, ,7.3, ,69.4, ,30, ,36.4, ,5.8, ,171, ,65.2, 
240,10/3/2019,1900,276,0, ,0, ,0, ,7.4, ,65.8, ,34, ,36.9, ,6, ,129, ,65.3, 
240,10/3/2019,2000,276,0, ,0, ,0, ,8.5, ,62.6, ,44, ,40.4, ,5.9, ,132, ,65.4, 
240,10/3/2019,2100,276,0, ,0, ,0, ,9.1, ,59.9, ,52, ,42.2, ,5.7, ,143, ,65.4, 
240,10/3/2019,2200,276,0, ,0, ,0, ,9.3, ,58, ,57, ,42.7, ,4.9, ,145, ,65.4, 
240,10/3/2019,2300,276,0, ,0, ,0, ,8, ,51, ,63, ,38.8, ,2, ,293, ,65.4, 
240,10/3/2019,2400,276,0, ,0, ,0, ,7.5, ,47.7, ,67, ,37.2, ,1.5, ,312, ,65.4, 
240,10/4/2019,0100,277,0, ,0, ,0, ,7.3, ,46.2, ,69, ,36.4, ,1.9, ,0, ,65.3, 
240,10/4/2019,0200,277,0, ,0, ,0, ,7.1, ,44.1, ,72, ,35.8, ,1.5, ,358, ,65.4, 
240,10/4/2019,0300,277,0, ,0, ,0, ,7.4, ,43.6, ,77, ,36.8, ,2, ,264, ,65.5, 
240,10/4/2019,0400,277,0, ,0, ,0, ,6.6, ,42.2, ,72, ,33.8, ,1.3, ,348, ,65.5, 
240,10/4/2019,0500,277,0, ,0, ,0, ,7, ,40.7, ,81, ,35.4, ,1.9, ,253, ,65.4, 
240,10/4/2019,0600,277,0,Y,0, ,7, ,6.6, ,40.1,Y,79,Y,34,Y,1.8, ,296, ,65.2, 
240,10/4/2019,0700,277,0, ,0, ,228, ,6.9, ,43, ,73, ,35.1, ,2.3, ,276, ,64.9, 
240,10/4/2019,0800,277,0.01, ,0, ,608, ,8.2, ,51.7, ,63, ,39.3, ,1.8, ,282, ,64.7, 
240,10/4/2019,0900,277,0.01, ,0, ,985, ,9, ,58.6, ,54, ,41.7, ,2.1, ,303, ,64.5, 
240,10/4/2019,1000,277,0.02, ,0, ,1294, ,8.1, ,65.8, ,38, ,39.2, ,2.1, ,138, ,64.3, 
240,10/4/2019,1100,277,0.02, ,0, ,1505, ,8.1, ,70.6, ,32, ,39.1, ,2.7, ,195, ,64.2, 
240,10/4/2019,1200,277,0.02, ,0, ,1524, ,8, ,73.3, ,28, ,38.6, ,3.5, ,168, ,64.1, 
240,10/4/2019,1300,277,0.02, ,0, ,1538, ,7.4, ,76, ,24, ,36.8, ,3, ,98, ,64.1, 
240,10/4/2019,1400,277,0.02, ,0, ,1355, ,7.1, ,78, ,22, ,35.8, ,3.8, ,251, ,64.1, 
240,10/4/2019,1500,277,0.02, ,0, ,1051, ,7.8, ,78.3, ,24, ,38.1, ,7.9, ,336, ,64.1, 
240,10/4/2019,1600,277,0.01, ,0, ,684, ,7.8, ,77.9, ,24, ,38.2, ,8.2, ,335, ,64.2, 
240,10/4/2019,1700,277,0.01, ,0, ,305, ,7.2, ,74.8, ,25, ,36.2, ,9.2, ,320, ,64.3, 
240,10/4/2019,1800,277,0, ,0, ,25, ,8.2, ,69.5, ,33, ,39.5, ,5.6, ,310, ,64.5, 
240,10/4/2019,1900,277,0, ,0, ,0, ,7.8, ,66.3, ,35, ,38, ,1.8, ,294, ,64.7, 
240,10/4/2019,2000,277,0, ,0, ,0, ,8.3, ,63.8, ,41, ,39.6, ,3.4, ,22, ,64.9, 
240,10/4/2019,2100,277,0, ,0, ,0, ,9.6, ,60.7, ,53, ,43.6, ,4.2, ,10, ,65, 
240,10/4/2019,2200,277,0, ,0, ,0, ,9.2, ,56.4, ,59, ,42.5, ,1.9, ,337, ,65, 
240,10/4/2019,2300,277,0, ,0, ,0, ,8.8, ,54, ,62, ,41.3, ,1.3, ,328, ,65, 
240,10/4/2019,2400,277,0, ,0, ,0, ,8.3, ,52.2, ,62, ,39.6, ,2.1, ,281, ,65, 
240,10/5/2019,0100,278,0, ,0, ,0, ,7.9, ,49.5, ,65, ,38.4, ,1.8, ,271, ,65, 
240,10/5/2019,0200,278,0, ,0, ,0, ,7.9, ,47, ,71, ,38.3, ,1.5, ,318, ,65.1, 
240,10/5/2019,0300,278,0, ,0, ,0, ,8, ,46.6, ,74, ,38.7, ,1.7, ,244, ,65.2, 
240,10/5/2019,0400,278,0, ,0, ,0, ,7.2, ,44.8, ,71, ,36.1, ,1.4, ,337, ,65.1, 
240,10/5/2019,0500,278,0, ,0, ,0, ,7.4, ,43.9, ,76, ,36.9, ,2.3, ,5, ,64.9, 
240,10/5/2019,0600,278,0, ,0, ,6, ,7.8, ,44.8, ,78, ,38.2, ,1.4, ,11, ,64.7, 
240,10/5/2019,0700,278,0, ,0, ,222, ,7.4, ,44.6, ,74, ,36.9, ,2.2, ,337, ,64.4, 
240,10/5/2019,0800,278,0.01, ,0, ,624, ,8.2, ,52, ,62, ,39.3, ,1.7, ,309, ,64.3, 
240,10/5/2019,0900,278,0.01, ,0, ,1011, ,8.3, ,62.2, ,43, ,39.8, ,1.6, ,276, ,64.1, 
240,10/5/2019,1000,278,0.02, ,0, ,1333, ,7.8, ,71.2, ,30, ,38.1, ,1.8, ,134, ,64.1, 
240,10/5/2019,1100,278,0.02, ,0, ,1543, ,6.4, ,76.5, ,21, ,33.2, ,2.8, ,184, ,64.1, 
240,10/5/2019,1200,278,0.02, ,0, ,1621, ,5.6, ,80, ,16, ,30, ,3.4, ,235, ,64.1, 
240,10/5/2019,1300,278,0.02, ,0, ,1584, ,3.8, ,83, ,10, ,20.5, ,5.3, ,193, ,64.1, 
240,10/5/2019,1400,278,0.02, ,0, ,1408, ,2.8, ,84.3, ,7, ,13.5, ,6.6, ,189, ,64.1, 
240,10/5/2019,1500,278,0.02, ,0, ,1114, ,3, ,84.2, ,7, ,14.8, ,7.3, ,184, ,64.2, 
240,10/5/2019,1600,278,0.01, ,0, ,738, ,3, ,83.6, ,8, ,15, ,6.7, ,176, ,64.3, 
240,10/5/2019,1700,278,0.01, ,0, ,318, ,3.5, ,81.6, ,10, ,18.9, ,5.5, ,186, ,64.4, 
240,10/5/2019,1800,278,0, ,0, ,21, ,4.4, ,76.3, ,14, ,24, ,2.8, ,106, ,64.6, 
240,10/5/2019,1900,278,0, ,0, ,0, ,5.2, ,72.2, ,19, ,28.1, ,4.2, ,109, ,64.8, 
240,10/5/2019,2000,278,0, ,0, ,0, ,6.4, ,68.1, ,27, ,33.1, ,4.3, ,113, ,65, 
240,10/5/2019,2100,278,0, ,0, ,0, ,6.6, ,62.8, ,34, ,33.7, ,1.5, ,335, ,65, 
240,10/5/2019,2200,278,0, ,0, ,0, ,6.4, ,57.9, ,39, ,33.3, ,1.4, ,290, ,65.1, 
240,10/5/2019,2300,278,0, ,0, ,0, ,6.3, ,54.2, ,44, ,32.8, ,1.4, ,325, ,65.2, 
240,10/5/2019,2400,278,0, ,0, ,0, ,6.8, ,52.4, ,50, ,34.6, ,1.8, ,302, ,65.2, 
240,10/6/2019,0100,279,0, ,0, ,0, ,6.2, ,50.1, ,50, ,32.2, ,1.6, ,355, ,65.1, 
240,10/6/2019,0200,279,0, ,0, ,0, ,6, ,46.4, ,56, ,31.6, ,1.3, ,328, ,65, 
240,10/6/2019,0300,279,0, ,0, ,0, ,6, ,44.5, ,60, ,31.4, ,1.3, ,320, ,65, 
240,10/6/2019,0400,279,0, ,0, ,0, ,6.1, ,43.8, ,63, ,31.9, ,1.4, ,323, ,64.9, 
240,10/6/2019,0500,279,0, ,0, ,0, ,5.9, ,42.5, ,64, ,31.1, ,1.5, ,265, ,64.7, 
240,10/6/2019,0600,279,0, ,0, ,5, ,6.1, ,42.6, ,66, ,31.9, ,2.2, ,335, ,64.6, 
240,10/6/2019,0700,279,0, ,0, ,232, ,5.9, ,43.1, ,62, ,31.1, ,1.6, ,319, ,64.5, 
240,10/6/2019,0800,279,0.01, ,0, ,624, ,6.1, ,52.9, ,45, ,32, ,1.5, ,317, ,64.3, 
240,10/6/2019,0900,279,0.01, ,0, ,1000, ,6, ,63.9, ,30, ,31.6, ,1.5, ,305, ,64.1, 
240,10/6/2019,1000,279,0.02, ,0, ,1313, ,5.2, ,74.1, ,18, ,28.2, ,1.9, ,170, ,64, 
240,10/6/2019,1100,279,0.02, ,0, ,1522, ,4.7, ,81.7, ,13, ,25.8, ,2.5, ,180, ,63.8, 
240,10/6/2019,1200,279,0.02, ,0, ,1598, ,4.3, ,85.4, ,10, ,23.7, ,3.2, ,200, ,63.8, 
240,10/6/2019,1300,279,0.02, ,0, ,1549, ,4, ,87.3, ,9, ,22, ,3.5, ,176, ,63.7, 
240,10/6/2019,1400,279,0.02, ,0, ,1364, ,4.2, ,88.9, ,9, ,23.2, ,3.5, ,191, ,63.7, 
240,10/6/2019,1500,279,0.02, ,0, ,1074, ,3.9, ,89.2, ,8, ,20.9, ,3.8, ,218, ,63.8, 
240,10/6/2019,1600,279,0.01, ,0, ,701, ,3.9, ,89.4, ,8, ,21, ,4.9, ,277, ,63.9, 
240,10/6/2019,1700,279,0.01, ,0, ,292, ,4.7, ,85.4, ,11, ,25.6, ,7.9, ,311, ,64.1, 
240,10/6/2019,1800,279,0, ,0, ,21, ,6, ,80.5, ,17, ,31.6, ,4.4, ,45, ,64.4, 
240,10/6/2019,1900,279,0, ,0, ,0, ,6.6, ,75, ,22, ,33.8, ,4.8, ,118, ,64.6, 
240,10/6/2019,2000,279,0, ,0, ,0, ,7.2, ,71.7, ,27, ,36.1, ,4.1, ,146, ,64.8, 
240,10/6/2019,2100,279,0, ,0, ,0, ,6.6, ,66.4, ,30, ,33.8, ,2.4, ,201, ,65, 
240,10/6/2019,2200,279,0, ,0, ,0, ,6.2, ,60.5, ,34, ,32.3, ,1.5, ,342, ,65.1, 
240,10/6/2019,2300,279,0, ,0, ,0, ,6.3, ,57.2, ,39, ,32.8, ,1.5, ,296, ,65.1, 
240,10/6/2019,2400,279,0, ,0, ,0, ,5.8, ,53.7, ,41, ,30.5, ,1.6, ,331, ,65.2, 
240,10/7/2019,0100,280,0, ,0, ,0, ,5.9, ,52.3, ,44, ,31.1, ,1.4, ,342, ,65.2, 
240,10/7/2019,0200,280,0, ,0, ,0, ,5.8, ,50.5, ,46, ,30.7, ,1.3, ,297, ,65.3, 
240,10/7/2019,0300,280,0, ,0, ,0, ,5.9, ,48.8, ,51, ,31.3, ,1.5, ,307, ,65.4, 
240,10/7/2019,0400,280,0, ,0, ,0, ,6.4, ,48.4, ,55, ,33.1, ,1.2, ,264, ,65.6, 
240,10/7/2019,0500,280,0, ,0, ,0, ,6.2, ,47.5, ,55, ,32.4, ,1.3, ,333, ,65.5, 
240,10/7/2019,0600,280,0, ,0, ,5, ,5.9, ,45.7, ,56, ,31, ,1.3, ,330, ,65.2, 
240,10/7/2019,0700,280,0, ,0, ,214, ,5.8, ,48.5, ,50, ,30.7, ,1.3, ,318, ,64.9, 
240,10/7/2019,0800,280,0.01, ,0, ,601, ,6.5, ,58.6, ,39, ,33.7, ,1.2, ,304, ,64.8, 
240,10/7/2019,0900,280,0.01, ,0, ,978, ,6.1, ,67.9, ,26, ,32, ,1.5, ,310, ,64.7, 
240,10/7/2019,1000,280,0.02, ,0, ,1294, ,5.5, ,77.3, ,17, ,29.2, ,1.6, ,179, ,64.6, 
240,10/7/2019,1100,280,0.02, ,0, ,1493, ,5.4, ,83, ,14, ,28.9, ,2.8, ,192, ,64.5, 
240,10/7/2019,1200,280,0.02, ,0, ,1526, ,5.4, ,86.3, ,13, ,29.1, ,3.2, ,184, ,64.4, 
240,10/7/2019,1300,280,0.02, ,0, ,1518, ,4.9, ,87.5, ,11, ,26.8, ,4, ,256, ,64.4, 
240,10/7/2019,1400,280,0.02, ,0, ,1306, ,4.8, ,88.4, ,10, ,25.9, ,5, ,224, ,64.4, 
240,10/7/2019,1500,280,0.02, ,0, ,1007, ,5.8, ,87.6, ,13, ,30.8, ,8.4, ,299, ,64.5, 
240,10/7/2019,1600,280,0.02, ,0, ,650, ,6.3, ,85.4, ,15, ,32.6, ,11.5, ,313, ,64.6, 
240,10/7/2019,1700,280,0.01, ,0, ,269, ,6.4, ,81.6, ,17, ,33.3, ,9.3, ,320, ,64.8, 
240,10/7/2019,1800,280,0, ,0, ,18, ,6.3, ,77.8, ,19, ,32.6, ,4.4, ,347, ,65, 
240,10/7/2019,1900,280,0, ,0, ,0, ,9.3, ,73, ,34, ,42.8, ,5.6, ,133, ,65.2, 
240,10/7/2019,2000,280,0, ,0, ,0, ,8.1, ,69.8, ,33, ,39.1, ,3.5, ,126, ,65.3, 
240,10/7/2019,2100,280,0, ,0, ,0, ,8.1, ,63.5, ,41, ,39.1, ,1.7, ,263, ,65.4, 
240,10/7/2019,2200,280,0, ,0, ,0, ,8.2, ,59.2, ,48, ,39.3, ,2.4, ,266, ,65.5, 
240,10/7/2019,2300,280,0, ,0, ,0, ,7.9, ,57.2, ,49, ,38.4, ,1.4, ,346, ,65.5, 
240,10/7/2019,2400,280,0, ,0, ,0, ,7.4, ,53.7, ,52, ,36.7, ,1.4, ,291, ,65.5, 
240,10/8/2019,0100,281,0, ,0, ,0, ,7.2, ,52.3, ,54, ,36.2, ,1.5, ,309, ,65.5, 
240,10/8/2019,0200,281,0, ,0, ,0, ,7.1, ,50.2, ,57, ,35.6, ,1.6, ,318, ,65.4, 
240,10/8/2019,0300,281,0, ,0, ,0, ,6.4, ,47.8, ,56, ,33, ,1.3, ,301, ,65.4, 
240,10/8/2019,0400,281,0, ,0, ,0, ,5.8, ,48.1, ,51, ,30.8, ,1.5, ,283, ,65.3, 
240,10/8/2019,0500,281,0, ,0, ,0, ,5.9, ,47.3, ,53, ,31.3, ,1.7, ,306, ,65.2, 
240,10/8/2019,0600,281,0, ,0, ,5, ,5.7, ,45.6, ,55, ,30.3, ,1.4, ,312, ,65, 
240,10/8/2019,0700,281,0, ,0, ,197, ,6, ,47.5, ,54, ,31.5, ,1.6, ,316, ,64.9, 
240,10/8/2019,0800,281,0.01, ,0, ,582, ,7.2, ,56.4, ,46, ,36.1, ,1.4, ,330, ,64.8, 
240,10/8/2019,0900,281,0.01, ,0, ,951, ,7.7, ,66, ,35, ,37.7, ,1.8, ,202, ,64.6, 
240,10/8/2019,1000,281,0.02, ,0, ,1257, ,7.1, ,74.2, ,25, ,35.7, ,2, ,137, ,64.5, 
240,10/8/2019,1100,281,0.02, ,0, ,1460, ,6.4, ,78, ,19, ,33, ,3, ,186, ,64.4, 
240,10/8/2019,1200,281,0.02, ,0, ,1528, ,6.5, ,80.8, ,18, ,33.4, ,4.2, ,201, ,64.3, 
240,10/8/2019,1300,281,0.03, ,0, ,1481, ,6.3, ,83.5, ,16, ,32.7, ,9.5, ,330, ,64.3, 
240,10/8/2019,1400,281,0.03, ,0, ,1292, ,6.6, ,84.1, ,17, ,34.1, ,11, ,332, ,64.3, 
240,10/8/2019,1500,281,0.02, ,0, ,1008, ,7, ,83.8, ,18, ,35.5, ,11.4, ,326, ,64.4, 
240,10/8/2019,1600,281,0.02, ,0, ,648, ,7.4, ,81.4, ,20, ,36.8, ,13.1, ,325, ,64.5, 
240,10/8/2019,1700,281,0.01, ,0, ,269, ,6.8, ,78.5, ,21, ,34.8, ,10.9, ,329, ,64.6, 
240,10/8/2019,1800,281,0, ,0, ,17, ,6.4, ,75, ,21, ,33, ,4.5, ,354, ,64.8, 
240,10/8/2019,1900,281,0, ,0, ,0, ,7.8, ,70.7, ,30, ,38.1, ,3, ,211, ,64.9, 
240,10/8/2019,2000,281,0, ,0, ,0, ,10.2, ,66.6, ,46, ,44.9, ,4.7, ,158, ,65, 
240,10/8/2019,2100,281,0, ,0, ,0, ,9.7, ,64.4, ,47, ,43.6, ,4.3, ,161, ,65.1, 
240,10/8/2019,2200,281,0, ,0, ,0, ,8.8, ,57.7, ,54, ,41.3, ,1.8, ,325, ,65.1, 
240,10/8/2019,2300,281,0, ,0, ,0, ,8.3, ,55.1, ,56, ,39.7, ,2, ,353, ,65.1, 
240,10/8/2019,2400,281,0, ,0, ,0, ,8.3, ,52.4, ,62, ,39.8, ,2.2, ,271, ,65.1, 
240,10/9/2019,0100,282,0, ,0, ,0, ,7.9, ,50.4, ,63, ,38.4, ,1.6, ,348, ,65.1, 
240,10/9/2019,0200,282,0, ,0, ,0, ,7.7, ,49, ,65, ,37.8, ,2.1, ,284, ,65.2, 
240,10/9/2019,0300,282,0, ,0, ,0, ,7.4, ,46.7, ,68, ,36.8, ,1.7, ,312, ,65.2, 
240,10/9/2019,0400,282,0, ,0, ,0, ,7.3, ,45.1, ,72, ,36.6, ,1.8, ,282, ,65.3, 
240,10/9/2019,0500,282,0, ,0, ,0, ,7.2, ,43.9, ,74, ,36.1, ,1.8, ,290, ,65.2, 
240,10/9/2019,0600,282,0, ,0, ,4, ,6.8, ,42.3, ,74, ,34.8, ,1.7, ,291, ,65.2, 
240,10/9/2019,0700,282,0, ,0, ,196, ,7.5, ,45.5, ,72, ,37.1, ,1.6, ,299, ,65, 
240,10/9/2019,0800,282,0.01, ,0, ,576, ,8.6, ,55.4, ,57, ,40.6, ,1.4, ,236, ,64.9, 
240,10/9/2019,0900,282,0.01, ,0, ,946, ,8.5, ,63.4, ,42, ,40.2, ,2.8, ,151, ,64.7, 
240,10/9/2019,1000,282,0.02, ,0, ,1251, ,7.6, ,68.8, ,31, ,37.4, ,4.6, ,183, ,64.6, 
240,10/9/2019,1100,282,0.02, ,0, ,1458, ,6.1, ,73, ,22, ,32, ,7.7, ,185, ,64.5, 
240,10/9/2019,1200,282,0.02, ,0, ,1534, ,6.7, ,74.7, ,23, ,34.3, ,7.8, ,176, ,64.3, 
240,10/9/2019,1300,282,0.02, ,0, ,1412, ,8.1, ,75.8, ,27, ,39, ,8.3, ,190, ,64.3, 
240,10/9/2019,1400,282,0.02, ,0, ,1294, ,8.7, ,75.7, ,29, ,41, ,10.3, ,177, ,64.3, 
240,10/9/2019,1500,282,0.02, ,0, ,1008, ,8.8, ,74.7, ,30, ,41.1, ,10, ,182, ,64.3, 
240,10/9/2019,1600,282,0.01, ,0, ,644, ,8.7, ,72.6, ,32, ,41, ,10.8, ,187, ,64.4, 
240,10/9/2019,1700,282,0.01, ,0, ,260, ,10, ,68.6, ,42, ,44.5, ,9.8, ,157, ,64.5, 
240,10/9/2019,1800,282,0, ,0, ,14, ,11.1, ,63.8, ,55, ,47.2, ,8.1, ,164, ,64.7, 
240,10/9/2019,1900,282,0, ,0, ,0, ,12.4, ,59.6, ,71, ,50.2, ,6.8, ,178, ,64.8, 
240,10/9/2019,2000,282,0, ,0, ,0, ,12.7, ,56.6, ,81, ,50.9, ,8, ,155, ,64.9, 
240,10/9/2019,2100,282,0, ,0, ,0, ,12.9, ,55.7, ,85, ,51.3, ,8.2, ,166, ,64.9, 
240,10/9/2019,2200,282,0, ,0, ,0, ,12.5, ,55.2, ,84, ,50.5, ,8, ,159, ,64.9, 
240,10/9/2019,2300,282,0, ,0, ,0, ,12, ,54.7, ,82, ,49.5, ,6, ,179, ,64.9, 
240,10/9/2019,2400,282,0, ,0, ,0, ,12, ,55.2, ,81, ,49.4, ,6.4, ,166, ,64.9, 
240,10/10/2019,0100,283,0, ,0, ,0, ,12, ,55.5, ,79, ,49.3, ,4.8, ,180, ,64.9, 
240,10/10/2019,0200,283,0, ,0, ,0, ,11.7, ,55.4, ,78, ,48.6, ,3.6, ,167, ,64.8, 
240,10/10/2019,0300,283,0, ,0, ,0, ,11.6, ,55.2, ,78, ,48.4, ,4.2, ,172, ,64.8, 
240,10/10/2019,0400,283,0, ,0, ,0, ,11.3, ,54.5, ,78, ,47.8, ,3.5, ,170, ,64.7, 
240,10/10/2019,0500,283,0, ,0, ,0, ,11, ,53, ,80, ,47, ,3.1, ,215, ,64.7, 
240,10/10/2019,0600,283,0, ,0, ,4, ,10.6, ,50.9, ,84, ,46.1, ,2.8, ,206, ,64.6, 
240,10/10/2019,0700,283,0, ,0, ,170, ,10.6, ,50.2, ,86, ,46, ,1.9, ,357, ,64.6, 
240,10/10/2019,0800,283,0, ,0, ,548, ,11.3, ,55.1, ,76, ,47.8, ,2.4, ,330, ,64.5, 
240,10/10/2019,0900,283,0.01, ,0, ,927, ,11, ,59.8, ,62, ,46.9, ,3.9, ,336, ,64.4, 
240,10/10/2019,1000,283,0.02, ,0, ,1234, ,5.5, ,68.1, ,23, ,29.3, ,11.4, ,358, ,64.3, 
240,10/10/2019,1100,283,0.03, ,0, ,1435, ,2.9, ,72.1, ,11, ,14.6, ,13.7, ,14, ,64.3, 
240,10/10/2019,1200,283,0.03, ,0, ,1514, ,2.8, ,74.9, ,10, ,13.6, ,13.3, ,15, ,64.2, 
240,10/10/2019,1300,283,0.03, ,0, ,1479, ,2.7, ,76.7, ,9, ,12.7, ,11.7, ,27, ,64.2, 
240,10/10/2019,1400,283,0.02, ,0, ,1300, ,2.6, ,77.4, ,8, ,11.6, ,10.5, ,25, ,64.2, 
240,10/10/2019,1500,283,0.02, ,0, ,1010, ,1.7, ,77.4, ,5, ,2.7, ,14.7, ,19, ,64.2, 
240,10/10/2019,1600,283,0.02, ,0, ,612, ,1.1, ,74.4, ,4, ,-6.9, ,18.7, ,13, ,64.2, 
240,10/10/2019,1700,283,0.01, ,0, ,221, ,1, ,70.5, ,4, ,-8.5, ,18.2, ,13, ,64.2, 
240,10/10/2019,1800,283,0.01, ,0, ,11, ,1, ,65.9, ,4, ,-9.3, ,14.5, ,8, ,64.3, 
240,10/10/2019,1900,283,0.01, ,0, ,0, ,1, ,63.6, ,5, ,-8.5, ,12.6, ,15, ,64.3, 
240,10/10/2019,2000,283,0, ,0, ,0, ,1.1, ,62.5, ,5, ,-7.3, ,6.4, ,28, ,64.2, 
240,10/10/2019,2100,283,0, ,0, ,0, ,1.5, ,60.5, ,8, ,-0.5, ,2.3, ,88, ,64.2, 
240,10/10/2019,2200,283,0, ,0, ,0, ,1.7, ,53.5, ,12, ,2.9, ,2.3, ,258, ,64.1, 
240,10/10/2019,2300,283,0, ,0, ,0, ,1.5, ,53.5, ,10, ,-0.7, ,3.3, ,34, ,63.9, 
240,10/10/2019,2400,283,0, ,0, ,0, ,2.3, ,50.7, ,19, ,9.5, ,2.1, ,141, ,63.8, 
240,10/11/2019,0100,284,0, ,0, ,0, ,2.7, ,50.5, ,21, ,12.6, ,2.5, ,143, ,63.7, 
240,10/11/2019,0200,284,0, ,0, ,0, ,2.8, ,49.7, ,23, ,13.6, ,4.1, ,151, ,63.7, 
240,10/11/2019,0300,284,0, ,0, ,0, ,2.8, ,47.5, ,25, ,13.3, ,3.5, ,126, ,63.6, 
240,10/11/2019,0400,284,0,Y,0, ,0, ,2.4, ,39.4,Y,29,Y,9.6,Y,2.3, ,318, ,63.7, 
240,10/11/2019,0500,284,0,Y,0, ,0, ,2.6, ,38.6,Y,33,Y,12,Y,1.7, ,278, ,63.5, 
240,10/11/2019,0600,284,0,Y,0, ,4, ,2.6, ,38.1,Y,34,Y,12.2,Y,1.7, ,329, ,63.2, 
240,10/11/2019,0700,284,0,Y,0, ,206, ,3, ,39.7,Y,36,Y,14.8,Y,1.8, ,256, ,63, 
240,10/11/2019,0800,284,0.01, ,0, ,604, ,2.9, ,51.7, ,22, ,14.3, ,3.3, ,153, ,62.8, 
240,10/11/2019,0900,284,0.01, ,0, ,982, ,2.8, ,61.6, ,15, ,13.5, ,2.4, ,41, ,62.6, 
240,10/11/2019,1000,284,0.02, ,0, ,1295, ,2, ,69.1, ,8, ,6.3, ,3.1, ,322, ,62.4, 
240,10/11/2019,1100,284,0.02, ,0, ,1497, ,2, ,72.4, ,7, ,5.8, ,3, ,186, ,62.2, 
240,10/11/2019,1200,284,0.02, ,0, ,1571, ,1.8, ,74.9, ,6, ,3.4, ,5.2, ,18, ,62.1, 
240,10/11/2019,1300,284,0.02, ,0, ,1514, ,1.6, ,75.8, ,5, ,1.5, ,8, ,13, ,62, 
240,10/11/2019,1400,284,0.02, ,0, ,1330, ,1.6, ,76.6, ,5, ,1.4, ,7.4, ,22, ,62, 
240,10/11/2019,1500,284,0.02, ,0, ,1034, ,1.6, ,76.9, ,5, ,0.7, ,8.1, ,26, ,62.1, 
240,10/11/2019,1600,284,0.01, ,0, ,661, ,1.5, ,76.6, ,5, ,0.2, ,8.6, ,30, ,62.1, 
240,10/11/2019,1700,284,0.01, ,0, ,261, ,1.7, ,74.3, ,6, ,2.9, ,7.1, ,27, ,62.3, 
240,10/11/2019,1800,284,0, ,0, ,12, ,1.7, ,67, ,8, ,2.8, ,6.9, ,21, ,62.4, 
240,10/11/2019,1900,284,0, ,0, ,0, ,1.9, ,62.8, ,10, ,4.5, ,3.5, ,342, ,62.5, 
240,10/11/2019,2000,284,0, ,0, ,0, ,2, ,56.9, ,13, ,6, ,1.8, ,309, ,62.6, 
240,10/11/2019,2100,284,0, ,0, ,0, ,2, ,54.4, ,14, ,6.5, ,1.8, ,319, ,62.6, 
240,10/11/2019,2200,284,0, ,0, ,0, ,2.6, ,50.8, ,20, ,11.6, ,1.5, ,314, ,62.7, 
240,10/11/2019,2300,284,0, ,0, ,0, ,2.3, ,49.3, ,19, ,9.2, ,1.5, ,264, ,62.7, 
240,10/11/2019,2400,284,0, ,0, ,0, ,2.5, ,45.9, ,24, ,10.9, ,1.6, ,347, ,62.6, 
240,10/12/2019,0100,285,0, ,0, ,0, ,2.6, ,44.2, ,26, ,12, ,1.5, ,321, ,62.5, 
240,10/12/2019,0200,285,0,Y,0, ,0, ,2.4, ,42.2,Y,26,Y,10.3,Y,1.4, ,281, ,62.6, 
240,10/12/2019,0300,285,0, ,0, ,0, ,2.8, ,42.4, ,30, ,13.4, ,1.4, ,327, ,62.5, 
240,10/12/2019,0400,285,0,Y,0, ,0, ,2.8, ,39.7,Y,33,Y,13.1,Y,1.6, ,323, ,62.1, 
240,10/12/2019,0500,285,0,Y,0, ,0, ,2.5, ,37.9,Y,32,Y,10.9,Y,1.6, ,353, ,61.9, 
240,10/12/2019,0600,285,0, ,0, ,3, ,2.6, ,38.1, ,34, ,12, ,1.9, ,348, ,61.8, 
240,10/12/2019,0700,285,0,Y,0, ,190, ,2.9, ,39.9,Y,34,Y,14.2,Y,1.8, ,311, ,61.6, 
240,10/12/2019,0800,285,0.01, ,0, ,582, ,3.4, ,49.9, ,28, ,18, ,2.1, ,25, ,61.5, 
240,10/12/2019,0900,285,0.01, ,0, ,956, ,3.4, ,62, ,18, ,18, ,1.3, ,40, ,61.4, 
240,10/12/2019,1000,285,0.02, ,0, ,1265, ,3.2, ,71.2, ,12, ,16.6, ,1.7, ,172, ,61.4, 
240,10/12/2019,1100,285,0.02, ,0, ,1470, ,3, ,75.8, ,10, ,14.7, ,2.7, ,276, ,61.3, 
240,10/12/2019,1200,285,0.02, ,0, ,1538, ,3.6, ,77.9, ,11, ,19.2, ,3.2, ,110, ,61.3, 
240,10/12/2019,1300,285,0.02, ,0, ,1450, ,3.4, ,79.4, ,10, ,17.7, ,3.7, ,224, ,61.3, 
240,10/12/2019,1400,285,0.02, ,0, ,1305, ,3.3, ,80.7, ,9, ,17.5, ,4.5, ,155, ,61.2, 
240,10/12/2019,1500,285,0.02, ,0, ,1007, ,3.5, ,81.3, ,10, ,18.8, ,4.9, ,218, ,61.3, 
240,10/12/2019,1600,285,0.01, ,0, ,627, ,4.8, ,79.8, ,14, ,25.9, ,7.6, ,220, ,61.4, 
240,10/12/2019,1700,285,0.01, ,0, ,235, ,4.8, ,76, ,16, ,26.2, ,7.6, ,227, ,61.6, 
240,10/12/2019,1800,285,0, ,0, ,11, ,6.4, ,70.6, ,25, ,33, ,5.5, ,160, ,61.8, 
240,10/12/2019,1900,285,0, ,0, ,0, ,7.5, ,66.2, ,34, ,37.1, ,7.8, ,132, ,62, 
240,10/12/2019,2000,285,0, ,0, ,0, ,7.7, ,63.7, ,38, ,37.9, ,3.6, ,103, ,62.1, 
240,10/12/2019,2100,285,0, ,0, ,0, ,7.1, ,59.2, ,41, ,35.6, ,2.8, ,250, ,62.3, 
240,10/12/2019,2200,285,0, ,0, ,0, ,6.9, ,55, ,47, ,35.1, ,1.6, ,8, ,62.3, 
240,10/12/2019,2300,285,0, ,0, ,0, ,6.9, ,51.9, ,52, ,35, ,1.8, ,266, ,62.4, 
240,10/12/2019,2400,285,0, ,0, ,0, ,6.6, ,50.4, ,53, ,33.8, ,1.9, ,288, ,62.4, 
240,10/13/2019,0100,286,0, ,0, ,0, ,6.3, ,46.8, ,57, ,32.6, ,1.7, ,323, ,62.4, 
240,10/13/2019,0200,286,0, ,0, ,0, ,6.2, ,45.8, ,60, ,32.5, ,1.4, ,299, ,62.4, 
240,10/13/2019,0300,286,0, ,0, ,0, ,5.7, ,43.5, ,59, ,30.2, ,1.7, ,324, ,62.3, 
240,10/13/2019,0400,286,0, ,0, ,0, ,5.9, ,42.7, ,64, ,31.3, ,1.5, ,306, ,62.3, 
240,10/13/2019,0500,286,0, ,0, ,0, ,5.7, ,41.5, ,65, ,30.5, ,1.6, ,335, ,62.2, 
240,10/13/2019,0600,286,0, ,0, ,3, ,5.7, ,40.8, ,66, ,30.3, ,1.5, ,290, ,62.1, 
240,10/13/2019,0700,286,0, ,0, ,186, ,5.9, ,43.7, ,61, ,31.3, ,1.4, ,302, ,62, 
240,10/13/2019,0800,286,0.01, ,0, ,576, ,6.4, ,50.8, ,50, ,33.1, ,2.1, ,349, ,61.9, 
240,10/13/2019,0900,286,0.01, ,0, ,953, ,6.5, ,60.7, ,36, ,33.6, ,1.8, ,182, ,61.7, 
240,10/13/2019,1000,286,0.02, ,0, ,1263, ,6.4, ,69, ,27, ,33.2, ,1.8, ,160, ,61.6, 
240,10/13/2019,1100,286,0.02, ,0, ,1462, ,5.5, ,73.1, ,20, ,29.4, ,2.9, ,134, ,61.5, 
240,10/13/2019,1200,286,0.02, ,0, ,1423, ,5.5, ,76.5, ,18, ,29.6, ,3.5, ,175, ,61.5, 
240,10/13/2019,1300,286,0.02, ,0, ,1483, ,5.2, ,77.8, ,16, ,28.1, ,6.8, ,185, ,61.4, 
240,10/13/2019,1400,286,0.02, ,0, ,1297, ,6, ,77.4, ,19, ,31.5, ,9.6, ,186, ,61.5, 
240,10/13/2019,1500,286,0.02, ,0, ,1011, ,4.9, ,76.7, ,16, ,26.5, ,10.9, ,185, ,61.6, 
240,10/13/2019,1600,286,0.01, ,0, ,641, ,5.7, ,75.3, ,19, ,30.1, ,9.6, ,191, ,61.7, 
240,10/13/2019,1700,286,0.01, ,0, ,246, ,6.3, ,72.4, ,23, ,32.7, ,8.2, ,198, ,61.8, 
240,10/13/2019,1800,286,0, ,0, ,10, ,10.9, ,66.5, ,49, ,46.8, ,6.8, ,174, ,62, 
240,10/13/2019,1900,286,0, ,0, ,0, ,13, ,62.1, ,68, ,51.5, ,6.6, ,167, ,62.2, 
240,10/13/2019,2000,286,0, ,0, ,0, ,13.2, ,58.2, ,80, ,52, ,6.6, ,170, ,62.3, 
240,10/13/2019,2100,286,0, ,0, ,0, ,13.2, ,56, ,86, ,51.9, ,7.4, ,147, ,62.4, 
240,10/13/2019,2200,286,0, ,0, ,0, ,12.9, ,55.1, ,87, ,51.3, ,7.3, ,148, ,62.5, 
240,10/13/2019,2300,286,0, ,0, ,0, ,12.7, ,54.6, ,87, ,50.8, ,5.8, ,154, ,62.5, 
240,10/13/2019,2400,286,0, ,0, ,0, ,12.4, ,54.1, ,87, ,50.3, ,4.6, ,153, ,62.5, 
240,10/14/2019,0100,287,0, ,0, ,0, ,12, ,53.1, ,87, ,49.3, ,3.7, ,152, ,62.5, 
240,10/14/2019,0200,287,0, ,0, ,0, ,11.4, ,50.9, ,90, ,48, ,2.1, ,16, ,62.7, 
240,10/14/2019,0300,287,0, ,0, ,0, ,12, ,53.4, ,86, ,49.4, ,2.3, ,302, ,63, 
240,10/14/2019,0400,287,0, ,0, ,0, ,11.8, ,53.6, ,84, ,48.8, ,3.6, ,233, ,63.2, 
240,10/14/2019,0500,287,0, ,0, ,0, ,11.6, ,53.3, ,83, ,48.4, ,2.4, ,252, ,63.2, 
240,10/14/2019,0600,287,0, ,0, ,2, ,11.8, ,54.2, ,83, ,49, ,2.5, ,204, ,63, 
240,10/14/2019,0700,287,0, ,0, ,62, ,11.5, ,54.7, ,79, ,48.3, ,2, ,257, ,62.9, 
240,10/14/2019,0800,287,0, ,0, ,253, ,11.2, ,55.8, ,74, ,47.5, ,3.4, ,347, ,62.8, 
240,10/14/2019,0900,287,0.01, ,0, ,778, ,11.4, ,58.4, ,68, ,48.1, ,2.4, ,257, ,62.8, 
240,10/14/2019,1000,287,0.01, ,0, ,1212, ,11.5, ,60.9, ,63, ,48.2, ,3.3, ,172, ,62.7, 
240,10/14/2019,1100,287,0.02, ,0, ,1408, ,11.2, ,64.5, ,54, ,47.6, ,3.5, ,16, ,62.7, 
240,10/14/2019,1200,287,0.02, ,0, ,1485, ,10.8, ,67.4, ,47, ,46.6, ,4.1, ,307, ,62.7, 
240,10/14/2019,1300,287,0.02, ,0, ,1408, ,10, ,70, ,40, ,44.4, ,3.8, ,253, ,62.7, 
240,10/14/2019,1400,287,0.02, ,0, ,1250, ,9.1, ,72, ,34, ,42, ,6, ,352, ,62.7, 
240,10/14/2019,1500,287,0.01, ,0, ,964, ,8.4, ,72.7, ,31, ,40.1, ,7.3, ,342, ,62.8, 
240,10/14/2019,1600,287,0.01, ,0, ,601, ,8.5, ,72.7, ,31, ,40.2, ,6, ,327, ,62.9, 
240,10/14/2019,1700,287,0.01, ,0, ,213, ,8.8, ,70.7, ,34, ,41.3, ,9.1, ,334, ,63.1, 
240,10/14/2019,1800,287,0, ,0, ,9, ,10, ,65.9, ,46, ,44.7, ,7, ,320, ,63.2, 
240,10/14/2019,1900,287,0, ,0, ,0, ,11, ,63, ,56, ,47, ,2.5, ,260, ,63.4, 
240,10/14/2019,2000,287,0, ,0, ,0, ,11.3, ,60.9, ,62, ,47.7, ,2.7, ,22, ,63.5, 
240,10/14/2019,2100,287,0, ,0, ,0, ,11.4, ,57.8, ,70, ,48, ,3, ,21, ,63.6, 
240,10/14/2019,2200,287,0, ,0, ,0, ,11.4, ,56.1, ,74, ,48, ,2.6, ,323, ,63.6, 
240,10/14/2019,2300,287,0, ,0, ,0, ,10.8, ,52.7, ,80, ,46.6, ,1.5, ,317, ,63.7, 
240,10/14/2019,2400,287,0, ,0, ,0, ,10.3, ,50.6, ,82, ,45.4, ,1.7, ,309, ,63.7, 
240,10/15/2019,0100,288,0, ,0, ,0, ,10.4, ,49.8, ,85, ,45.6, ,1.8, ,332, ,63.6, 
240,10/15/2019,0200,288,0, ,0, ,0, ,9.6, ,47.4, ,86, ,43.5, ,2.5, ,330, ,63.6, 
240,10/15/2019,0300,288,0, ,0, ,0, ,9.5, ,46.7, ,88, ,43.3, ,1.8, ,333, ,63.5, 
240,10/15/2019,0400,288,0, ,0, ,0, ,9.1, ,44.9, ,90, ,42.1, ,1.9, ,306, ,63.4, 
240,10/15/2019,0500,288,0, ,0, ,0, ,9, ,44.1, ,92, ,41.8, ,1.5, ,315, ,63.4, 
240,10/15/2019,0600,288,0, ,0, ,3, ,8.8, ,42.7, ,95, ,41.3, ,2.4, ,349, ,63.3, 
240,10/15/2019,0700,288,0, ,0, ,177, ,8.9, ,44.4, ,89, ,41.5, ,2.5, ,11, ,63.1, 
240,10/15/2019,0800,288,0, ,0, ,554, ,10, ,51.2, ,78, ,44.7, ,3.3, ,13, ,63, 
240,10/15/2019,0900,288,0.01, ,0, ,926, ,10.8, ,60.2, ,61, ,46.5, ,2.5, ,336, ,62.9, 
240,10/15/2019,1000,288,0.01, ,0, ,1234, ,10, ,69, ,41, ,44.6, ,1.9, ,333, ,62.8, 
240,10/15/2019,1100,288,0.02, ,0, ,1389, ,7, ,77.6, ,22, ,35.5, ,2.8, ,323, ,62.7, 
240,10/15/2019,1200,288,0.02, ,0, ,1507, ,6.2, ,80.8, ,17, ,32.4, ,4.2, ,308, ,62.6, 
240,10/15/2019,1300,288,0.02, ,0, ,1450, ,6.3, ,82.4, ,17, ,32.7, ,4.3, ,329, ,62.6, 
240,10/15/2019,1400,288,0.02, ,0, ,1261, ,6.4, ,83.4, ,16, ,33.3, ,7.1, ,348, ,62.6, 
240,10/15/2019,1500,288,0.02, ,0, ,968, ,6.3, ,84.5, ,16, ,32.7, ,9.5, ,345, ,62.7, 
240,10/15/2019,1600,288,0.01, ,0, ,609, ,5.8, ,84.3, ,15, ,30.8, ,7.9, ,346, ,62.8, 
240,10/15/2019,1700,288,0.01, ,0, ,219, ,5.6, ,83.1, ,14, ,29.7, ,6.6, ,351, ,62.9, 
240,10/15/2019,1800,288,0, ,0, ,5, ,7.1, ,77.4, ,22, ,35.7, ,5.7, ,307, ,63.1, 
240,10/15/2019,1900,288,0, ,0, ,0, ,8.6, ,72.2, ,32, ,40.7, ,3.6, ,327, ,63.3, 
240,10/15/2019,2000,288,0, ,0, ,0, ,9.2, ,70, ,37, ,42.4, ,3.4, ,35, ,63.4, 
240,10/15/2019,2100,288,0, ,0, ,0, ,8.5, ,64.1, ,41, ,40.2, ,1.8, ,358, ,63.5, 
240,10/15/2019,2200,288,0, ,0, ,0, ,8.6, ,61.4, ,46, ,40.6, ,1.7, ,170, ,63.6, 
240,10/15/2019,2300,288,0, ,0, ,0, ,8.2, ,57.8, ,50, ,39.3, ,2.5, ,335, ,63.6, 
240,10/15/2019,2400,288,0, ,0, ,0, ,8.9, ,56.8, ,57, ,41.5, ,2.6, ,20, ,63.6, 
240,10/16/2019,0100,289,0, ,0, ,0, ,8.1, ,53.6, ,58, ,39.2, ,2, ,333, ,63.6, 
240,10/16/2019,0200,289,0, ,0, ,0, ,7.2, ,51.5, ,55, ,35.9, ,2.3, ,271, ,63.8, 
240,10/16/2019,0300,289,0, ,0, ,0, ,7.5, ,51.6, ,57, ,37, ,2.3, ,285, ,64, 
240,10/16/2019,0400,289,0, ,0, ,0, ,6.6, ,49.4, ,55, ,34.1, ,1.5, ,328, ,64, 
240,10/16/2019,0500,289,0, ,0, ,0, ,6.7, ,48.1, ,58, ,34.2, ,1.7, ,323, ,63.9, 
240,10/16/2019,0600,289,0, ,0, ,2, ,6.7, ,46.5, ,62, ,34.2, ,2.2, ,284, ,63.8, 
240,10/16/2019,0700,289,0, ,0, ,166, ,6.7, ,48.9, ,57, ,34.3, ,1.8, ,337, ,63.6, 
240,10/16/2019,0800,289,0.01, ,0, ,545, ,7.8, ,55.9, ,51, ,38.2, ,2, ,306, ,63.5, 
240,10/16/2019,0900,289,0.01, ,0, ,918, ,8.3, ,66.7, ,37, ,39.8, ,2.1, ,325, ,63.4, 
240,10/16/2019,1000,289,0.02, ,0, ,1191, ,8, ,75.9, ,26, ,38.7, ,2.7, ,173, ,63.2, 
240,10/16/2019,1100,289,0.02, ,0, ,1518, ,7, ,84, ,18, ,35.5, ,3.1, ,192, ,63.1, 
240,10/16/2019,1200,289,0.02, ,0, ,1501, ,6.5, ,84.6, ,16, ,33.7, ,4.5, ,202, ,63.1, 
240,10/16/2019,1300,289,0.02, ,0, ,1470, ,6.5, ,85.4, ,16, ,33.6, ,4.3, ,246, ,63.1, 
240,10/16/2019,1400,289,0.02, ,0, ,990, ,6.4, ,85.9, ,15, ,33.1, ,4.4, ,205, ,63.1, 
240,10/16/2019,1500,289,0.01, ,0, ,862, ,6.5, ,86.1, ,15, ,33.6, ,3.8, ,246, ,63.1, 
240,10/16/2019,1600,289,0.01, ,0, ,337, ,7.2, ,83.2, ,18, ,36, ,8, ,300, ,63.2, 
240,10/16/2019,1700,289,0.01, ,0, ,101, ,7.7, ,79.5, ,22, ,37.7, ,7.2, ,226, ,63.4, 
240,10/16/2019,1800,289,0, ,0, ,5, ,8.7, ,75.8, ,29, ,41, ,4.7, ,160, ,63.6, 
240,10/16/2019,1900,289,0, ,0, ,0, ,8.9, ,72.3, ,33, ,41.6, ,6.5, ,121, ,63.8, 
240,10/16/2019,2000,289,0, ,0, ,0, ,8.3, ,70.4, ,33, ,39.7, ,6.1, ,127, ,63.9, 
240,10/16/2019,2100,289,0, ,0, ,0, ,8.2, ,67.4, ,36, ,39.4, ,4.1, ,150, ,64, 
240,10/16/2019,2200,289,0, ,0, ,0, ,8, ,62.4, ,41, ,38.7, ,1.5, ,294, ,64.1, 
240,10/16/2019,2300,289,0, ,0, ,0, ,8.1, ,58.8, ,48, ,39.2, ,1.5, ,333, ,64.1, 
240,10/16/2019,2400,289,0, ,0, ,0, ,7.8, ,55.8, ,51, ,38.2, ,1.4, ,333, ,64.1, 
240,10/17/2019,0100,290,0, ,0, ,0, ,7.5, ,53.5, ,54, ,37.2, ,1.8, ,307, ,64.1, 
240,10/17/2019,0200,290,0, ,0, ,0, ,8, ,55, ,54, ,38.7, ,2.5, ,196, ,64.1, 
240,10/17/2019,0300,290,0, ,0, ,0, ,7.6, ,52.9, ,55, ,37.4, ,2.3, ,284, ,64.1, 
240,10/17/2019,0400,290,0, ,0, ,0, ,7.4, ,52.1, ,56, ,36.8, ,2.1, ,1, ,64, 
240,10/17/2019,0500,290,0, ,0, ,0, ,7.1, ,49.1, ,60, ,35.7, ,2, ,276, ,64, 
240,10/17/2019,0600,290,0, ,0, ,3, ,7.3, ,48.8, ,62, ,36.4, ,2.1, ,244, ,63.9, 
240,10/17/2019,0700,290,0, ,0, ,124, ,7.5, ,50.8, ,59, ,37, ,2, ,305, ,63.8, 
240,10/17/2019,0800,290,0.01, ,0, ,537, ,8.2, ,57.9, ,50, ,39.5, ,1.9, ,232, ,63.7, 
240,10/17/2019,0900,290,0.01, ,0, ,907, ,9.4, ,64.9, ,45, ,42.8, ,5, ,150, ,63.6, 
240,10/17/2019,1000,290,0.02, ,0, ,1213, ,8.9, ,69.1, ,36, ,41.4, ,8.3, ,157, ,63.5, 
240,10/17/2019,1100,290,0.02, ,0, ,1409, ,8.1, ,72.7, ,29, ,39.1, ,6.4, ,163, ,63.4, 
240,10/17/2019,1200,290,0.02, ,0, ,1485, ,7.9, ,76, ,26, ,38.4, ,6.4, ,197, ,63.3, 
240,10/17/2019,1300,290,0.02, ,0, ,1424, ,8.1, ,77, ,26, ,39.2, ,7.9, ,209, ,63.3, 
240,10/17/2019,1400,290,0.02, ,0, ,1223, ,9.8, ,76.3, ,32, ,44, ,10.3, ,201, ,63.3, 
240,10/17/2019,1500,290,0.02, ,0, ,919, ,11.1, ,74.2, ,38, ,47.2, ,13.1, ,182, ,63.4, 
240,10/17/2019,1600,290,0.01, ,0, ,563, ,10.9, ,72.7, ,40, ,46.8, ,12.2, ,173, ,63.5, 
240,10/17/2019,1700,290,0.01, ,0, ,200, ,11.4, ,69.8, ,46, ,48, ,9.5, ,181, ,63.6, 
240,10/17/2019,1800,290,0, ,0, ,6, ,12.4, ,63.9, ,61, ,50.3, ,8.5, ,160, ,63.8, 
240,10/17/2019,1900,290,0, ,0, ,0, ,12.3, ,59.8, ,70, ,50.1, ,7.9, ,171, ,63.9, 
240,10/17/2019,2000,290,0, ,0, ,0, ,12.8, ,57.3, ,80, ,51.1, ,8.7, ,153, ,64, 
240,10/17/2019,2100,290,0, ,0, ,0, ,12.4, ,56.5, ,79, ,50.2, ,7.2, ,155, ,64, 
240,10/17/2019,2200,290,0, ,0, ,0, ,12.4, ,55.7, ,82, ,50.3, ,6.5, ,146, ,64.1, 
240,10/17/2019,2300,290,0, ,0, ,0, ,12.5, ,55.1, ,84, ,50.4, ,5.7, ,146, ,64.1, 
240,10/17/2019,2400,290,0, ,0, ,0, ,12.5, ,54.9, ,85, ,50.5, ,6.1, ,139, ,64.1, 
240,10/18/2019,0100,291,0, ,0, ,0, ,12.4, ,54, ,87, ,50.2, ,4.5, ,159, ,64.1, 
240,10/18/2019,0200,291,0, ,0, ,0, ,12.1, ,53, ,88, ,49.6, ,3, ,156, ,64.2, 
240,10/18/2019,0300,291,0, ,0, ,0, ,12.1, ,52.8, ,89, ,49.6, ,3.7, ,115, ,64.3, 
240,10/18/2019,0400,291,0, ,0, ,0, ,10.6, ,48.7, ,91, ,46.1, ,1.9, ,265, ,64.3, 
240,10/18/2019,0500,291,0, ,0, ,0, ,10.8, ,49.2, ,91, ,46.7, ,3.1, ,255, ,64.3, 
240,10/18/2019,0600,291,0, ,0, ,2, ,11.2, ,50.2, ,91, ,47.6, ,2.2, ,52, ,64.2, 
240,10/18/2019,0700,291,0, ,0, ,136, ,10.8, ,49.2, ,91, ,46.6, ,2.3, ,343, ,64.1, 
240,10/18/2019,0800,291,0, ,0, ,508, ,12.3, ,54.6, ,85, ,50, ,2.7, ,335, ,64, 
240,10/18/2019,0900,291,0.01, ,0, ,891, ,12.7, ,58.2, ,76, ,50.8, ,2.7, ,283, ,63.9, 
240,10/18/2019,1000,291,0.01, ,0, ,1212, ,10.8, ,62.7, ,56, ,46.7, ,5, ,355, ,63.8, 
240,10/18/2019,1100,291,0.02, ,0, ,1409, ,8.9, ,66.8, ,40, ,41.4, ,6.7, ,345, ,63.8, 
240,10/18/2019,1200,291,0.02, ,0, ,1487, ,7.6, ,71.3, ,29, ,37.3, ,6.6, ,338, ,63.7, 
240,10/18/2019,1300,291,0.02, ,0, ,1432, ,5.8, ,74.2, ,20, ,30.8, ,5.8, ,326, ,63.7, 
240,10/18/2019,1400,291,0.02, ,0, ,1253, ,5.2, ,75.9, ,17, ,28.2, ,5.3, ,313, ,63.6, 
240,10/18/2019,1500,291,0.02, ,0, ,946, ,5.3, ,76.2, ,17, ,28.7, ,7.1, ,327, ,63.7, 
240,10/18/2019,1600,291,0.01, ,0, ,572, ,6.5, ,75.3, ,22, ,33.7, ,7.5, ,308, ,63.7, 
240,10/18/2019,1700,291,0.01, ,0, ,189, ,7.9, ,72.3, ,29, ,38.4, ,9.6, ,313, ,63.8, 
240,10/18/2019,1800,291,0, ,0, ,5, ,6.7, ,68.1, ,28, ,34.2, ,5.8, ,329, ,63.9, 
240,10/18/2019,1900,291,0, ,0, ,0, ,7.2, ,64, ,35, ,36, ,2, ,50, ,64, 
240,10/18/2019,2000,291,0, ,0, ,0, ,8.7, ,62.5, ,45, ,41, ,3.4, ,356, ,64.1, 
240,10/18/2019,2100,291,0, ,0, ,0, ,10.1, ,60.4, ,56, ,44.8, ,2.2, ,173, ,64.1, 
240,10/18/2019,2200,291,0, ,0, ,0, ,7.9, ,55, ,54, ,38.6, ,1.8, ,260, ,64.1, 
240,10/18/2019,2300,291,0, ,0, ,0, ,7.9, ,52.4, ,59, ,38.3, ,1.7, ,311, ,64.1, 
240,10/18/2019,2400,291,0, ,0, ,0, ,8.4, ,51.1, ,66, ,40, ,1.6, ,32, ,64.1, 
240,10/19/2019,0100,292,0, ,0, ,0, ,7.7, ,48, ,67, ,37.6, ,1.9, ,289, ,64, 
240,10/19/2019,0200,292,0, ,0, ,0, ,7.3, ,46.3, ,69, ,36.6, ,1.8, ,287, ,64.1, 
240,10/19/2019,0300,292,0, ,0, ,0, ,7.1, ,44.8, ,70, ,35.7, ,1.6, ,314, ,64.1, 
240,10/19/2019,0400,292,0, ,0, ,0, ,7.4, ,45.1, ,72, ,36.8, ,1.6, ,355, ,64, 
240,10/19/2019,0500,292,0, ,0, ,0, ,7.4, ,44.1, ,75, ,36.9, ,2.2, ,237, ,63.8, 
240,10/19/2019,0600,292,0, ,0, ,2, ,7.5, ,43.8, ,77, ,37, ,2.1, ,4, ,63.7, 
240,10/19/2019,0700,292,0, ,0, ,149, ,7.1, ,43, ,75, ,35.6, ,2.2, ,302, ,63.6, 
240,10/19/2019,0800,292,0, ,0, ,530, ,8.1, ,50.5, ,64, ,38.9, ,2.1, ,298, ,63.6, 
240,10/19/2019,0900,292,0.01, ,0, ,910, ,8.8, ,59.7, ,51, ,41.3, ,2.2, ,85, ,63.4, 
240,10/19/2019,1000,292,0.01, ,0, ,1218, ,10.8, ,66, ,50, ,46.7, ,2.1, ,168, ,63.3, 
240,10/19/2019,1100,292,0.02, ,0, ,1429, ,9.2, ,70.3, ,36, ,42.4, ,3.8, ,179, ,63.2, 
240,10/19/2019,1200,292,0.02, ,0, ,1479, ,8, ,74.2, ,28, ,38.8, ,3.9, ,190, ,63.2, 
240,10/19/2019,1300,292,0.02, ,0, ,1428, ,7, ,76.6, ,22, ,35.3, ,4.6, ,347, ,63.2, 
240,10/19/2019,1400,292,0.02, ,0, ,1127, ,5.9, ,77.8, ,18, ,31.3, ,4.1, ,290, ,63.2, 
240,10/19/2019,1500,292,0.02, ,0, ,933, ,4.8, ,79, ,14, ,25.9, ,6.9, ,353, ,63.3, 
240,10/19/2019,1600,292,0.01, ,0, ,570, ,7.3, ,76.8, ,23, ,36.4, ,9.2, ,324, ,63.3, 
240,10/19/2019,1700,292,0, ,0, ,204, ,7.4, ,74.6, ,25, ,36.9, ,5.1, ,307, ,63.4, 
240,10/19/2019,1800,292,0, ,0, ,5, ,7.6, ,69.6, ,31, ,37.4, ,5.1, ,351, ,63.5, 
240,10/19/2019,1900,292,0, ,0, ,0, ,8.2, ,65.5, ,38, ,39.5, ,2.7, ,61, ,63.7, 
240,10/19/2019,2000,292,0, ,0, ,0, ,9.2, ,63.5, ,46, ,42.5, ,3.9, ,119, ,63.8, 
240,10/19/2019,2100,292,0, ,0, ,0, ,9.5, ,61.7, ,50, ,43.1, ,3.7, ,140, ,63.8, 
240,10/19/2019,2200,292,0, ,0, ,0, ,8.8, ,56.1, ,57, ,41.1, ,2, ,272, ,63.9, 
240,10/19/2019,2300,292,0, ,0, ,0, ,8.2, ,52, ,62, ,39.3, ,2.1, ,257, ,63.9, 
240,10/19/2019,2400,292,0, ,0, ,0, ,8.2, ,51.6, ,63, ,39.5, ,2.5, ,40, ,63.9, 
240,10/20/2019,0100,293,0, ,0, ,0, ,7.5, ,48.1, ,66, ,37.2, ,1.8, ,255, ,63.8, 
240,10/20/2019,0200,293,0, ,0, ,0, ,7.3, ,46.7, ,67, ,36.3, ,2.7, ,335, ,63.8, 
240,10/20/2019,0300,293,0, ,0, ,0, ,7.6, ,47.1, ,69, ,37.5, ,3, ,194, ,63.7, 
240,10/20/2019,0400,293,0, ,0, ,0, ,7.9, ,47.8, ,70, ,38.3, ,2.5, ,209, ,63.6, 
240,10/20/2019,0500,293,0, ,0, ,0, ,7.3, ,45.2, ,71, ,36.3, ,2.4, ,340, ,63.5, 
240,10/20/2019,0600,293,0, ,0, ,2, ,6.7, ,42.3, ,73, ,34.3, ,2.2, ,291, ,63.4, 
240,10/20/2019,0700,293,0, ,0, ,145, ,7.3, ,45.3, ,71, ,36.4, ,2.8, ,352, ,63.2, 
240,10/20/2019,0800,293,0, ,0, ,515, ,8, ,51.6, ,62, ,38.9, ,2, ,280, ,63.1, 
240,10/20/2019,0900,293,0.01, ,0, ,889, ,8.6, ,60.7, ,47, ,40.5, ,1.9, ,212, ,63, 
240,10/20/2019,1000,293,0.01, ,0, ,1194, ,8.1, ,66.2, ,37, ,39.1, ,3.8, ,309, ,62.9, 
240,10/20/2019,1100,293,0.02, ,0, ,1393, ,7, ,72.7, ,25, ,35.3, ,7.4, ,341, ,62.7, 
240,10/20/2019,1200,293,0.02, ,0, ,1470, ,5.8, ,78, ,18, ,30.8, ,6.4, ,12, ,62.7, 
240,10/20/2019,1300,293,0.02, ,0, ,1418, ,4.6, ,81.1, ,13, ,25.2, ,8.7, ,18, ,62.6, 
240,10/20/2019,1400,293,0.02, ,0, ,1235, ,4.5, ,81.9, ,12, ,24.4, ,8.9, ,13, ,62.6, 
240,10/20/2019,1500,293,0.02, ,0, ,938, ,4.6, ,82, ,12, ,25.3, ,7.9, ,19, ,62.7, 
240,10/20/2019,1600,293,0.01, ,0, ,566, ,4.7, ,81.4, ,13, ,25.5, ,8, ,360, ,62.7, 
240,10/20/2019,1700,293,0.01, ,0, ,187, ,4.6, ,78.7, ,14, ,25, ,9.5, ,351, ,62.8, 
240,10/20/2019,1800,293,0, ,0, ,4, ,4.4, ,73.8, ,16, ,24.1, ,8.1, ,345, ,62.9, 
240,10/20/2019,1900,293,0, ,0, ,0, ,4.5, ,68.4, ,19, ,24.6, ,6.2, ,335, ,63, 
240,10/20/2019,2000,293,0, ,0, ,0, ,4.5, ,66.7, ,20, ,24.5, ,4.6, ,4, ,63.1, 
240,10/20/2019,2100,293,0, ,0, ,0, ,4.7, ,62.5, ,25, ,25.8, ,2.5, ,32, ,63.1, 
240,10/20/2019,2200,293,0, ,0, ,0, ,4.6, ,59.1, ,27, ,25.2, ,2.2, ,226, ,63.2, 
240,10/20/2019,2300,293,0, ,0, ,0, ,4.3, ,55.1, ,29, ,23.4, ,2, ,231, ,63.2, 
240,10/20/2019,2400,293,0, ,0, ,0, ,4.7, ,54.4, ,32, ,25.5, ,2.2, ,48, ,63.1, 
240,10/21/2019,0100,294,0, ,0, ,0, ,5.1, ,53.6, ,36, ,27.6, ,1.9, ,229, ,63.1, 
240,10/21/2019,0200,294,0, ,0, ,0, ,5.1, ,51.9, ,38, ,27.3, ,2.5, ,187, ,63.2, 
240,10/21/2019,0300,294,0, ,0, ,0, ,5.1, ,50.5, ,41, ,27.4, ,3.3, ,46, ,63.2, 
240,10/21/2019,0400,294,0, ,0, ,0, ,4.6, ,46.6, ,43, ,25.3, ,1.8, ,279, ,63.3, 
240,10/21/2019,0500,294,0, ,0, ,0, ,4.7, ,47, ,43, ,25.6, ,1.9, ,321, ,63.2, 
240,10/21/2019,0600,294,0, ,0, ,2, ,4.4, ,44.9, ,44, ,24.1, ,2, ,22, ,63, 
240,10/21/2019,0700,294,0, ,0, ,146, ,4.7, ,46.4, ,44, ,25.5, ,1.5, ,241, ,62.9, 
240,10/21/2019,0800,294,0, ,0, ,521, ,5.4, ,54.7, ,37, ,28.8, ,2.1, ,320, ,62.7, 
240,10/21/2019,0900,294,0.01, ,0, ,895, ,5.4, ,65.2, ,26, ,29.2, ,2.5, ,148, ,62.6, 
240,10/21/2019,1000,294,0.02, ,0, ,1199, ,5.6, ,72.8, ,20, ,30, ,2.2, ,224, ,62.5, 
240,10/21/2019,1100,294,0.02, ,0, ,1387, ,5.5, ,78.6, ,16, ,29.2, ,2.4, ,153, ,62.5, 
240,10/21/2019,1200,294,0.02, ,0, ,1448, ,4.9, ,82.7, ,13, ,26.4, ,7.3, ,19, ,62.4, 
240,10/21/2019,1300,294,0.03, ,0, ,1411, ,4.8, ,84.2, ,12, ,26.1, ,9.2, ,20, ,62.4, 
240,10/21/2019,1400,294,0.02, ,0, ,1224, ,4.7, ,85, ,11, ,25.6, ,7.1, ,19, ,62.4, 
240,10/21/2019,1500,294,0.02, ,0, ,927, ,4.7, ,85.4, ,11, ,25.6, ,6.1, ,332, ,62.4, 
240,10/21/2019,1600,294,0.01, ,0, ,557, ,4.5, ,85.4, ,11, ,24.4, ,5, ,336, ,62.5, 
240,10/21/2019,1700,294,0.01, ,0, ,172, ,4.3, ,83.8, ,11, ,23.7, ,5.1, ,343, ,62.6, 
240,10/21/2019,1800,294,0, ,0, ,3, ,4.4, ,77.8, ,14, ,24.2, ,5, ,352, ,62.7, 
240,10/21/2019,1900,294,0, ,0, ,0, ,4.8, ,74.3, ,16, ,26, ,6.4, ,348, ,62.9, 
240,10/21/2019,2000,294,0, ,0, ,0, ,5.5, ,71.3, ,21, ,29.5, ,7.6, ,354, ,63, 
240,10/21/2019,2100,294,0, ,0, ,0, ,5.9, ,66.9, ,26, ,31, ,2.8, ,338, ,63.1, 
240,10/21/2019,2200,294,0, ,0, ,0, ,5.2, ,63.4, ,26, ,28, ,1.9, ,26, ,63.1, 
240,10/21/2019,2300,294,0, ,0, ,0, ,5, ,57.1, ,31, ,27.2, ,1.9, ,309, ,63.2, 
240,10/21/2019,2400,294,0, ,0, ,0, ,5.1, ,54.1, ,35, ,27.3, ,1.7, ,314, ,63.1, 
240,10/22/2019,0100,295,0, ,0, ,0, ,5, ,51.4, ,39, ,27.1, ,2, ,340, ,63.1, 
240,10/22/2019,0200,295,0, ,0, ,0, ,5.1, ,50.3, ,41, ,27.5, ,2, ,360, ,63.1, 
240,10/22/2019,0300,295,0, ,0, ,0, ,4.9, ,47.9, ,43, ,26.7, ,1.7, ,317, ,63, 
240,10/22/2019,0400,295,0, ,0, ,0, ,4.7, ,47.8, ,42, ,25.7, ,1.9, ,328, ,62.9, 
240,10/22/2019,0500,295,0, ,0, ,0, ,4.7, ,46.6, ,44, ,25.8, ,1.9, ,241, ,62.9, 
240,10/22/2019,0600,295,0, ,0, ,2, ,4.7, ,45.5, ,46, ,25.8, ,2, ,341, ,62.7, 
240,10/22/2019,0700,295,0, ,0, ,146, ,4.8, ,47.3, ,43, ,26.1, ,2.3, ,42, ,62.6, 
240,10/22/2019,0800,295,0, ,0, ,523, ,6, ,57.4, ,37, ,31.6, ,1.5, ,104, ,62.5, 
240,10/22/2019,0900,295,0.01, ,0, ,897, ,6, ,66.5, ,27, ,31.4, ,1.6, ,347, ,62.4, 
240,10/22/2019,1000,295,0.02, ,0, ,1207, ,6.2, ,76.1, ,20, ,32.2, ,1.8, ,266, ,62.2, 
240,10/22/2019,1100,295,0.02, ,0, ,1392, ,4.9, ,83.1, ,13, ,26.8, ,4.9, ,28, ,62.2, 
240,10/22/2019,1200,295,0.03, ,0, ,1485, ,4.3, ,86.5, ,10, ,23.3, ,8.7, ,18, ,62.1, 
240,10/22/2019,1300,295,0.02, ,0, ,1240, ,4.3, ,87.3, ,10, ,23.7, ,5.5, ,1, ,62.1, 
240,10/22/2019,1400,295,0.02, ,0, ,1214, ,4.3, ,87.8, ,10, ,23.5, ,4.6, ,320, ,62.1, 
240,10/22/2019,1500,295,0.02, ,0, ,934, ,4, ,88.4, ,9, ,21.5, ,5.5, ,338, ,62.2, 
240,10/22/2019,1600,295,0.01, ,0, ,558, ,4, ,87.7, ,9, ,21.7, ,6, ,322, ,62.3, 
240,10/22/2019,1700,295,0.01, ,0, ,167, ,4.4, ,84.5, ,11, ,24.2, ,6.2, ,324, ,62.4, 
240,10/22/2019,1800,295,0, ,0, ,3, ,4.8, ,76.8, ,15, ,26, ,4.6, ,318, ,62.6, 
240,10/22/2019,1900,295,0, ,0, ,0, ,5.5, ,72.7, ,20, ,29.6, ,4.2, ,24, ,62.7, 
240,10/22/2019,2000,295,0, ,0, ,0, ,5.8, ,72, ,22, ,30.6, ,4.7, ,16, ,62.9, 
240,10/22/2019,2100,295,0, ,0, ,0, ,5.2, ,68.3, ,22, ,28, ,3.3, ,356, ,63, 
240,10/22/2019,2200,295,0, ,0, ,0, ,5.9, ,63.5, ,30, ,31.3, ,2.4, ,114, ,63, 
240,10/22/2019,2300,295,0, ,0, ,0, ,5.5, ,58.6, ,33, ,29.4, ,2, ,276, ,63.1, 
240,10/22/2019,2400,295,0, ,0, ,0, ,5.3, ,55.6, ,35, ,28.5, ,1.8, ,267, ,63.1, 
240,10/23/2019,0100,296,0, ,0, ,0, ,5.2, ,51.9, ,40, ,28.2, ,1.7, ,274, ,63.1, 
240,10/23/2019,0200,296,0, ,0, ,0, ,5, ,50, ,41, ,27.1, ,1.6, ,310, ,63.2, 
240,10/23/2019,0300,296,0, ,0, ,0, ,5.3, ,48.8, ,45, ,28.4, ,1.4, ,273, ,63.2, 
240,10/23/2019,0400,296,0, ,0, ,0, ,5.1, ,48.8, ,43, ,27.3, ,1.7, ,5, ,63.4, 
240,10/23/2019,0500,296,0, ,0, ,0, ,5, ,46.2, ,46, ,26.9, ,1.8, ,312, ,63.4, 
240,10/23/2019,0600,296,0, ,0, ,1, ,4.8, ,46, ,45, ,26.1, ,1.4, ,240, ,63.3, 
240,10/23/2019,0700,296,0, ,0, ,135, ,5.3, ,49.2, ,44, ,28.5, ,2, ,226, ,63.2, 
240,10/23/2019,0800,296,0, ,0, ,505, ,5.9, ,58.4, ,36, ,31.3, ,1.6, ,359, ,63.1, 
240,10/23/2019,0900,296,0.01, ,0, ,876, ,5.9, ,65.6, ,27, ,31.1, ,1.8, ,322, ,63, 
240,10/23/2019,1000,296,0.01, ,0, ,1180, ,5.4, ,74.7, ,18, ,29.1, ,1.9, ,155, ,62.9, 
240,10/23/2019,1100,296,0.02, ,0, ,1317, ,5.3, ,81, ,15, ,28.3, ,2.4, ,163, ,62.8, 
240,10/23/2019,1200,296,0.02, ,0, ,1431, ,5.3, ,84.4, ,13, ,28.7, ,2.3, ,115, ,62.7, 
240,10/23/2019,1300,296,0.02, ,0, ,1389, ,4.9, ,86.4, ,11, ,26.8, ,2.5, ,198, ,62.6, 
240,10/23/2019,1400,296,0.02, ,0, ,1213, ,4.4, ,87.7, ,10, ,24, ,2.8, ,169, ,62.5, 
240,10/23/2019,1500,296,0.01, ,0, ,913, ,4.4, ,88.7, ,10, ,24.1, ,2.2, ,253, ,62.6, 
240,10/23/2019,1600,296,0.01, ,0, ,531, ,4.5, ,88.2, ,10, ,24.6, ,3, ,226, ,62.7, 
240,10/23/2019,1700,296,0.01, ,0, ,148, ,5.9, ,83.3, ,15, ,30.9, ,4.1, ,199, ,62.9, 
240,10/23/2019,1800,296,0, ,0, ,3, ,5.6, ,80.2, ,16, ,29.8, ,3.2, ,4, ,63.1, 
240,10/23/2019,1900,296,0, ,0, ,0, ,5.6, ,75.1, ,19, ,29.9, ,2.4, ,90, ,63.3, 
240,10/23/2019,2000,296,0, ,0, ,0, ,6, ,71, ,23, ,31.6, ,2.4, ,140, ,63.4, 
240,10/23/2019,2100,296,0, ,0, ,0, ,5.8, ,66.3, ,26, ,30.7, ,1.9, ,54, ,63.6, 
240,10/23/2019,2200,296,0, ,0, ,0, ,5.6, ,59.3, ,32, ,29.8, ,1.7, ,331, ,63.6, 
240,10/23/2019,2300,296,0, ,0, ,0, ,5.7, ,56.7, ,36, ,30.3, ,1.6, ,282, ,63.7, 
240,10/23/2019,2400,296,0, ,0, ,0, ,5.7, ,55.6, ,38, ,30.1, ,1.6, ,284, ,63.7, 
240,10/24/2019,0100,297,0, ,0, ,0, ,5.8, ,54.2, ,40, ,30.7, ,1.9, ,122, ,63.7, 
240,10/24/2019,0200,297,0, ,0, ,0, ,5.7, ,53.5, ,41, ,30.3, ,2.5, ,342, ,63.7, 
240,10/24/2019,0300,297,0, ,0, ,0, ,6.3, ,53.5, ,45, ,32.6, ,1.6, ,196, ,63.6, 
240,10/24/2019,0400,297,0, ,0, ,0, ,5.4, ,53.2, ,39, ,29.1, ,2.7, ,10, ,63.5, 
240,10/24/2019,0500,297,0, ,0, ,0, ,5.3, ,57, ,33, ,28.5, ,3.2, ,46, ,63.4, 
240,10/24/2019,0600,297,0, ,0, ,1, ,5.2, ,52.8, ,38, ,27.9, ,1.7, ,284, ,63.3, 
240,10/24/2019,0700,297,0, ,0, ,132, ,4.4, ,57.1, ,27, ,23.8, ,3.3, ,36, ,63.2, 
240,10/24/2019,0800,297,0.01,Y,0, ,508, ,3.9, ,68,Y,17,Y,21.3,Y,6.3, ,7, ,63.1, 
240,10/24/2019,0900,297,0.01, ,0, ,864, ,4.5, ,72.8, ,16, ,24.7, ,6.2, ,63, ,63, 
240,10/24/2019,1000,297,0.02, ,0, ,1180, ,2.8, ,79.4, ,8, ,13.1, ,13.9, ,28, ,62.9, 
240,10/24/2019,1100,297,0.03, ,0, ,1391, ,2.5, ,81.4, ,7, ,10.7, ,17.6, ,23, ,62.8, 
240,10/24/2019,1200,297,0.03, ,0, ,1448, ,2.4, ,83.3, ,6, ,10.2, ,18.4, ,15, ,62.7, 
240,10/24/2019,1300,297,0.03, ,0, ,1401, ,2.5, ,84.4, ,6, ,10.7, ,16.7, ,20, ,62.7, 
240,10/24/2019,1400,297,0.03, ,0, ,1225, ,2.2, ,85.6, ,5, ,8.1, ,14, ,21, ,62.7, 
240,10/24/2019,1500,297,0.02, ,0, ,927, ,1.9, ,85.3, ,5, ,4.7, ,13, ,26, ,62.7, 
240,10/24/2019,1600,297,0.02, ,0, ,559, ,1.7, ,83.5, ,4, ,3, ,12, ,23, ,62.7, 
240,10/24/2019,1700,297,0.01, ,0, ,182, ,1.6, ,80, ,4, ,0.7, ,9.7, ,6, ,62.7, 
240,10/24/2019,1800,297,0.01, ,0, ,3, ,1.5, ,73.8, ,5, ,-0.1, ,11.1, ,13, ,62.8, 
240,10/24/2019,1900,297,0, ,0, ,0, ,1.8, ,70.2, ,7, ,3.2, ,4.9, ,351, ,62.8, 
240,10/24/2019,2000,297,0, ,0, ,0, ,1.7, ,67.6, ,8, ,3, ,6.8, ,340, ,62.9, 
240,10/24/2019,2100,297,0, ,0, ,0, ,1.6, ,66.4, ,7, ,1.1, ,6.2, ,331, ,62.9, 
240,10/24/2019,2200,297,0, ,0, ,0, ,1.6, ,65.2, ,7, ,0.7, ,5.1, ,339, ,62.8, 
240,10/24/2019,2300,297,0,Y,0, ,0, ,1.8, ,68,Y,8,Y,3.3,Y,6.4, ,27, ,62.8, 
240,10/24/2019,2400,297,0.01,R,0, ,0, ,1.6, ,71,R,6,R,1.6,R,11.3, ,18, ,62.7, 
240,10/25/2019,0100,298,0,Y,0, ,0, ,1.9, ,68.2,Y,8,Y,5.3,Y,5.6, ,40, ,62.7, 
240,10/25/2019,0200,298,0.01,R,0, ,0, ,1.9, ,69,R,8,R,4.8,R,9.2, ,15, ,62.7, 
240,10/25/2019,0300,298,0,Y,0, ,0, ,2.4, ,64.5,Y,12,Y,10.2,Y,4.1, ,71, ,62.8, 
240,10/25/2019,0400,298,0, ,0, ,0, ,2.6, ,56.9, ,16, ,12, ,3, ,136, ,62.8, 
240,10/25/2019,0500,298,0, ,0, ,0, ,3.4, ,53.4, ,24, ,17.8, ,2.4, ,176, ,62.7, 
240,10/25/2019,0600,298,0, ,0, ,1, ,3.1, ,55.1, ,21, ,16, ,3.3, ,120, ,62.6, 
240,10/25/2019,0700,298,0, ,0, ,131, ,2.8, ,59.7, ,16, ,13.7, ,3.2, ,109, ,62.5, 
240,10/25/2019,0800,298,0.01, ,0, ,494, ,3.6, ,64, ,18, ,19.1, ,3, ,163, ,62.4, 
240,10/25/2019,0900,298,0.01, ,0, ,859, ,3.9, ,72.5, ,14, ,21, ,3.5, ,177, ,62.3, 
240,10/25/2019,1000,298,0.02, ,0, ,1179, ,3.5, ,78.3, ,11, ,18.9, ,4.7, ,194, ,62.2, 
240,10/25/2019,1100,298,0.02, ,0, ,1379, ,3.7, ,81, ,10, ,20, ,4.2, ,193, ,62, 
240,10/25/2019,1200,298,0.02, ,0, ,1429, ,3.8, ,83.4, ,10, ,20.7, ,4.5, ,187, ,62, 
240,10/25/2019,1300,298,0.02, ,0, ,1360, ,3.9, ,85.9, ,9, ,21, ,9.1, ,29, ,61.9, 
240,10/25/2019,1400,298,0.02, ,0, ,1184, ,3.8, ,86, ,9, ,20.8, ,12.5, ,20, ,62, 
240,10/25/2019,1500,298,0.02, ,0, ,891, ,3.8, ,85.3, ,9, ,20.7, ,10.9, ,28, ,62, 
240,10/25/2019,1600,298,0.01, ,0, ,527, ,3.9, ,84.1, ,10, ,21.1, ,9.8, ,26, ,62.1, 
240,10/25/2019,1700,298,0.01, ,0, ,154, ,3.9, ,79.9, ,11, ,21.1, ,7, ,30, ,62.2, 
240,10/25/2019,1800,298,0, ,0, ,2, ,3.8, ,72.7, ,14, ,20.7, ,5.8, ,38, ,62.3, 
240,10/25/2019,1900,298,0, ,0, ,0, ,3.7, ,69.7, ,15, ,20.2, ,4.5, ,22, ,62.4, 
240,10/25/2019,2000,298,0, ,0, ,0, ,3.5, ,66.5, ,16, ,18.8, ,4.5, ,346, ,62.5, 
240,10/25/2019,2100,298,0, ,0, ,0, ,3.6, ,62.9, ,18, ,19.3, ,2.8, ,11, ,62.6, 
240,10/25/2019,2200,298,0, ,0, ,0, ,4.1, ,58.2, ,25, ,22.2, ,1.7, ,321, ,62.6, 
240,10/25/2019,2300,298,0, ,0, ,0, ,4.5, ,57, ,28, ,24.7, ,1.8, ,210, ,62.6, 
240,10/25/2019,2400,298,0, ,0, ,0, ,4.2, ,52.7, ,31, ,22.8, ,1.8, ,307, ,62.6, 
240,10/26/2019,0100,299,0, ,0, ,0, ,4, ,51.5, ,30, ,21.5, ,1.6, ,246, ,62.6, 
240,10/26/2019,0200,299,0, ,0, ,0, ,4.5, ,51.2, ,35, ,24.6, ,1.4, ,36, ,62.6, 
240,10/26/2019,0300,299,0, ,0, ,0, ,4.7, ,48.6, ,40, ,25.5, ,1.6, ,320, ,62.7, 
240,10/26/2019,0400,299,0, ,0, ,0, ,3.9, ,46.7, ,36, ,21.4, ,1.6, ,307, ,62.7, 
240,10/26/2019,0500,299,0, ,0, ,0, ,3.7, ,46.7, ,34, ,20.1, ,1.6, ,348, ,62.6, 
240,10/26/2019,0600,299,0, ,0, ,1, ,3.7, ,43.8, ,38, ,19.8, ,1.3, ,315, ,62.5, 
240,10/26/2019,0700,299,0, ,0, ,125, ,3.8, ,45, ,38, ,20.8, ,1.7, ,283, ,62.4, 
240,10/26/2019,0800,299,0, ,0, ,489, ,4.5, ,54.7, ,31, ,24.6, ,1.2, ,330, ,62.3, 
240,10/26/2019,0900,299,0.01, ,0, ,840, ,5, ,64.9, ,24, ,26.9, ,1.6, ,324, ,62.2, 
240,10/26/2019,1000,299,0.01, ,0, ,1159, ,5.1, ,72.7, ,19, ,27.8, ,1.9, ,204, ,62.1, 
240,10/26/2019,1100,299,0.02, ,0, ,1327, ,5, ,80, ,14, ,27.1, ,2.3, ,174, ,62, 
240,10/26/2019,1200,299,0.02, ,0, ,1327, ,4.6, ,83.4, ,12, ,25, ,3.5, ,188, ,62, 
240,10/26/2019,1300,299,0.02, ,0, ,1346, ,4.7, ,84.6, ,12, ,25.6, ,5.6, ,172, ,62, 
240,10/26/2019,1400,299,0.02, ,0, ,1165, ,4.9, ,84.7, ,12, ,26.4, ,8.8, ,176, ,62, 
240,10/26/2019,1500,299,0.02, ,0, ,870, ,5, ,83.5, ,13, ,27.1, ,9.4, ,188, ,62, 
240,10/26/2019,1600,299,0.01, ,0, ,514, ,4.8, ,81.4, ,13, ,26.2, ,10.5, ,166, ,62.1, 
240,10/26/2019,1700,299,0.01, ,0, ,148, ,5, ,77, ,16, ,27, ,8.7, ,148, ,62.2, 
240,10/26/2019,1800,299,0, ,0, ,2, ,4.8, ,71.8, ,18, ,25.9, ,7.6, ,149, ,62.3, 
240,10/26/2019,1900,299,0, ,0, ,0, ,4.3, ,68.7, ,18, ,23.6, ,7.9, ,144, ,62.4, 
240,10/26/2019,2000,299,0, ,0, ,0, ,3.8, ,66.4, ,17, ,20.7, ,7.6, ,129, ,62.5, 
240,10/26/2019,2100,299,0, ,0, ,0, ,4.5, ,64.1, ,22, ,24.4, ,7.4, ,128, ,62.6, 
240,10/26/2019,2200,299,0, ,0, ,0, ,4.9, ,62, ,26, ,26.4, ,4, ,132, ,62.6, 
240,10/26/2019,2300,299,0, ,0, ,0, ,5, ,56.2, ,33, ,27.3, ,2.7, ,92, ,62.6, 
240,10/26/2019,2400,299,0, ,0, ,0, ,4.9, ,52.4, ,36, ,26.4, ,2.3, ,330, ,62.6, 
240,10/27/2019,0100,300,0, ,0, ,0, ,5, ,50.6, ,40, ,27.3, ,2.4, ,143, ,62.5, 
240,10/27/2019,0200,300,0, ,0, ,0, ,4.3, ,46.2, ,40, ,23.2, ,1.5, ,332, ,62.5, 
240,10/27/2019,0300,300,0, ,0, ,0, ,4.5, ,44.8, ,45, ,24.6, ,1.9, ,292, ,62.4, 
240,10/27/2019,0400,300,0, ,0, ,0, ,4.4, ,44.4, ,44, ,24.1, ,1.9, ,334, ,62.3, 
240,10/27/2019,0500,300,0, ,0, ,0, ,4.4, ,42.1, ,49, ,24.2, ,2, ,308, ,62.2, 
240,10/27/2019,0600,300,0, ,0, ,1, ,4.5, ,41.2, ,51, ,24.5, ,2.3, ,222, ,62.1, 
240,10/27/2019,0700,300,0, ,0, ,106, ,4.8, ,43.3, ,51, ,26.3, ,1.9, ,290, ,61.9, 
240,10/27/2019,0800,300,0, ,0, ,466, ,7.8, ,51.5, ,60, ,38.2, ,4.2, ,175, ,61.8, 
240,10/27/2019,0900,300,0.01, ,0, ,823, ,11.7, ,58.4, ,70, ,48.6, ,6.4, ,161, ,61.6, 
240,10/27/2019,1000,300,0.01, ,0, ,1110, ,10.8, ,61.7, ,58, ,46.6, ,9.8, ,173, ,61.5, 
240,10/27/2019,1100,300,0.02, ,0, ,1319, ,11.6, ,63, ,59, ,48.4, ,10.8, ,195, ,61.4, 
240,10/27/2019,1200,300,0.02, ,0, ,1352, ,12, ,64.1, ,59, ,49.4, ,10.9, ,193, ,61.3, 
240,10/27/2019,1300,300,0.02, ,0, ,1314, ,12.2, ,64.9, ,58, ,49.9, ,11, ,188, ,61.3, 
240,10/27/2019,1400,300,0.02, ,0, ,1124, ,11.7, ,64.9, ,56, ,48.6, ,11, ,179, ,61.3, 
240,10/27/2019,1500,300,0.01, ,0, ,832, ,11.2, ,64.4, ,54, ,47.4, ,11.3, ,187, ,61.3, 
240,10/27/2019,1600,300,0.01, ,0, ,457, ,11.1, ,62.2, ,58, ,47.3, ,11.3, ,192, ,61.4, 
240,10/27/2019,1700,300,0, ,0, ,116, ,11.4, ,58.6, ,68, ,47.9, ,11, ,189, ,61.5, 
240,10/27/2019,1800,300,0, ,0, ,1, ,10.8, ,56.8, ,68, ,46.5, ,8.1, ,191, ,61.6, 
240,10/27/2019,1900,300,0, ,0, ,0, ,10.1, ,57, ,64, ,44.7, ,6.1, ,201, ,61.7, 
240,10/27/2019,2000,300,0, ,0, ,0, ,10.1, ,56.3, ,65, ,44.9, ,5.4, ,189, ,61.7, 
240,10/27/2019,2100,300,0, ,0, ,0, ,10, ,55.1, ,68, ,44.7, ,3.9, ,179, ,61.8, 
240,10/27/2019,2200,300,0, ,0, ,0, ,10.4, ,53.6, ,74, ,45.6, ,6, ,132, ,61.8, 
240,10/27/2019,2300,300,0, ,0, ,0, ,10.5, ,52.4, ,78, ,45.8, ,4.6, ,122, ,61.8, 
240,10/27/2019,2400,300,0, ,0, ,0, ,9, ,46.3, ,85, ,41.9, ,2.7, ,291, ,61.8, 
240,10/28/2019,0100,301,0, ,0, ,0, ,9.3, ,46.6, ,86, ,42.5, ,2.8, ,16, ,61.8, 
240,10/28/2019,0200,301,0, ,0, ,0, ,8.5, ,44, ,87, ,40.3, ,3.4, ,343, ,61.8, 
240,10/28/2019,0300,301,0, ,0, ,0, ,7.5, ,45.8, ,71, ,37.1, ,6, ,8, ,62, 
240,10/28/2019,0400,301,0, ,0, ,0, ,4.5, ,47.7, ,40, ,24.4, ,8.1, ,356, ,62, 
240,10/28/2019,0500,301,0, ,0, ,0, ,3, ,47.4, ,27, ,15.3, ,6.8, ,9, ,61.9, 
240,10/28/2019,0600,301,0, ,0, ,1, ,1.9, ,49.1, ,16, ,4.9, ,11.9, ,13, ,61.8, 
240,10/28/2019,0700,301,0.01, ,0, ,120, ,1.7, ,51.9, ,13, ,2.7, ,15.1, ,21, ,61.6, 
240,10/28/2019,0800,301,0.01, ,0, ,496, ,1.8, ,54.3, ,12, ,3.2, ,18.6, ,16, ,61.5, 
240,10/28/2019,0900,301,0.02, ,0, ,877, ,1.8, ,56.9, ,11, ,3.7, ,16.5, ,22, ,61.3, 
240,10/28/2019,1000,301,0.02, ,0, ,1180, ,1.8, ,60.2, ,10, ,4.3, ,13.1, ,29, ,61.2, 
240,10/28/2019,1100,301,0.02, ,0, ,1378, ,1.6, ,63.1, ,8, ,1.4, ,15.8, ,28, ,61, 
240,10/28/2019,1200,301,0.02, ,0, ,1452, ,1.6, ,66.2, ,7, ,1.1, ,13.4, ,22, ,60.9, 
240,10/28/2019,1300,301,0.02, ,0, ,1387, ,1.8, ,67.9, ,8, ,4, ,7.2, ,20, ,60.8, 
240,10/28/2019,1400,301,0.02, ,0, ,1172, ,2, ,68.8, ,8, ,6.1, ,4.1, ,105, ,60.7, 
240,10/28/2019,1500,301,0.01, ,0, ,895, ,1.9, ,69.9, ,8, ,4.7, ,3.6, ,214, ,60.6, 
240,10/28/2019,1600,301,0.01, ,0, ,523, ,1.7, ,69.3, ,7, ,2.2, ,5.9, ,329, ,60.5, 
240,10/28/2019,1700,301,0.01, ,0, ,142, ,1.7, ,65.6, ,8, ,2, ,6.4, ,16, ,60.5, 
240,10/28/2019,1800,301,0, ,0, ,2, ,2.3, ,57.5, ,14, ,9, ,4.8, ,27, ,60.6, 
240,10/28/2019,1900,301,0, ,0, ,0, ,1.9, ,52.1, ,14, ,4.6, ,4.5, ,352, ,60.6, 
240,10/28/2019,2000,301,0, ,0, ,0, ,2, ,52, ,15, ,6, ,3.6, ,33, ,60.6, 
240,10/28/2019,2100,301,0, ,0, ,0, ,2.7, ,49, ,22, ,12.4, ,2.3, ,11, ,60.7, 
240,10/28/2019,2200,301,0, ,0, ,0, ,2.3, ,43.5, ,24, ,8.9, ,1.9, ,238, ,60.6, 
240,10/28/2019,2300,301,0,Y,0, ,0, ,2.4, ,41.8,Y,27,Y,10.3,Y,1.9, ,301, ,60.6, 
240,10/28/2019,2400,301,0,Y,0, ,0, ,2.3, ,40,Y,27,Y,8.7,Y,1.8, ,334, ,60.5, 
240,10/29/2019,0100,302,0, ,0, ,0, ,2.7, ,40.5, ,31, ,12.4, ,3.1, ,22, ,60.4, 
240,10/29/2019,0200,302,0,Y,0, ,0, ,2.5, ,37.3,Y,33,Y,10.7,Y,1.8, ,336, ,60.3, 
240,10/29/2019,0300,302,0,Y,0, ,0, ,2.7, ,35.4,Y,38,Y,12.5,Y,1.4, ,292, ,60.1, 
240,10/29/2019,0400,302,0,Y,0, ,0, ,2.8, ,34.7,Y,40,Y,13.2,Y,1.5, ,285, ,60, 
240,10/29/2019,0500,302,0,Y,0, ,0, ,2.8, ,34.7,Y,41,Y,13.7,Y,1.8, ,270, ,59.8, 
240,10/29/2019,0600,302,0,Y,0, ,1, ,2.8, ,34,Y,42,Y,13.5,Y,2, ,345, ,59.7, 
240,10/29/2019,0700,302,0,Y,0, ,104, ,2.9, ,34.5,Y,43,Y,14.6,Y,1.9, ,276, ,59.5, 
240,10/29/2019,0800,302,0, ,0, ,465, ,3.4, ,41.1, ,39, ,18, ,2.6, ,306, ,59.4, 
240,10/29/2019,0900,302,0.01, ,0, ,837, ,3.7, ,50, ,30, ,20, ,2.1, ,274, ,59.2, 
240,10/29/2019,1000,302,0.01, ,0, ,1121, ,4.2, ,58.2, ,25, ,23, ,2.6, ,209, ,59, 
240,10/29/2019,1100,302,0.02, ,0, ,1295, ,4.8, ,64, ,24, ,26.1, ,2.7, ,117, ,58.9, 
240,10/29/2019,1200,302,0.02, ,0, ,1375, ,4.5, ,65.6, ,21, ,24.6, ,3.6, ,307, ,58.8, 
240,10/29/2019,1300,302,0.02, ,0, ,1306, ,5.1, ,67.2, ,22, ,27.4, ,4.6, ,20, ,58.7, 
240,10/29/2019,1400,302,0.02, ,0, ,1114, ,5.1, ,67.7, ,22, ,27.3, ,5.5, ,297, ,58.7, 
240,10/29/2019,1500,302,0.01, ,0, ,820, ,6.1, ,67.6, ,26, ,31.9, ,6.4, ,229, ,58.7, 
240,10/29/2019,1600,302,0.01, ,0, ,463, ,6.8, ,66.1, ,31, ,34.5, ,7, ,210, ,58.8, 
240,10/29/2019,1700,302,0, ,0, ,118, ,7.9, ,61.9, ,42, ,38.4, ,8.2, ,188, ,58.9, 
240,10/29/2019,1800,302,0, ,0, ,1, ,8.9, ,58.4, ,53, ,41.5, ,7.4, ,167, ,59, 
240,10/29/2019,1900,302,0, ,0, ,0, ,9.7, ,56.2, ,62, ,43.6, ,6.9, ,126, ,59.2, 
240,10/29/2019,2000,302,0, ,0, ,0, ,10, ,54.7, ,69, ,44.6, ,6.5, ,135, ,59.3, 
240,10/29/2019,2100,302,0, ,0, ,0, ,9.8, ,52.9, ,72, ,44.1, ,4.6, ,149, ,59.3, 
240,10/29/2019,2200,302,0, ,0, ,0, ,8.6, ,47.7, ,77, ,40.7, ,1.8, ,328, ,59.4, 
240,10/29/2019,2300,302,0, ,0, ,0, ,7.8, ,44.6, ,78, ,38.2, ,2.1, ,309, ,59.5, 
240,10/29/2019,2400,302,0, ,0, ,0, ,7.3, ,42.4, ,80, ,36.6, ,2.3, ,338, ,59.5, 
240,10/30/2019,0100,303,0, ,0, ,0, ,7.5, ,42, ,82, ,37, ,3.2, ,20, ,59.5, 
240,10/30/2019,0200,303,0, ,0, ,0, ,7.9, ,43.3, ,82, ,38.3, ,2.7, ,201, ,59.6, 
240,10/30/2019,0300,303,0, ,0, ,0, ,7.5, ,41.9, ,83, ,37.1, ,2.6, ,191, ,59.7, 
240,10/30/2019,0400,303,0, ,0, ,0, ,2.3, ,49.2, ,19, ,9, ,9, ,31, ,59.6, 
240,10/30/2019,0500,303,0, ,0, ,0, ,6.2, ,44.5, ,62, ,32.4, ,3.8, ,90, ,59.6, 
240,10/30/2019,0600,303,0, ,0, ,0, ,1.8, ,47.4, ,16, ,3.4, ,10.5, ,30, ,59.5, 
240,10/30/2019,0700,303,0, ,0, ,76, ,3.6, ,44.7, ,36, ,19.5, ,2.7, ,68, ,59.4, 
240,10/30/2019,0800,303,0, ,0, ,474, ,5.6, ,46.9, ,51, ,29.9, ,3.9, ,150, ,59.3, 
240,10/30/2019,0900,303,0.01, ,0, ,822, ,3.4, ,53, ,25, ,18.3, ,3.7, ,191, ,59.2, 
240,10/30/2019,1000,303,0.01, ,0, ,1105, ,2.1, ,57.8, ,13, ,7.1, ,3.5, ,180, ,59.1, 
240,10/30/2019,1100,303,0.02, ,0, ,1330, ,1.9, ,60.6, ,11, ,4.9, ,3.8, ,275, ,59, 
240,10/30/2019,1200,303,0.02, ,0, ,1435, ,1.3, ,63.4, ,6, ,-3.4, ,5.5, ,26, ,59, 
240,10/30/2019,1300,303,0.02, ,0, ,1354, ,1, ,65.1, ,5, ,-8.3, ,11.1, ,25, ,58.9, 
240,10/30/2019,1400,303,0.02, ,0, ,1173, ,1, ,65.4, ,5, ,-8.3, ,10.1, ,31, ,58.9, 
240,10/30/2019,1500,303,0.01, ,0, ,875, ,0.9, ,65.1, ,4, ,-11.8, ,8.8, ,37, ,58.9, 
240,10/30/2019,1600,303,0.01, ,0, ,504, ,0.8, ,64.2, ,4, ,-13.5, ,7.2, ,40, ,58.9, 
240,10/30/2019,1700,303,0.01, ,0, ,132, ,0.7, ,60, ,4, ,-15.3, ,9.1, ,27, ,58.9, 
240,10/30/2019,1800,303,0, ,0, ,1, ,0.8, ,53, ,6, ,-13.5, ,10.5, ,25, ,58.9, 
240,10/30/2019,1900,303,0, ,0, ,0, ,0.9, ,51.7, ,7, ,-10, ,8.1, ,24, ,58.9, 
240,10/30/2019,2000,303,0, ,0, ,0, ,0.9, ,48.7, ,8, ,-10.4, ,3.3, ,39, ,58.9, 
240,10/30/2019,2100,303,0, ,0, ,0, ,1, ,46, ,9, ,-9.3, ,3.7, ,21, ,58.9, 
240,10/30/2019,2200,303,0, ,0, ,0, ,1.1, ,45.8, ,11, ,-6.4, ,4, ,45, ,58.9, 
240,10/30/2019,2300,303,0, ,0, ,0, ,1.3, ,44.2, ,13, ,-3.9, ,4.9, ,17, ,58.8, 
240,10/30/2019,2400,303,0, ,0, ,0, ,1.3, ,43.5, ,13, ,-3.3, ,4.7, ,345, ,58.7, 
240,10/31/2019,0100,304,0,Y,0, ,0, ,1.9, ,37.6,Y,24,Y,4.5,Y,3.1, ,132, ,58.6, 
240,10/31/2019,0200,304,0, ,0, ,0, ,1.8, ,38.9, ,22, ,3.7, ,3.7, ,141, ,58.5, 
240,10/31/2019,0300,304,0,Y,0, ,0, ,2, ,34.4,Y,30,Y,6.3,Y,2.4, ,169, ,58.3, 
240,10/31/2019,0400,304,0,Y,0, ,0, ,1.9, ,34.6,Y,28,Y,4.6,Y,2.2, ,119, ,58.2, 
240,10/31/2019,0500,304,0,Y,0, ,0, ,1.8, ,30.2,Y,32,Y,4.1,Y,1.6, ,351, ,58, 
240,10/31/2019,0600,304,0,Y,0, ,1, ,2.1, ,32.7,Y,33,Y,6.9,Y,2.4, ,128, ,57.9, 
240,10/31/2019,0700,304,0,Y,0, ,117, ,1.7, ,27.8,Y,33,Y,2.3,Y,2.2, ,347, ,57.7, 
240,10/31/2019,0800,304,0,Y,0, ,497, ,2, ,36.5,Y,27,Y,6,Y,1.8, ,357, ,57.5, 
240,10/31/2019,0900,304,0.01, ,0, ,871, ,1.6, ,49.7, ,13, ,1.5, ,2.1, ,41, ,57.4, 
240,10/31/2019,1000,304,0.01, ,0, ,1177, ,1.6, ,57.2, ,10, ,0.8, ,2.2, ,274, ,57.2, 
240,10/31/2019,1100,304,0.01, ,0, ,1380, ,1.6, ,62.6, ,8, ,0.9, ,2.3, ,182, ,57, 
240,10/31/2019,1200,304,0.02, ,0, ,1435, ,1.4, ,66.1, ,6, ,-1.7, ,4, ,293, ,56.9, 
240,10/31/2019,1300,304,0.02, ,0, ,1375, ,1.4, ,69.1, ,6, ,-2.2, ,4.9, ,322, ,56.8, 
240,10/31/2019,1400,304,0.02, ,0, ,1181, ,1.2, ,71.6, ,4, ,-5.5, ,5.5, ,15, ,56.8, 
240,10/31/2019,1500,304,0.02, ,0, ,877, ,0.9, ,71.9, ,3, ,-10.4, ,9.9, ,13, ,56.8, 
240,10/31/2019,1600,304,0.01, ,0, ,509, ,0.9, ,69.6, ,4, ,-10.2, ,12.3, ,17, ,56.8, 
240,10/31/2019,1700,304,0.01, ,0, ,132, ,1, ,64.1, ,5, ,-8.9, ,8.7, ,19, ,56.9, 
240,10/31/2019,1800,304,0, ,0, ,1, ,1, ,59.1, ,6, ,-9.1, ,6, ,357, ,57.1, 
240,10/31/2019,1900,304,0, ,0, ,0, ,1, ,54.7, ,7, ,-7.9, ,4.9, ,358, ,57.2, 
240,10/31/2019,2000,304,0, ,0, ,0, ,1.1, ,50.2, ,9, ,-6, ,2.8, ,325, ,57.2, 
240,10/31/2019,2100,304,0, ,0, ,0, ,1.3, ,46, ,12, ,-3.9, ,2.9, ,306, ,57.3, 
240,10/31/2019,2200,304,0, ,0, ,0, ,1.2, ,43.2, ,13, ,-4.4, ,1.8, ,288, ,57.3, 
240,10/31/2019,2300,304,0, ,0, ,0, ,1.9, ,42.2, ,21, ,4.9, ,1.8, ,118, ,57.3, 
240,10/31/2019,2400,304,0,Y,0, ,0, ,1.7, ,36.4,Y,24,Y,3,Y,1.6, ,328, ,57.3, 
240,11/1/2019,0100,305,0,Y,0, ,0, ,1.6, ,34,Y,25,Y,1.8,Y,1.4, ,303, ,57.2, 
240,11/1/2019,0200,305,0,Y,0, ,0, ,1.6, ,31.9,Y,27,Y,1.5,Y,1.6, ,2, ,57.3, 
240,11/1/2019,0300,305,0,Y,0, ,0, ,1.6, ,31.3,Y,26,Y,0.7,Y,1.3, ,294, ,57.3, 
240,11/1/2019,0400,305,0,Y,0, ,0, ,1.6, ,30.7,Y,27,Y,1,Y,1.6, ,352, ,57.2, 
240,11/1/2019,0500,305,0,Y,0, ,0, ,1.7, ,28.5,Y,32,Y,2.3,Y,1.8, ,323, ,57.1, 
240,11/1/2019,0600,305,0,Y,0, ,0, ,1.5, ,27.8,Y,29,Y,0,Y,1.9, ,354, ,56.9, 
240,11/1/2019,0700,305,0,Y,0, ,111, ,1.8, ,27,Y,36,Y,3.4,Y,1.8, ,324, ,56.8, 
240,11/1/2019,0800,305,0,Y,0, ,485, ,1.9, ,34.4,Y,29,Y,5.4,Y,2.2, ,351, ,56.7, 
240,11/1/2019,0900,305,0.01, ,0, ,853, ,2.2, ,47.3, ,20, ,8.3, ,1.8, ,354, ,56.6, 
240,11/1/2019,1000,305,0.01, ,0, ,1161, ,2.4, ,61.2, ,13, ,9.6, ,1.6, ,43, ,56.4, 
240,11/1/2019,1100,305,0.02, ,0, ,1343, ,1.7, ,68.5, ,7, ,3, ,2.1, ,84, ,56.3, 
240,11/1/2019,1200,305,0.02, ,0, ,1423, ,1.7, ,73.3, ,6, ,2.2, ,2.8, ,212, ,56.2, 
240,11/1/2019,1300,305,0.02, ,0, ,1361, ,1.3, ,76.2, ,4, ,-2.5, ,3.2, ,285, ,56.1, 
240,11/1/2019,1400,305,0.02, ,0, ,1167, ,0.9, ,78, ,3, ,-11.3, ,5.1, ,351, ,56, 
240,11/1/2019,1500,305,0.01, ,0, ,857, ,0.7, ,78, ,2, ,-15.6, ,7.8, ,16, ,56, 
240,11/1/2019,1600,305,0.01, ,0, ,496, ,0.8, ,75.4, ,3, ,-12.5, ,9.9, ,19, ,56, 
240,11/1/2019,1700,305,0.01, ,0, ,126, ,0.9, ,69.1, ,4, ,-11.1, ,8.2, ,8, ,56.1, 
240,11/1/2019,1800,305,0, ,0, ,1, ,1.1, ,62.1, ,6, ,-7.5, ,4.9, ,352, ,56.2, 
240,11/1/2019,1900,305,0, ,0, ,0, ,1.2, ,58.5, ,7, ,-5.1, ,3.8, ,25, ,56.4, 
240,11/1/2019,2000,305,0, ,0, ,0, ,1.1, ,55, ,8, ,-6.2, ,3.4, ,1, ,56.5, 
240,11/1/2019,2100,305,0, ,0, ,0, ,1.2, ,52.1, ,9, ,-4.8, ,3.4, ,319, ,56.6, 
240,11/1/2019,2200,305,0, ,0, ,0, ,1.3, ,47.3, ,12, ,-3.3, ,1.9, ,317, ,56.6, 
240,11/1/2019,2300,305,0, ,0, ,0, ,2, ,45.6, ,19, ,5.8, ,1.3, ,34, ,56.7, 
240,11/1/2019,2400,305,0, ,0, ,0, ,1.7, ,42.2, ,19, ,2.8, ,1.9, ,340, ,56.7, 
240,11/2/2019,0100,306,0, ,0, ,0, ,1.6, ,41.6, ,18, ,0.8, ,1.4, ,244, ,56.7, 
240,11/2/2019,0200,306,0, ,0, ,0, ,2.7, ,43, ,28, ,12.4, ,2.6, ,149, ,56.8, 
240,11/2/2019,0300,306,0, ,0, ,0, ,2.6, ,39.7, ,32, ,12, ,2.6, ,354, ,56.8, 
240,11/2/2019,0400,306,0, ,0, ,0, ,2.1, ,36.6, ,28, ,6.6, ,2.1, ,320, ,56.8, 
240,11/2/2019,0500,306,0, ,0, ,0, ,1.9, ,36.3, ,26, ,5.1, ,2.1, ,290, ,56.7, 
240,11/2/2019,0600,306,0, ,0, ,0, ,1.8, ,36.1, ,25, ,3.8, ,1.7, ,318, ,56.6, 
240,11/2/2019,0700,306,0, ,0, ,124, ,2.1, ,38.9, ,26, ,7, ,1.8, ,338, ,56.5, 
240,11/2/2019,0800,306,0, ,0, ,467, ,2.8, ,45.7, ,27, ,13.9, ,1.8, ,266, ,56.4, 
240,11/2/2019,0900,306,0.01, ,0, ,809, ,2.6, ,55.8, ,17, ,12, ,1.8, ,319, ,56.4, 
240,11/2/2019,1000,306,0.01, ,0, ,823, ,2, ,64.6, ,9, ,5.5, ,1.8, ,158, ,56.3, 
240,11/2/2019,1100,306,0.02, ,0, ,1232, ,1.9, ,71.3, ,7, ,4.6, ,2.5, ,341, ,56.3, 
240,11/2/2019,1200,306,0.01, ,0, ,888, ,1.2, ,75.7, ,4, ,-4.4, ,3.1, ,346, ,56.3, 
240,11/2/2019,1300,306,0.02, ,0, ,1086, ,1.2, ,78.1, ,4, ,-5.7, ,6.2, ,359, ,56.3, 
240,11/2/2019,1400,306,0.02, ,0, ,1161, ,1.2, ,80.2, ,4, ,-4.3, ,5.5, ,323, ,56.3, 
240,11/2/2019,1500,306,0.01, ,0, ,805, ,1, ,81.3, ,3, ,-8.9, ,4.9, ,26, ,56.4, 
240,11/2/2019,1600,306,0.01, ,0, ,304, ,1, ,79.5, ,3, ,-9.3, ,6, ,358, ,56.5, 
240,11/2/2019,1700,306,0.01, ,0, ,124, ,1.4, ,75.4, ,5, ,-1.3, ,8.9, ,341, ,56.6, 
240,11/2/2019,1800,306,0, ,0, ,1, ,1.4, ,68.2, ,6, ,-1.1, ,5.7, ,5, ,56.8, 
240,11/2/2019,1900,306,0, ,0, ,0, ,2.7, ,66.2, ,12, ,12.7, ,3.1, ,67, ,56.9, 
240,11/2/2019,2000,306,0, ,0, ,0, ,3.7, ,61.4, ,20, ,19.8, ,3.6, ,117, ,56.9, 
240,11/2/2019,2100,306,0, ,0, ,0, ,3.1, ,55.5, ,21, ,15.9, ,3, ,146, ,57, 
240,11/2/2019,2200,306,0, ,0, ,0, ,2.6, ,48.2, ,23, ,12.2, ,1.4, ,259, ,57.1, 
240,11/2/2019,2300,306,0, ,0, ,0, ,2.6, ,45.9, ,25, ,11.7, ,1.8, ,332, ,57.1, 
240,11/2/2019,2400,306,0, ,0, ,0, ,2.6, ,44.2, ,26, ,11.9, ,1.7, ,328, ,57.1, 
240,11/3/2019,0100,307,0, ,0, ,0, ,2.5, ,41.6, ,28, ,11.3, ,1.3, ,320, ,57.1, 
240,11/3/2019,0200,307,0, ,0, ,0, ,2.7, ,40.4, ,32, ,12.7, ,1.6, ,341, ,57, 
240,11/3/2019,0300,307,0, ,0, ,0, ,2.8, ,38, ,36, ,13.2, ,1.3, ,339, ,57, 
240,11/3/2019,0400,307,0, ,0, ,0, ,2.8, ,38, ,36, ,13.4, ,1.4, ,307, ,56.9, 
240,11/3/2019,0500,307,0, ,0, ,0, ,2.6, ,35.6, ,37, ,11.9, ,1.5, ,332, ,56.8, 
240,11/3/2019,0600,307,0, ,0, ,0, ,2.5, ,34.1, ,37, ,10.7, ,1.5, ,332, ,56.7, 
240,11/3/2019,0700,307,0, ,0, ,92, ,2.5, ,35.2, ,36, ,11, ,1.3, ,346, ,56.6, 
240,11/3/2019,0800,307,0, ,0, ,447, ,3.5, ,44.3, ,35, ,18.7, ,2, ,216, ,56.5, 
240,11/3/2019,0900,307,0.01, ,0, ,811, ,3.5, ,53.4, ,25, ,18.5, ,1.9, ,316, ,56.4, 
240,11/3/2019,1000,307,0.01, ,0, ,1115, ,3, ,62.9, ,16, ,15.4, ,2.1, ,144, ,56.2, 
240,11/3/2019,1100,307,0.02, ,0, ,1319, ,2.9, ,71.7, ,11, ,14.6, ,1.7, ,308, ,56.1, 
240,11/3/2019,1200,307,0.02, ,0, ,1386, ,2.6, ,75.1, ,9, ,11.9, ,3.1, ,153, ,56.1, 
240,11/3/2019,1300,307,0.02, ,0, ,1273, ,2.3, ,77.2, ,7, ,9, ,3.8, ,152, ,56, 
240,11/3/2019,1400,307,0.02, ,0, ,1110, ,2.2, ,78.6, ,6, ,7.7, ,5.4, ,335, ,56, 
240,11/3/2019,1500,307,0.01, ,0, ,802, ,2.3, ,78.2, ,7, ,8.8, ,6.3, ,317, ,56, 
240,11/3/2019,1600,307,0.01, ,0, ,437, ,2.4, ,76.3, ,8, ,10, ,8, ,318, ,56.1, 
240,11/3/2019,1700,307,0, ,0, ,106, ,2.7, ,70.9, ,10, ,12.6, ,4.9, ,312, ,56.3, 
240,11/3/2019,1800,307,0, ,0, ,1, ,2.8, ,66, ,13, ,13.3, ,2, ,41, ,56.4, 
240,11/3/2019,1900,307,0, ,0, ,0, ,3.2, ,63.1, ,16, ,16.6, ,2.2, ,71, ,56.6, 
240,11/3/2019,2000,307,0, ,0, ,0, ,3.8, ,56, ,25, ,20.4, ,2.1, ,202, ,56.7, 
240,11/3/2019,2100,307,0, ,0, ,0, ,3, ,50.9, ,24, ,15.3, ,1.4, ,333, ,56.8, 
240,11/3/2019,2200,307,0, ,0, ,0, ,2.9, ,47.6, ,26, ,14.5, ,1.4, ,314, ,56.9, 
240,11/3/2019,2300,307,0, ,0, ,0, ,2.9, ,45.2, ,28, ,14, ,1.5, ,303, ,56.9, 
240,11/3/2019,2400,307,0, ,0, ,0, ,2.9, ,42.8, ,31, ,14.3, ,1.6, ,330, ,56.9, 
240,11/4/2019,0100,308,0, ,0, ,0, ,3.2, ,42.3, ,35, ,16.7, ,1.3, ,296, ,56.9, 
240,11/4/2019,0200,308,0, ,0, ,0, ,3.3, ,40.2, ,39, ,17.5, ,1.3, ,322, ,57.1, 
240,11/4/2019,0300,308,0, ,0, ,0, ,3.5, ,38.6, ,44, ,18.6, ,1.4, ,344, ,57.3, 
240,11/4/2019,0400,308,0, ,0, ,0, ,3.4, ,37.6, ,44, ,17.6, ,1.4, ,285, ,57.3, 
240,11/4/2019,0500,308,0, ,0, ,0, ,3.3, ,36.7, ,45, ,17.6, ,1.5, ,321, ,57.1, 
240,11/4/2019,0600,308,0, ,0, ,0, ,3.4, ,35.8, ,48, ,18, ,1.3, ,324, ,57, 
240,11/4/2019,0700,308,0, ,0, ,86, ,3.3, ,36, ,46, ,17, ,1.3, ,313, ,56.8, 
240,11/4/2019,0800,308,0, ,0, ,425, ,4, ,43, ,43, ,21.8, ,1.5, ,328, ,56.7, 
240,11/4/2019,0900,308,0.01, ,0, ,785, ,4.1, ,53.7, ,29, ,22.2, ,1.5, ,309, ,56.6, 
240,11/4/2019,1000,308,0.01, ,0, ,1086, ,4.3, ,64.9, ,20, ,23.4, ,1.7, ,181, ,56.5, 
240,11/4/2019,1100,308,0.02, ,0, ,1282, ,3.4, ,72.9, ,12, ,18.1, ,1.9, ,324, ,56.5, 
240,11/4/2019,1200,308,0.02, ,0, ,1353, ,2.7, ,76.5, ,9, ,12.8, ,4.3, ,312, ,56.4, 
240,11/4/2019,1300,308,0.02, ,0, ,1285, ,2.9, ,78.9, ,9, ,14.6, ,5.9, ,321, ,56.4, 
240,11/4/2019,1400,308,0.02, ,0, ,1084, ,3.1, ,79.6, ,9, ,15.8, ,6.7, ,327, ,56.5, 
240,11/4/2019,1500,308,0.01, ,0, ,792, ,2.9, ,79.6, ,8, ,13.9, ,7.3, ,315, ,56.6, 
240,11/4/2019,1600,308,0.01, ,0, ,437, ,2.9, ,78.2, ,9, ,13.9, ,7.4, ,319, ,56.6, 
240,11/4/2019,1700,308,0.01, ,0, ,99, ,3, ,73.1, ,11, ,15.1, ,5.7, ,317, ,56.8, 
240,11/4/2019,1800,308,0, ,0, ,1, ,3.9, ,67.2, ,17, ,21.3, ,2.5, ,2, ,56.9, 
240,11/4/2019,1900,308,0, ,0, ,0, ,4.1, ,64.9, ,19, ,22.1, ,2.2, ,50, ,57, 
240,11/4/2019,2000,308,0, ,0, ,0, ,4.5, ,60.1, ,25, ,24.5, ,2.7, ,329, ,57.1, 
240,11/4/2019,2100,308,0, ,0, ,0, ,4.4, ,54.6, ,30, ,23.9, ,1.3, ,9, ,57.2, 
240,11/4/2019,2200,308,0, ,0, ,0, ,4.5, ,51.7, ,34, ,24.4, ,1.6, ,312, ,57.2, 
240,11/4/2019,2300,308,0, ,0, ,0, ,4.1, ,47.7, ,36, ,22.1, ,1.7, ,298, ,57.3, 
240,11/4/2019,2400,308,0, ,0, ,0, ,4.2, ,45.2, ,41, ,22.8, ,1.8, ,312, ,57.3, 
240,11/5/2019,0100,309,0, ,0, ,0, ,4.1, ,43.3, ,43, ,22.1, ,1.4, ,335, ,57.3, 
240,11/5/2019,0200,309,0, ,0, ,0, ,3.9, ,41.1, ,45, ,21.4, ,2, ,280, ,57.2, 
240,11/5/2019,0300,309,0, ,0, ,0, ,4.3, ,42, ,47, ,23.3, ,1.5, ,319, ,57.2, 
240,11/5/2019,0400,309,0, ,0, ,0, ,4, ,40.1, ,47, ,21.8, ,1.8, ,342, ,57.1, 
240,11/5/2019,0500,309,0, ,0, ,0, ,3.7, ,38.5, ,47, ,20.1, ,1.6, ,335, ,57, 
240,11/5/2019,0600,309,0, ,0, ,0, ,3.8, ,37.7, ,50, ,20.6, ,1.5, ,279, ,56.9, 
240,11/5/2019,0700,309,0, ,0, ,82, ,4.1, ,40.4, ,49, ,22.6, ,1.4, ,35, ,56.9, 
240,11/5/2019,0800,309,0, ,0, ,415, ,4.5, ,46.6, ,42, ,24.8, ,2.1, ,350, ,56.8, 
240,11/5/2019,0900,309,0.01, ,0, ,774, ,4.7, ,56, ,31, ,25.5, ,2, ,315, ,56.6, 
240,11/5/2019,1000,309,0.01, ,0, ,1065, ,4.7, ,66.9, ,21, ,25.4, ,2.3, ,200, ,56.5, 
240,11/5/2019,1100,309,0.02, ,0, ,1254, ,4.2, ,75.5, ,14, ,23.1, ,2.4, ,327, ,56.5, 
240,11/5/2019,1200,309,0.02, ,0, ,1326, ,4.1, ,79.4, ,12, ,22.2, ,4.4, ,314, ,56.4, 
240,11/5/2019,1300,309,0.02, ,0, ,1257, ,4.3, ,81.5, ,12, ,23.6, ,4.3, ,254, ,56.4, 
240,11/5/2019,1400,309,0.02, ,0, ,1062, ,4.5, ,82.1, ,12, ,24.6, ,4.2, ,46, ,56.4, 
240,11/5/2019,1500,309,0.01, ,0, ,774, ,4.8, ,82, ,13, ,25.9, ,6.6, ,179, ,56.5, 
240,11/5/2019,1600,309,0.01, ,0, ,422, ,5, ,80.5, ,14, ,27.1, ,7.1, ,216, ,56.6, 
240,11/5/2019,1700,309,0, ,0, ,85, ,4.9, ,76.2, ,16, ,26.7, ,4.4, ,261, ,56.7, 
240,11/5/2019,1800,309,0, ,0, ,1, ,5.4, ,70.9, ,21, ,28.8, ,3.2, ,335, ,56.9, 
240,11/5/2019,1900,309,0, ,0, ,0, ,5.6, ,66.3, ,25, ,29.8, ,2, ,56, ,57.1, 
240,11/5/2019,2000,309,0, ,0, ,0, ,5, ,62, ,26, ,27.2, ,3.2, ,6, ,57.2, 
240,11/5/2019,2100,309,0, ,0, ,0, ,5.1, ,56.4, ,33, ,27.5, ,1.7, ,264, ,57.4, 
240,11/5/2019,2200,309,0, ,0, ,0, ,5.4, ,54.7, ,37, ,28.8, ,1.4, ,15, ,57.5, 
240,11/5/2019,2300,309,0, ,0, ,0, ,4.8, ,50.1, ,39, ,26, ,1.6, ,352, ,57.5, 
240,11/5/2019,2400,309,0, ,0, ,0, ,4.8, ,48.9, ,41, ,26.3, ,1.4, ,349, ,57.5, 
240,11/6/2019,0100,310,0, ,0, ,0, ,5.3, ,45.6, ,50, ,28.3, ,1.6, ,323, ,57.6, 
240,11/6/2019,0200,310,0, ,0, ,0, ,5.4, ,44.8, ,54, ,29.2, ,1.5, ,334, ,57.8, 
240,11/6/2019,0300,310,0, ,0, ,0, ,5.6, ,42.9, ,59, ,29.7, ,1.5, ,334, ,57.9, 
240,11/6/2019,0400,310,0, ,0, ,0, ,5.1, ,42.1, ,56, ,27.5, ,1.2, ,313, ,58.1, 
240,11/6/2019,0500,310,0, ,0, ,0, ,5.2, ,41.5, ,58, ,27.9, ,1.5, ,317, ,58.2, 
240,11/6/2019,0600,310,0, ,0, ,0, ,5.4, ,42.8, ,58, ,28.9, ,1.6, ,284, ,57.9, 
240,11/6/2019,0700,310,0, ,0, ,74, ,4.9, ,41.5, ,55, ,26.4, ,2.1, ,346, ,57.7, 
240,11/6/2019,0800,310,0, ,0, ,402, ,5.6, ,48.3, ,49, ,30, ,1.5, ,313, ,57.6, 
240,11/6/2019,0900,310,0.01, ,0, ,756, ,6.3, ,61.1, ,34, ,32.8, ,1.5, ,168, ,57.4, 
240,11/6/2019,1000,310,0.01, ,0, ,1052, ,6.6, ,68.9, ,27, ,33.7, ,1.5, ,144, ,57.3, 
240,11/6/2019,1100,310,0.02, ,0, ,1251, ,6, ,75.2, ,20, ,31.5, ,2.2, ,166, ,57.2, 
240,11/6/2019,1200,310,0.02, ,0, ,1281, ,5.8, ,79.2, ,17, ,30.7, ,2.7, ,152, ,57.1, 
240,11/6/2019,1300,310,0.02, ,0, ,1245, ,5.2, ,80.5, ,15, ,28.2, ,4.5, ,200, ,57.1, 
240,11/6/2019,1400,310,0.02, ,0, ,1044, ,5.2, ,79.6, ,15, ,27.9, ,10.1, ,333, ,57.1, 
240,11/6/2019,1500,310,0.01, ,0, ,761, ,6.6, ,78.3, ,20, ,34, ,9.7, ,326, ,57.2, 
240,11/6/2019,1600,310,0.01, ,0, ,408, ,7.3, ,76.4, ,24, ,36.6, ,7.7, ,329, ,57.3, 
240,11/6/2019,1700,310,0, ,0, ,88, ,9.1, ,71.7, ,34, ,42.1, ,6.5, ,341, ,57.4, 
240,11/6/2019,1800,310,0, ,0, ,0, ,9.5, ,66.3, ,43, ,43.1, ,4.8, ,10, ,57.5, 
240,11/6/2019,1900,310,0, ,0, ,0, ,9.9, ,62.6, ,51, ,44.2, ,3.2, ,69, ,57.7, 
240,11/6/2019,2000,310,0, ,0, ,0, ,11.4, ,60.2, ,64, ,48, ,2.9, ,151, ,57.8, 
240,11/6/2019,2100,310,0, ,0, ,0, ,11.3, ,56.7, ,72, ,47.7, ,1.8, ,108, ,58, 
240,11/6/2019,2200,310,0, ,0, ,0, ,9.8, ,51.3, ,76, ,44, ,2.2, ,12, ,58, 
240,11/6/2019,2300,310,0, ,0, ,0, ,9.1, ,48.7, ,77, ,42, ,1.8, ,310, ,58.1, 
240,11/6/2019,2400,310,0, ,0, ,0, ,8.2, ,46, ,78, ,39.5, ,1.5, ,308, ,58.1, 
240,11/7/2019,0100,311,0, ,0, ,0, ,8.7, ,47.2, ,79, ,40.9, ,1.6, ,53, ,58.1, 
240,11/7/2019,0200,311,0, ,0, ,0, ,7.6, ,43.3, ,80, ,37.6, ,2, ,336, ,58.1, 
240,11/7/2019,0300,311,0, ,0, ,0, ,7.3, ,42.4, ,79, ,36.4, ,2, ,354, ,58.1, 
240,11/7/2019,0400,311,0, ,0, ,0, ,7.3, ,42.7, ,79, ,36.5, ,1.7, ,41, ,58, 
240,11/7/2019,0500,311,0, ,0, ,0, ,6.8, ,39.9, ,82, ,34.8, ,1.7, ,360, ,58, 
240,11/7/2019,0600,311,0, ,0, ,0, ,6.9, ,40.2, ,82, ,35.1, ,1.6, ,318, ,57.9, 
240,11/7/2019,0700,311,0, ,0, ,77, ,6.8, ,38.9, ,85, ,34.6, ,1.7, ,338, ,57.8, 
240,11/7/2019,0800,311,0, ,0, ,408, ,7.5, ,45.4, ,72, ,37, ,1.4, ,332, ,57.7, 
240,11/7/2019,0900,311,0.01, ,0, ,757, ,7.9, ,54.5, ,54, ,38.3, ,2.1, ,338, ,57.6, 
240,11/7/2019,1000,311,0.01, ,0, ,1057, ,7.3, ,65.4, ,34, ,36.6, ,1.9, ,306, ,57.5, 
240,11/7/2019,1100,311,0.02, ,0, ,1250, ,6.2, ,74, ,21, ,32.2, ,2.7, ,321, ,57.4, 
240,11/7/2019,1200,311,0.02, ,0, ,1319, ,4.9, ,80, ,14, ,26.8, ,3.1, ,284, ,57.3, 
240,11/7/2019,1300,311,0.02, ,0, ,1262, ,3.7, ,81.8, ,10, ,19.9, ,4.2, ,332, ,57.3, 
240,11/7/2019,1400,311,0.02, ,0, ,1059, ,3.5, ,82.8, ,9, ,18.9, ,4.2, ,349, ,57.3, 
240,11/7/2019,1500,311,0.01, ,0, ,778, ,3.8, ,82.2, ,10, ,20.3, ,7.1, ,319, ,57.4, 
240,11/7/2019,1600,311,0.01, ,0, ,418, ,4.6, ,80.8, ,13, ,25, ,9.7, ,337, ,57.5, 
240,11/7/2019,1700,311,0, ,0, ,84, ,9.3, ,74.4, ,32, ,42.6, ,7.1, ,325, ,57.6, 
240,11/7/2019,1800,311,0, ,0, ,0, ,10.4, ,68.1, ,44, ,45.5, ,3, ,320, ,57.8, 
240,11/7/2019,1900,311,0, ,0, ,0, ,10.4, ,64.9, ,50, ,45.6, ,2.6, ,186, ,57.9, 
240,11/7/2019,2000,311,0, ,0, ,0, ,10.2, ,62.4, ,53, ,45, ,2.1, ,159, ,58.1, 
240,11/7/2019,2100,311,0, ,0, ,0, ,9, ,57.3, ,56, ,41.9, ,2, ,328, ,58.2, 
240,11/7/2019,2200,311,0, ,0, ,0, ,7.7, ,53.5, ,55, ,37.9, ,1.8, ,300, ,58.3, 
240,11/7/2019,2300,311,0, ,0, ,0, ,7.8, ,52.8, ,57, ,38, ,1.9, ,111, ,58.3, 
240,11/7/2019,2400,311,0, ,0, ,0, ,7, ,48.9, ,59, ,35.2, ,2.3, ,354, ,58.4, 
240,11/8/2019,0100,312,0, ,0, ,0, ,6.8, ,46.9, ,62, ,34.6, ,1.9, ,266, ,58.4, 
240,11/8/2019,0200,312,0, ,0, ,0, ,6.7, ,46.2, ,63, ,34.4, ,2.3, ,35, ,58.5, 
240,11/8/2019,0300,312,0, ,0, ,0, ,6.4, ,43.9, ,66, ,33.2, ,1.9, ,343, ,58.7, 
240,11/8/2019,0400,312,0, ,0, ,0, ,6.8, ,44.9, ,67, ,34.6, ,2.3, ,129, ,58.8, 
240,11/8/2019,0500,312,0, ,0, ,0, ,5.8, ,40.9, ,67, ,30.9, ,1.9, ,18, ,58.9, 
240,11/8/2019,0600,312,0, ,0, ,0, ,5.5, ,39.8, ,66, ,29.4, ,2, ,343, ,58.7, 
240,11/8/2019,0700,312,0, ,0, ,74, ,5.6, ,40.4, ,65, ,29.6, ,1.7, ,338, ,58.5, 
240,11/8/2019,0800,312,0, ,0, ,411, ,6, ,45.7, ,57, ,31.4, ,2, ,322, ,58.3, 
240,11/8/2019,0900,312,0.01, ,0, ,764, ,6.2, ,57, ,39, ,32.2, ,1.7, ,174, ,58.1, 
240,11/8/2019,1000,312,0.01, ,0, ,1060, ,5.5, ,67.9, ,23, ,29.2, ,1.9, ,211, ,58, 
240,11/8/2019,1100,312,0.02, ,0, ,1248, ,4.9, ,76.2, ,16, ,26.5, ,3, ,310, ,57.9, 
240,11/8/2019,1200,312,0.02, ,0, ,1317, ,4.6, ,80.9, ,13, ,24.8, ,3.8, ,323, ,57.8, 
240,11/8/2019,1300,312,0.02, ,0, ,1248, ,4.5, ,82.7, ,12, ,24.4, ,4.7, ,196, ,57.7, 
240,11/8/2019,1400,312,0.02, ,0, ,1064, ,4.2, ,83.5, ,11, ,23.1, ,5.1, ,41, ,57.8, 
240,11/8/2019,1500,312,0.02, ,0, ,773, ,3.9, ,83.6, ,10, ,20.9, ,9, ,35, ,57.8, 
240,11/8/2019,1600,312,0.01, ,0, ,419, ,3.5, ,82, ,9, ,18.7, ,8, ,44, ,57.9, 
240,11/8/2019,1700,312,0.01, ,0, ,83, ,3.5, ,78.8, ,11, ,18.9, ,6.3, ,48, ,58, 
240,11/8/2019,1800,312,0, ,0, ,0, ,3.5, ,75.5, ,12, ,18.7, ,5.3, ,43, ,58.1, 
240,11/8/2019,1900,312,0,Y,0, ,0, ,3.6, ,73.5,Y,13,Y,19.1,Y,3.5, ,57, ,58.3, 
240,11/8/2019,2000,312,0,Y,0, ,0, ,3.7, ,69.6,Y,15,Y,20.1,Y,3.6, ,54, ,58.4, 
240,11/8/2019,2100,312,0, ,0, ,0, ,3.7, ,61.1, ,20, ,20.2, ,2.3, ,279, ,58.5, 
240,11/8/2019,2200,312,0, ,0, ,0, ,4, ,56.4, ,26, ,21.8, ,1.8, ,190, ,58.5, 
240,11/8/2019,2300,312,0, ,0, ,0, ,3.9, ,52.5, ,29, ,21.4, ,1.5, ,265, ,58.5, 
240,11/8/2019,2400,312,0, ,0, ,0, ,4.2, ,50.7, ,33, ,22.8, ,1.7, ,5, ,58.6, 
240,11/9/2019,0100,313,0, ,0, ,0, ,3.9, ,46.7, ,36, ,21.1, ,1.9, ,319, ,58.5, 
240,11/9/2019,0200,313,0, ,0, ,0, ,4, ,47.3, ,36, ,21.5, ,1.8, ,238, ,58.7, 
240,11/9/2019,0300,313,0, ,0, ,0, ,4, ,44.7, ,40, ,22, ,1.8, ,272, ,58.9, 
240,11/9/2019,0400,313,0, ,0, ,0, ,3.8, ,43, ,41, ,20.8, ,1.7, ,272, ,59, 
240,11/9/2019,0500,313,0, ,0, ,0, ,4.1, ,43.6, ,42, ,22.1, ,1.9, ,12, ,58.8, 
240,11/9/2019,0600,313,0, ,0, ,0, ,4.1, ,42.9, ,44, ,22.5, ,2.3, ,335, ,58.6, 
240,11/9/2019,0700,313,0, ,0, ,64, ,3.6, ,40.8, ,42, ,19.5, ,1.7, ,348, ,58.3, 
240,11/9/2019,0800,313,0, ,0, ,402, ,4, ,47.2, ,37, ,22, ,2.1, ,325, ,58.2, 
240,11/9/2019,0900,313,0.01, ,0, ,753, ,4.5, ,57.6, ,28, ,24.5, ,1.5, ,301, ,58, 
240,11/9/2019,1000,313,0.01, ,0, ,1004, ,4.8, ,69, ,20, ,26, ,1.5, ,217, ,57.9, 
240,11/9/2019,1100,313,0.01, ,0, ,1156, ,4.1, ,76.8, ,13, ,22.5, ,1.9, ,179, ,57.8, 
240,11/9/2019,1200,313,0.02, ,0, ,1294, ,3.8, ,80.2, ,11, ,20.6, ,3.2, ,292, ,57.7, 
240,11/9/2019,1300,313,0.02, ,0, ,1246, ,3.4, ,82.3, ,9, ,18.1, ,4.7, ,311, ,57.7, 
240,11/9/2019,1400,313,0.02, ,0, ,1061, ,3, ,82.7, ,8, ,15, ,5.3, ,330, ,57.7, 
240,11/9/2019,1500,313,0.01, ,0, ,769, ,2.9, ,82.5, ,8, ,13.9, ,6.8, ,335, ,57.7, 
240,11/9/2019,1600,313,0.01, ,0, ,419, ,2.9, ,81.5, ,8, ,14.2, ,6.5, ,332, ,57.8, 
240,11/9/2019,1700,313,0.01, ,0, ,85, ,2.9, ,76.9, ,9, ,14.1, ,5.9, ,328, ,57.9, 
240,11/9/2019,1800,313,0, ,0, ,0, ,3.5, ,69.4, ,14, ,18.9, ,4.3, ,351, ,58, 
240,11/9/2019,1900,313,0, ,0, ,0, ,4.2, ,67.7, ,18, ,22.9, ,5.9, ,338, ,58.2, 
240,11/9/2019,2000,313,0, ,0, ,0, ,4.8, ,64.4, ,23, ,25.9, ,2, ,159, ,58.3, 
240,11/9/2019,2100,313,0, ,0, ,0, ,5.5, ,60.3, ,31, ,29.2, ,3, ,180, ,58.4, 
240,11/9/2019,2200,313,0, ,0, ,0, ,4.7, ,56.3, ,31, ,25.8, ,1.9, ,110, ,58.4, 
240,11/9/2019,2300,313,0, ,0, ,0, ,4.6, ,52.9, ,34, ,25.2, ,1.7, ,223, ,58.4, 
240,11/9/2019,2400,313,0, ,0, ,0, ,4.1, ,48.1, ,36, ,22.6, ,1.4, ,300, ,58.4, 
240,11/10/2019,0100,314,0, ,0, ,0, ,4.1, ,46.1, ,38, ,22.1, ,1.4, ,295, ,58.4, 
240,11/10/2019,0200,314,0, ,0, ,0, ,4, ,44.5, ,40, ,21.5, ,1.2, ,301, ,58.4, 
240,11/10/2019,0300,314,0, ,0, ,0, ,4, ,43.2, ,42, ,21.9, ,1.4, ,347, ,58.3, 
240,11/10/2019,0400,314,0, ,0, ,0, ,4, ,42, ,44, ,21.5, ,1.4, ,303, ,58.2, 
240,11/10/2019,0500,314,0, ,0, ,0, ,3.9, ,40.6, ,45, ,21.2, ,1.5, ,339, ,58.1, 
240,11/10/2019,0600,314,0, ,0, ,0, ,4, ,39.7, ,48, ,21.5, ,1.5, ,322, ,58, 
240,11/10/2019,0700,314,0, ,0, ,62, ,3.9, ,39, ,48, ,20.9, ,1.4, ,343, ,57.9, 
240,11/10/2019,0800,314,0, ,0, ,384, ,4.4, ,45.5, ,42, ,24.1, ,1.7, ,295, ,57.8, 
240,11/10/2019,0900,314,0.01, ,0, ,736, ,4.7, ,56.2, ,30, ,25.4, ,1.9, ,354, ,57.7, 
240,11/10/2019,1000,314,0.01, ,0, ,1025, ,5.1, ,65.5, ,24, ,27.4, ,1.8, ,195, ,57.6, 
240,11/10/2019,1100,314,0.02, ,0, ,1227, ,5, ,72.2, ,19, ,27.3, ,2.7, ,192, ,57.5, 
240,11/10/2019,1200,314,0.02, ,0, ,1302, ,4.3, ,77.1, ,13, ,23.3, ,2.5, ,198, ,57.4, 
240,11/10/2019,1300,314,0.02, ,0, ,1240, ,3.7, ,79.9, ,11, ,20.2, ,2.3, ,152, ,57.4, 
240,11/10/2019,1400,314,0.01, ,0, ,1050, ,3.7, ,80.4, ,10, ,19.8, ,3.9, ,199, ,57.4, 
240,11/10/2019,1500,314,0.01, ,0, ,742, ,4.1, ,79.4, ,12, ,22.1, ,6.8, ,336, ,57.4, 
240,11/10/2019,1600,314,0.01, ,0, ,383, ,6.1, ,76.1, ,20, ,31.8, ,6.8, ,332, ,57.5, 
240,11/10/2019,1700,314,0, ,0, ,74, ,6.5, ,71.7, ,25, ,33.7, ,5.2, ,341, ,57.7, 
240,11/10/2019,1800,314,0, ,0, ,0, ,6.8, ,65.6, ,32, ,34.8, ,2.1, ,322, ,57.8, 
240,11/10/2019,1900,314,0, ,0, ,0, ,7.9, ,63.1, ,40, ,38.4, ,1.8, ,162, ,58, 
240,11/10/2019,2000,314,0, ,0, ,0, ,7.4, ,60.2, ,42, ,36.9, ,1.9, ,113, ,58.1, 
240,11/10/2019,2100,314,0, ,0, ,0, ,6.8, ,54.1, ,47, ,34.6, ,1.5, ,280, ,58.2, 
240,11/10/2019,2200,314,0, ,0, ,0, ,7.3, ,51.5, ,56, ,36.3, ,1.8, ,242, ,58.3, 
240,11/10/2019,2300,314,0, ,0, ,0, ,6.8, ,48.2, ,59, ,34.7, ,1.7, ,341, ,58.3, 
240,11/10/2019,2400,314,0, ,0, ,0, ,6.3, ,44.9, ,62, ,32.8, ,1.6, ,311, ,58.3, 
240,11/11/2019,0100,315,0, ,0, ,0, ,6.6, ,44.2, ,67, ,34, ,1.6, ,333, ,58.3, 
240,11/11/2019,0200,315,0, ,0, ,0, ,6.3, ,41.8, ,70, ,32.9, ,1.6, ,326, ,58.5, 
240,11/11/2019,0300,315,0, ,0, ,0, ,6.3, ,40.7, ,73, ,32.6, ,1.7, ,3, ,58.6, 
240,11/11/2019,0400,315,0, ,0, ,0, ,5.6, ,38.1, ,72, ,29.8, ,1.4, ,321, ,58.8, 
240,11/11/2019,0500,315,0, ,0, ,0, ,6.1, ,38.7, ,76, ,31.8, ,1.8, ,360, ,58.8, 
240,11/11/2019,0600,315,0, ,0, ,0, ,5.6, ,36.8, ,76, ,30, ,2.1, ,316, ,58.6, 
240,11/11/2019,0700,315,0, ,0, ,60, ,5.6, ,37.9, ,72, ,29.7, ,1.7, ,335, ,58.3, 
240,11/11/2019,0800,315,0, ,0, ,380, ,6.5, ,42.9, ,69, ,33.4, ,2.1, ,339, ,58.1, 
240,11/11/2019,0900,315,0.01, ,0, ,716, ,6.9, ,51.9, ,52, ,34.9, ,2, ,325, ,57.9, 
240,11/11/2019,1000,315,0.01, ,0, ,1018, ,6.8, ,62.4, ,35, ,34.6, ,1.8, ,208, ,57.8, 
240,11/11/2019,1100,315,0.01, ,0, ,1220, ,6.1, ,71.3, ,23, ,32.1, ,2.1, ,184, ,57.7, 
240,11/11/2019,1200,315,0.02, ,0, ,1289, ,4.6, ,76.1, ,15, ,25.2, ,3.1, ,323, ,57.6, 
240,11/11/2019,1300,315,0.02, ,0, ,1223, ,3.2, ,79, ,9, ,16.2, ,5.5, ,327, ,57.5, 
240,11/11/2019,1400,315,0.02, ,0, ,1033, ,5, ,79.9, ,14, ,27.2, ,8.2, ,325, ,57.5, 
240,11/11/2019,1500,315,0.01, ,0, ,751, ,4.5, ,78.8, ,13, ,24.7, ,9, ,306, ,57.5, 
240,11/11/2019,1600,315,0.01, ,0, ,403, ,6, ,77.1, ,19, ,31.6, ,7.9, ,334, ,57.6, 
240,11/11/2019,1700,315,0, ,0, ,75, ,8.9, ,71.3, ,34, ,41.5, ,7.1, ,340, ,57.7, 
240,11/11/2019,1800,315,0, ,0, ,0, ,9.8, ,65.9, ,45, ,44.1, ,2.5, ,224, ,57.8, 
240,11/11/2019,1900,315,0, ,0, ,0, ,10.3, ,63.3, ,52, ,45.3, ,2.5, ,92, ,57.9, 
240,11/11/2019,2000,315,0, ,0, ,0, ,9.8, ,57.8, ,60, ,44.1, ,1.8, ,230, ,58.1, 
240,11/11/2019,2100,315,0, ,0, ,0, ,8.7, ,54, ,61, ,41, ,1.7, ,307, ,58.1, 
240,11/11/2019,2200,315,0, ,0, ,0, ,7.9, ,50.8, ,62, ,38.5, ,1.5, ,294, ,58.2, 
240,11/11/2019,2300,315,0, ,0, ,0, ,8.1, ,48.8, ,69, ,39.1, ,2.3, ,252, ,58.2, 
240,11/11/2019,2400,315,0, ,0, ,0, ,7.3, ,46.7, ,68, ,36.6, ,2, ,331, ,58.3, 
240,11/12/2019,0100,316,0, ,0, ,0, ,7, ,44.9, ,69, ,35.4, ,1.8, ,332, ,58.3, 
240,11/12/2019,0200,316,0, ,0, ,0, ,7.3, ,43.7, ,75, ,36.3, ,1.7, ,316, ,58.2, 
240,11/12/2019,0300,316,0, ,0, ,0, ,7, ,43.2, ,74, ,35.4, ,1.8, ,326, ,58.2, 
240,11/12/2019,0400,316,0, ,0, ,0, ,6.9, ,41.5, ,78, ,35, ,1.4, ,250, ,58.1, 
240,11/12/2019,0500,316,0, ,0, ,0, ,6.5, ,40.9, ,75, ,33.7, ,1.6, ,333, ,58, 
240,11/12/2019,0600,316,0, ,0, ,0, ,6.4, ,39.1, ,79, ,33.1, ,1.4, ,316, ,58, 
240,11/12/2019,0700,316,0, ,0, ,55, ,6.4, ,39.1, ,79, ,33, ,1.5, ,325, ,57.9, 
240,11/12/2019,0800,316,0, ,0, ,370, ,7.4, ,45.5, ,71, ,36.8, ,1.8, ,328, ,57.8, 
240,11/12/2019,0900,316,0.01, ,0, ,716, ,7.3, ,55.1, ,50, ,36.6, ,1.7, ,309, ,57.7, 
240,11/12/2019,1000,316,0.01, ,0, ,1004, ,7.2, ,66.2, ,33, ,36, ,1.8, ,160, ,57.6, 
240,11/12/2019,1100,316,0.01, ,0, ,1201, ,5, ,75.4, ,16, ,26.9, ,1.7, ,134, ,57.5, 
240,11/12/2019,1200,316,0.02, ,0, ,1269, ,4.1, ,79.7, ,12, ,22.5, ,2.3, ,176, ,57.4, 
240,11/12/2019,1300,316,0.02, ,0, ,1201, ,4, ,81.3, ,11, ,21.8, ,3.5, ,178, ,57.4, 
240,11/12/2019,1400,316,0.02, ,0, ,1012, ,3.8, ,81.9, ,10, ,20.8, ,5.4, ,327, ,57.4, 
240,11/12/2019,1500,316,0.01, ,0, ,746, ,4.2, ,81.5, ,11, ,22.9, ,7, ,310, ,57.4, 
240,11/12/2019,1600,316,0.01, ,0, ,405, ,4.7, ,79.2, ,14, ,25.5, ,8.3, ,310, ,57.5, 
240,11/12/2019,1700,316,0, ,0, ,77, ,5.5, ,74.2, ,19, ,29.5, ,6.4, ,315, ,57.7, 
240,11/12/2019,1800,316,0, ,0, ,0, ,4.3, ,68.7, ,18, ,23.7, ,2.9, ,39, ,57.8, 
240,11/12/2019,1900,316,0, ,0, ,0, ,4.5, ,65.9, ,21, ,24.5, ,2.4, ,23, ,58, 
240,11/12/2019,2000,316,0, ,0, ,0, ,5.3, ,63.4, ,27, ,28.6, ,3.3, ,339, ,58.1, 
240,11/12/2019,2100,316,0, ,0, ,0, ,5.5, ,57.3, ,34, ,29.3, ,1.4, ,318, ,58.2, 
240,11/12/2019,2200,316,0, ,0, ,0, ,5.3, ,53.4, ,38, ,28.3, ,1.5, ,343, ,58.3, 
240,11/12/2019,2300,316,0, ,0, ,0, ,5.2, ,50.6, ,42, ,28.2, ,2.1, ,299, ,58.3, 
240,11/12/2019,2400,316,0, ,0, ,0, ,5.3, ,48.8, ,45, ,28.5, ,1.7, ,350, ,58.3, 
240,11/13/2019,0100,317,0, ,0, ,0, ,5.4, ,45.7, ,52, ,29, ,1.7, ,320, ,58.3, 
240,11/13/2019,0200,317,0, ,0, ,0, ,5.5, ,44.4, ,56, ,29.6, ,1.1, ,297, ,58.5, 
240,11/13/2019,0300,317,0, ,0, ,0, ,5.7, ,42.7, ,61, ,30.1, ,1.4, ,334, ,58.6, 
240,11/13/2019,0400,317,0, ,0, ,0, ,5.4, ,41, ,61, ,28.8, ,1.2, ,282, ,58.7, 
240,11/13/2019,0500,317,0, ,0, ,0, ,5.4, ,40.7, ,63, ,28.9, ,1.4, ,324, ,58.9, 
240,11/13/2019,0600,317,0, ,0, ,0, ,5.5, ,40.3, ,65, ,29.3, ,1.2, ,328, ,58.7, 
240,11/13/2019,0700,317,0, ,0, ,54, ,5.3, ,40.1, ,63, ,28.7, ,1.6, ,293, ,58.4, 
240,11/13/2019,0800,317,0, ,0, ,359, ,5.9, ,46.5, ,54, ,30.9, ,1.5, ,272, ,58.2, 
240,11/13/2019,0900,317,0.01, ,0, ,709, ,6.3, ,55.1, ,43, ,32.9, ,1.9, ,337, ,58, 
240,11/13/2019,1000,317,0.01, ,0, ,1012, ,6.1, ,64.9, ,29, ,32, ,1.7, ,55, ,57.9, 
240,11/13/2019,1100,317,0.01, ,0, ,1185, ,6, ,73.5, ,21, ,31.4, ,1.9, ,142, ,57.8, 
240,11/13/2019,1200,317,0.01, ,0, ,944, ,4.9, ,76.2, ,16, ,26.7, ,2.1, ,173, ,57.7, 
240,11/13/2019,1300,317,0.01, ,0, ,1101, ,4.6, ,78.9, ,14, ,25.2, ,2, ,135, ,57.6, 
240,11/13/2019,1400,317,0.01, ,0, ,966, ,4.8, ,79.4, ,14, ,26, ,3.5, ,16, ,57.7, 
240,11/13/2019,1500,317,0.01, ,0, ,642, ,4.8, ,77.5, ,15, ,26.2, ,6.6, ,331, ,57.7, 
240,11/13/2019,1600,317,0.01, ,0, ,358, ,5.6, ,75.7, ,18, ,29.7, ,7.3, ,331, ,57.8, 
240,11/13/2019,1700,317,0, ,0, ,60, ,7.2, ,70.3, ,28, ,36, ,6.7, ,335, ,57.9, 
240,11/13/2019,1800,317,0, ,0, ,0, ,8.7, ,65.4, ,41, ,41, ,5.8, ,349, ,58, 
240,11/13/2019,1900,317,0, ,0, ,0, ,8.9, ,60.8, ,49, ,41.5, ,2.5, ,56, ,58.2, 
240,11/13/2019,2000,317,0, ,0, ,0, ,9.4, ,58.7, ,56, ,42.9, ,1.7, ,153, ,58.3, 
240,11/13/2019,2100,317,0, ,0, ,0, ,9, ,55.9, ,59, ,41.9, ,1.4, ,236, ,58.4, 
240,11/13/2019,2200,317,0, ,0, ,0, ,8.8, ,51.7, ,67, ,41.3, ,1.2, ,275, ,58.4, 
240,11/13/2019,2300,317,0, ,0, ,0, ,8.1, ,47.8, ,71, ,39, ,1.2, ,319, ,58.4, 
240,11/13/2019,2400,317,0, ,0, ,0, ,7.7, ,45.5, ,74, ,37.6, ,1.5, ,337, ,58.4, 
240,11/14/2019,0100,318,0, ,0, ,0, ,7.7, ,44.3, ,78, ,37.8, ,1.5, ,330, ,58.4, 
240,11/14/2019,0200,318,0, ,0, ,0, ,7.6, ,43, ,81, ,37.6, ,1.3, ,294, ,58.4, 
240,11/14/2019,0300,318,0, ,0, ,0, ,7.1, ,42.1, ,78, ,35.9, ,1.6, ,333, ,58.3, 
240,11/14/2019,0400,318,0, ,0, ,0, ,7.1, ,43.4, ,74, ,35.9, ,1.2, ,342, ,58.3, 
240,11/14/2019,0500,318,0, ,0, ,0, ,7.3, ,42.5, ,79, ,36.4, ,1.3, ,310, ,58.2, 
240,11/14/2019,0600,318,0, ,0, ,0, ,7, ,41.5, ,79, ,35.5, ,1.4, ,353, ,58.1, 
240,11/14/2019,0700,318,0, ,0, ,33, ,7, ,40.8, ,81, ,35.3, ,1.7, ,346, ,58, 
240,11/14/2019,0800,318,0, ,0, ,350, ,7, ,46.6, ,65, ,35.4, ,1.7, ,5, ,57.9, 
240,11/14/2019,0900,318,0.01, ,0, ,682, ,8, ,55.4, ,53, ,38.7, ,1.7, ,208, ,57.8, 
240,11/14/2019,1000,318,0.01, ,0, ,975, ,8.1, ,62.5, ,42, ,38.9, ,1.7, ,247, ,57.7, 
240,11/14/2019,1100,318,0.01, ,0, ,1178, ,7.6, ,68.3, ,32, ,37.4, ,2.3, ,185, ,57.6, 
240,11/14/2019,1200,318,0.02, ,0, ,1283, ,6.2, ,71.9, ,23, ,32.4, ,3, ,176, ,57.6, 
240,11/14/2019,1300,318,0.01, ,0, ,1117, ,4.5, ,74.7, ,15, ,24.4, ,2.5, ,217, ,57.6, 
240,11/14/2019,1400,318,0.01, ,0, ,930, ,4.8, ,76.5, ,15, ,26, ,2.3, ,136, ,57.6, 
240,11/14/2019,1500,318,0.01, ,0, ,678, ,5.7, ,76.9, ,18, ,30.2, ,4.3, ,282, ,57.6, 
240,11/14/2019,1600,318,0.01, ,0, ,293, ,7.3, ,72.2, ,27, ,36.4, ,9.2, ,319, ,57.7, 
240,11/14/2019,1700,318,0, ,0, ,59, ,9, ,67.7, ,39, ,41.8, ,6.7, ,317, ,57.8, 
240,11/14/2019,1800,318,0, ,0, ,0, ,9.2, ,63.4, ,46, ,42.3, ,3, ,340, ,58, 
240,11/14/2019,1900,318,0, ,0, ,0, ,9.8, ,60.8, ,54, ,44.1, ,4.5, ,5, ,58.2, 
240,11/14/2019,2000,318,0, ,0, ,0, ,10.5, ,57.7, ,65, ,45.9, ,2.5, ,40, ,58.3, 
240,11/14/2019,2100,318,0, ,0, ,0, ,10.8, ,55.8, ,71, ,46.6, ,2.1, ,17, ,58.4, 
240,11/14/2019,2200,318,0, ,0, ,0, ,9.8, ,52.5, ,72, ,43.9, ,1.2, ,280, ,58.4, 
240,11/14/2019,2300,318,0, ,0, ,0, ,8.9, ,51.2, ,69, ,41.4, ,1.8, ,256, ,58.5, 
240,11/14/2019,2400,318,0, ,0, ,0, ,8.6, ,50.6, ,68, ,40.5, ,1.3, ,249, ,58.5, 
240,11/15/2019,0100,319,0, ,0, ,0, ,8.8, ,49.3, ,73, ,41.1, ,1.3, ,288, ,58.5, 
240,11/15/2019,0200,319,0, ,0, ,0, ,8.2, ,47.3, ,74, ,39.4, ,1.4, ,325, ,58.7, 
240,11/15/2019,0300,319,0, ,0, ,0, ,7.8, ,44, ,79, ,38, ,1.7, ,328, ,58.8, 
240,11/15/2019,0400,319,0, ,0, ,0, ,7.7, ,42.1, ,84, ,37.7, ,1.5, ,317, ,59, 
240,11/15/2019,0500,319,0, ,0, ,0, ,8, ,42.8, ,86, ,38.8, ,1.5, ,300, ,59.1, 
240,11/15/2019,0600,319,0, ,0, ,0, ,7.4, ,39.9, ,88, ,36.7, ,1.9, ,354, ,58.9, 
240,11/15/2019,0700,319,0, ,0, ,46, ,7.3, ,39.4, ,89, ,36.4, ,1.7, ,264, ,58.7, 
240,11/15/2019,0800,319,0, ,0, ,339, ,8.5, ,45.4, ,82, ,40.4, ,2, ,241, ,58.5, 
240,11/15/2019,0900,319,0.01, ,0, ,640, ,9.9, ,54.5, ,68, ,44.2, ,2.1, ,69, ,58.3, 
240,11/15/2019,1000,319,0.01, ,0, ,990, ,9.5, ,60.9, ,52, ,43.3, ,2.4, ,336, ,58.2, 
240,11/15/2019,1100,319,0.01, ,0, ,1241, ,8.5, ,66.9, ,38, ,40.2, ,3.3, ,346, ,58.1, 
240,11/15/2019,1200,319,0.01, ,0, ,1069, ,8.7, ,68.7, ,36, ,41, ,3.6, ,341, ,58, 
240,11/15/2019,1300,319,0.01, ,0, ,1085, ,8.1, ,71.8, ,30, ,38.9, ,2.9, ,76, ,58, 
240,11/15/2019,1400,319,0.01, ,0, ,858, ,8.2, ,72.8, ,30, ,39.5, ,2.7, ,351, ,58, 
240,11/15/2019,1500,319,0.01, ,0, ,673, ,8.2, ,73.5, ,29, ,39.3, ,3.3, ,164, ,58, 
240,11/15/2019,1600,319,0.01, ,0, ,335, ,8, ,72.4, ,29, ,38.8, ,5.1, ,158, ,58.1, 
240,11/15/2019,1700,319,0, ,0, ,44, ,9.1, ,67.2, ,40, ,42.1, ,5.3, ,233, ,58.2, 
240,11/15/2019,1800,319,0, ,0, ,0, ,9.6, ,62.3, ,50, ,43.5, ,6.5, ,354, ,58.4, 
240,11/15/2019,1900,319,0, ,0, ,0, ,10.5, ,58.6, ,62, ,45.8, ,2.7, ,333, ,58.5, 
240,11/15/2019,2000,319,0, ,0, ,0, ,10, ,56.1, ,65, ,44.5, ,2.6, ,228, ,58.6, 
240,11/15/2019,2100,319,0, ,0, ,0, ,9.2, ,52.6, ,68, ,42.5, ,2.2, ,353, ,58.7, 
240,11/15/2019,2200,319,0, ,0, ,0, ,9.2, ,50.6, ,73, ,42.4, ,1.9, ,338, ,58.8, 
240,11/15/2019,2300,319,0, ,0, ,0, ,9.1, ,48.2, ,79, ,42, ,1.5, ,279, ,58.8, 
240,11/15/2019,2400,319,0, ,0, ,0, ,8.8, ,47.2, ,80, ,41.3, ,1.7, ,335, ,58.8, 
240,11/16/2019,0100,320,0, ,0, ,0, ,8.4, ,45.4, ,81, ,40, ,2.2, ,354, ,58.8, 
240,11/16/2019,0200,320,0, ,0, ,0, ,8.2, ,43.8, ,85, ,39.5, ,1.4, ,350, ,59.2, 
240,11/16/2019,0300,320,0, ,0, ,0, ,8.5, ,43.8, ,87, ,40.3, ,1.4, ,308, ,59.3, 
240,11/16/2019,0400,320,0, ,0, ,0, ,7.5, ,40.4, ,88, ,37, ,1.8, ,330, ,59.3, 
240,11/16/2019,0500,320,0, ,0, ,0, ,7.3, ,39.5, ,89, ,36.4, ,1.7, ,300, ,59.2, 
240,11/16/2019,0600,320,0, ,0, ,0, ,7.5, ,40.1, ,89, ,37.3, ,1.7, ,32, ,58.9, 
240,11/16/2019,0700,320,0, ,0, ,26, ,6.9, ,37.9, ,89, ,35.1, ,1.7, ,336, ,58.7, 
240,11/16/2019,0800,320,0, ,0, ,339, ,8, ,43.3, ,84, ,38.7, ,1.8, ,322, ,58.5, 
240,11/16/2019,0900,320,0.01, ,0, ,677, ,9.1, ,52.5, ,68, ,42.1, ,2.6, ,346, ,58.3, 
240,11/16/2019,1000,320,0.01, ,0, ,968, ,8.6, ,62.8, ,44, ,40.6, ,1.7, ,306, ,58.2, 
240,11/16/2019,1100,320,0.01, ,0, ,1156, ,7.7, ,71.9, ,29, ,37.7, ,3.1, ,193, ,58, 
240,11/16/2019,1200,320,0.02, ,0, ,1227, ,4.6, ,79, ,14, ,25.1, ,7.7, ,348, ,58, 
240,11/16/2019,1300,320,0.02, ,0, ,1176, ,4.2, ,80.8, ,12, ,22.8, ,8.3, ,352, ,57.9, 
240,11/16/2019,1400,320,0.02, ,0, ,995, ,4.1, ,81.3, ,11, ,22.2, ,8.9, ,342, ,57.9, 
240,11/16/2019,1500,320,0.01, ,0, ,717, ,4, ,81.1, ,11, ,22, ,8.3, ,340, ,58, 
240,11/16/2019,1600,320,0.01, ,0, ,371, ,4.1, ,79.6, ,12, ,22.4, ,10.2, ,332, ,58, 
240,11/16/2019,1700,320,0.01, ,0, ,63, ,4.1, ,75.3, ,14, ,22.3, ,9.6, ,330, ,58.1, 
240,11/16/2019,1800,320,0, ,0, ,0, ,4, ,69.7, ,16, ,21.5, ,8.2, ,333, ,58.2, 
240,11/16/2019,1900,320,0, ,0, ,0, ,3.9, ,66.1, ,18, ,21.3, ,7, ,335, ,58.3, 
240,11/16/2019,2000,320,0,Y,0, ,0, ,3.9, ,65.2,Y,18,Y,21.1,Y,4, ,50, ,58.4, 
240,11/16/2019,2100,320,0, ,0, ,0, ,4.2, ,60.2, ,24, ,22.9, ,2.2, ,44, ,58.4, 
240,11/16/2019,2200,320,0, ,0, ,0, ,4.8, ,55.2, ,32, ,26.2, ,2.1, ,267, ,58.5, 
240,11/16/2019,2300,320,0, ,0, ,0, ,4.1, ,50.7, ,32, ,22.4, ,2, ,349, ,58.5, 
240,11/16/2019,2400,320,0, ,0, ,0, ,4.7, ,48.9, ,40, ,25.5, ,3, ,319, ,58.5, 
240,11/17/2019,0100,321,0, ,0, ,0, ,4.6, ,46.8, ,42, ,24.8, ,2, ,348, ,58.4, 
240,11/17/2019,0200,321,0, ,0, ,0, ,4.5, ,45.2, ,44, ,24.4, ,2, ,21, ,58.4, 
240,11/17/2019,0300,321,0, ,0, ,0, ,4.7, ,44.6, ,47, ,25.4, ,2.7, ,340, ,58.3, 
240,11/17/2019,0400,321,0, ,0, ,0, ,4.6, ,42.8, ,49, ,24.9, ,3, ,348, ,58.3, 
240,11/17/2019,0500,321,0, ,0, ,0, ,4.4, ,41, ,50, ,24, ,2.2, ,324, ,58.2, 
240,11/17/2019,0600,321,0, ,0, ,0, ,4.6, ,41.3, ,52, ,25.3, ,2.6, ,323, ,58.1, 
240,11/17/2019,0700,321,0, ,0, ,42, ,4.7, ,42.8, ,50, ,25.5, ,2.2, ,181, ,58, 
240,11/17/2019,0800,321,0, ,0, ,350, ,4.9, ,47.2, ,45, ,26.8, ,2.5, ,310, ,57.8, 
240,11/17/2019,0900,321,0.01, ,0, ,696, ,5.6, ,59.2, ,33, ,29.8, ,2.7, ,228, ,57.7, 
240,11/17/2019,1000,321,0.02, ,0, ,990, ,4.3, ,74.2, ,15, ,23.5, ,9.4, ,336, ,57.6, 
240,11/17/2019,1100,321,0.02, ,0, ,1173, ,3.7, ,79.1, ,11, ,19.7, ,9.3, ,347, ,57.5, 
240,11/17/2019,1200,321,0.02, ,0, ,1237, ,3.5, ,81.4, ,10, ,18.9, ,10.1, ,347, ,57.5, 
240,11/17/2019,1300,321,0.02, ,0, ,1173, ,3.5, ,83, ,9, ,18.6, ,5.9, ,197, ,57.4, 
240,11/17/2019,1400,321,0.02, ,0, ,1009, ,3.6, ,83, ,9, ,19.2, ,5.4, ,212, ,57.4, 
240,11/17/2019,1500,321,0.01, ,0, ,728, ,3.2, ,83.7, ,8, ,16.7, ,3.1, ,219, ,57.5, 
240,11/17/2019,1600,321,0.01, ,0, ,381, ,3.3, ,83.3, ,8, ,17.1, ,3.5, ,320, ,57.5, 
240,11/17/2019,1700,321,0, ,0, ,64, ,3.3, ,75.1, ,11, ,17.2, ,4.2, ,11, ,57.7, 
240,11/17/2019,1800,321,0, ,0, ,0, ,3.1, ,70.6, ,12, ,15.6, ,5, ,345, ,57.8, 
240,11/17/2019,1900,321,0, ,0, ,0, ,3.5, ,64.4, ,17, ,18.9, ,3.1, ,32, ,58, 
240,11/17/2019,2000,321,0, ,0, ,0, ,3.5, ,58.6, ,21, ,18.6, ,2.3, ,340, ,58.1, 
240,11/17/2019,2100,321,0, ,0, ,0, ,3.4, ,57, ,21, ,18, ,3, ,305, ,58.2, 
240,11/17/2019,2200,321,0, ,0, ,0, ,4, ,55.4, ,26, ,21.5, ,2.9, ,154, ,58.2, 
240,11/17/2019,2300,321,0, ,0, ,0, ,4.1, ,51.2, ,32, ,22.2, ,1.7, ,1, ,58.2, 
240,11/17/2019,2400,321,0, ,0, ,0, ,3.5, ,47.7, ,31, ,18.7, ,2, ,272, ,58.2, 
240,11/18/2019,0100,322,0, ,0, ,0, ,4, ,48.4, ,35, ,21.8, ,2.6, ,141, ,58.2, 
240,11/18/2019,0200,322,0, ,0, ,0, ,4, ,44.8, ,39, ,21.5, ,2.2, ,70, ,58.3, 
240,11/18/2019,0300,322,0, ,0, ,0, ,4, ,41.5, ,44, ,21.5, ,2.2, ,312, ,58.4, 
240,11/18/2019,0400,322,0, ,0, ,0, ,3.9, ,42.7, ,41, ,20.9, ,1.9, ,134, ,58.5, 
240,11/18/2019,0500,322,0, ,0, ,0, ,3.5, ,38.4, ,44, ,18.3, ,1.9, ,332, ,58.5, 
240,11/18/2019,0600,322,0, ,0, ,0, ,3.6, ,39.8, ,43, ,19.2, ,1.6, ,281, ,58.3, 
240,11/18/2019,0700,322,0, ,0, ,37, ,3.5, ,38.5, ,44, ,18.7, ,1.8, ,328, ,58, 
240,11/18/2019,0800,322,0, ,0, ,239, ,3.7, ,42.1, ,40, ,19.7, ,2.7, ,29, ,57.8, 
240,11/18/2019,0900,322,0.01, ,0, ,601, ,4.7, ,52.8, ,35, ,25.8, ,1.8, ,192, ,57.6, 
240,11/18/2019,1000,322,0.01, ,0, ,980, ,4.9, ,64.4, ,24, ,26.6, ,2, ,171, ,57.4, 
240,11/18/2019,1100,322,0.01, ,0, ,1184, ,3.6, ,75.3, ,12, ,19.4, ,1.7, ,164, ,57.3, 
240,11/18/2019,1200,322,0.02, ,0, ,1241, ,3.1, ,80.1, ,9, ,15.8, ,2.5, ,208, ,57.2, 
240,11/18/2019,1300,322,0.02, ,0, ,1196, ,3.2, ,82.7, ,8, ,16.4, ,2.9, ,235, ,57.1, 
240,11/18/2019,1400,322,0.01, ,0, ,1042, ,2.6, ,83.4, ,7, ,12.2, ,3.7, ,264, ,57.1, 
240,11/18/2019,1500,322,0.01, ,0, ,597, ,2.5, ,82.9, ,7, ,11.3, ,5.2, ,322, ,57.1, 
240,11/18/2019,1600,322,0.01, ,0, ,336, ,2.7, ,81.9, ,7, ,12.5, ,4.7, ,326, ,57.2, 
240,11/18/2019,1700,322,0, ,0, ,42, ,3, ,75.4, ,10, ,15.3, ,4.5, ,24, ,57.3, 
240,11/18/2019,1800,322,0, ,0, ,0, ,3, ,72, ,11, ,15.2, ,2.8, ,45, ,57.5, 
240,11/18/2019,1900,322,0, ,0, ,0, ,3.5, ,64.4, ,17, ,18.7, ,2.2, ,9, ,57.6, 
240,11/18/2019,2000,322,0, ,0, ,0, ,4.1, ,62.6, ,21, ,22.1, ,2.2, ,272, ,57.7, 
240,11/18/2019,2100,322,0, ,0, ,0, ,4.2, ,58.7, ,25, ,22.7, ,2.8, ,141, ,57.8, 
240,11/18/2019,2200,322,0,Y,0, ,0, ,5.1, ,62.8,Y,26,Y,27.6,Y,7.5, ,132, ,57.9, 
240,11/18/2019,2300,322,0,Y,0, ,0, ,5.9, ,59.5,Y,34,Y,31,Y,5.8, ,166, ,58, 
240,11/18/2019,2400,322,0, ,0, ,0, ,4.3, ,53.5, ,31, ,23.7, ,2.2, ,269, ,58, 
240,11/19/2019,0100,323,0, ,0, ,0, ,4.6, ,50.6, ,36, ,25, ,1.8, ,318, ,58, 
240,11/19/2019,0200,323,0, ,0, ,0, ,4.6, ,49.1, ,39, ,25, ,2.7, ,230, ,58, 
240,11/19/2019,0300,323,0, ,0, ,0, ,4.8, ,49.1, ,40, ,26.1, ,1.8, ,6, ,58, 
240,11/19/2019,0400,323,0, ,0, ,0, ,4.8, ,47.7, ,42, ,26, ,1.9, ,310, ,57.9, 
240,11/19/2019,0500,323,0, ,0, ,0, ,4.8, ,47.5, ,43, ,26.1, ,2.1, ,171, ,57.9, 
240,11/19/2019,0600,323,0, ,0, ,0, ,4.8, ,47, ,44, ,26.1, ,2.3, ,347, ,57.8, 
240,11/19/2019,0700,323,0, ,0, ,23, ,5.1, ,46.6, ,47, ,27.4, ,2.1, ,224, ,57.8, 
240,11/19/2019,0800,323,0, ,0, ,230, ,5.2, ,51.2, ,41, ,28.2, ,2, ,232, ,57.7, 
240,11/19/2019,0900,323,0, ,0, ,328, ,5.4, ,57.8, ,33, ,29.2, ,3.3, ,148, ,57.6, 
240,11/19/2019,1000,323,0.01, ,0, ,809, ,5.5, ,65.6, ,26, ,29.4, ,1.9, ,95, ,57.6, 
240,11/19/2019,1100,323,0.01, ,0, ,750, ,6.8, ,72.2, ,25, ,34.5, ,4.7, ,184, ,57.5, 
240,11/19/2019,1200,323,0.02, ,0, ,1143, ,9.6, ,76, ,31, ,43.4, ,7.9, ,184, ,57.5, 
240,11/19/2019,1300,323,0.01, ,0, ,631, ,10.2, ,74.3, ,35, ,45.2, ,13.9, ,184, ,57.5, 
240,11/19/2019,1400,323,0.02, ,0, ,777, ,9.1, ,70.5, ,36, ,42.1, ,17.5, ,183, ,57.5, 
240,11/19/2019,1500,323,0.01, ,0, ,331, ,12.1, ,66, ,56, ,49.7, ,15.2, ,180, ,57.6, 
240,11/19/2019,1600,323,0, ,0, ,149, ,13.2, ,64.6, ,63, ,52, ,12.2, ,187, ,57.7, 
240,11/19/2019,1700,323,0, ,0, ,37, ,13.8, ,62.7, ,71, ,53.1, ,10.5, ,184, ,57.8, 
240,11/19/2019,1800,323,0, ,0, ,0, ,14.6, ,60.8, ,80, ,54.7, ,9, ,175, ,58, 
240,11/19/2019,1900,323,0, ,0.04, ,0, ,15.2, ,59.1, ,89, ,55.8, ,6.7, ,199, ,58.1, 
240,11/19/2019,2000,323,0, ,0.14, ,0, ,15.7, ,58.1, ,95, ,56.7, ,5.5, ,208, ,58.2, 
240,11/19/2019,2100,323,0, ,0.02, ,0, ,15.9, ,58.4, ,95, ,57.1, ,4.2, ,197, ,58.3, 
240,11/19/2019,2200,323,0, ,0, ,0, ,14.8, ,57.9, ,91, ,55.1, ,9.1, ,156, ,58.3, 
240,11/19/2019,2300,323,0, ,0, ,0, ,13, ,56.1, ,84, ,51.4, ,10.4, ,172, ,58.4, 
240,11/19/2019,2400,323,0, ,0, ,0, ,12.5, ,54.5, ,86, ,50.5, ,8.3, ,167, ,58.5, 
240,11/20/2019,0100,324,0, ,0, ,0, ,13, ,53.9, ,91, ,51.4, ,7.4, ,142, ,58.6, 
240,11/20/2019,0200,324,0, ,0, ,0, ,12.7, ,53.8, ,90, ,50.8, ,9.5, ,176, ,58.9, 
240,11/20/2019,0300,324,0, ,0, ,0, ,11.8, ,52.5, ,87, ,48.8, ,10.3, ,170, ,59.2, 
240,11/20/2019,0400,324,0, ,0, ,0, ,11.3, ,51.5, ,87, ,47.7, ,12.1, ,175, ,59.3, 
240,11/20/2019,0500,324,0, ,0, ,0, ,10.9, ,50.7, ,87, ,46.9, ,10.6, ,167, ,59.3, 
240,11/20/2019,0600,324,0, ,0, ,0, ,10.5, ,49.8, ,87, ,45.9, ,8.8, ,179, ,59.2, 
240,11/20/2019,0700,324,0, ,0, ,12, ,10, ,49.4, ,83, ,44.5, ,9, ,172, ,59.1, 
240,11/20/2019,0800,324,0, ,0, ,239, ,9.5, ,49.7, ,78, ,43.2, ,7.4, ,184, ,58.9, 
240,11/20/2019,0900,324,0, ,0, ,487, ,9.5, ,50.8, ,75, ,43.2, ,8, ,201, ,58.8, 
240,11/20/2019,1000,324,0.01, ,0, ,923, ,8.2, ,52.2, ,61, ,39.4, ,6.8, ,212, ,58.7, 
240,11/20/2019,1100,324,0.01, ,0.03, ,556, ,8.4, ,49.8, ,69, ,40.2, ,9.5, ,230, ,58.6, 
240,11/20/2019,1200,324,0, ,0.03, ,211, ,9, ,48.6, ,77, ,41.7, ,9, ,242, ,58.6, 
240,11/20/2019,1300,324,0,Y,0.11, ,320, ,8.7, ,45.6,Y,84,Y,41,Y,7.6, ,196, ,58.5, 
240,11/20/2019,1400,324,0,Y,0, ,457, ,9.3, ,46.9,Y,85,Y,42.5,Y,10.9, ,135, ,58.5, 
240,11/20/2019,1500,324,0,Y,0.01, ,176, ,9.3, ,46.4,Y,86,Y,42.6,Y,10.1, ,136, ,58.4, 
240,11/20/2019,1600,324,0,Y,0, ,171, ,9.3, ,46.4,Y,87,Y,42.6,Y,7.8, ,127, ,58.3, 
240,11/20/2019,1700,324,0,Y,0, ,9, ,8.7, ,46.1,Y,82,Y,41,Y,4.6, ,104, ,58.3, 
240,11/20/2019,1800,324,0, ,0.02, ,0, ,8.5, ,45.4, ,82, ,40.2, ,2.5, ,70, ,58.2, 
240,11/20/2019,1900,324,0, ,0, ,0, ,8.8, ,45, ,86, ,41.2, ,2.2, ,37, ,58.2, 
240,11/20/2019,2000,324,0, ,0, ,0, ,9.2, ,45.7, ,88, ,42.4, ,2.2, ,77, ,58.2, 
240,11/20/2019,2100,324,0, ,0, ,0, ,9.7, ,46.3, ,91, ,43.8, ,3.6, ,149, ,58.1, 
240,11/20/2019,2200,324,0, ,0, ,0, ,10.1, ,47, ,92, ,44.7, ,4.9, ,144, ,58, 
240,11/20/2019,2300,324,0, ,0, ,0, ,10.2, ,47.2, ,92, ,45.1, ,4.7, ,131, ,58, 
240,11/20/2019,2400,324,0, ,0, ,0, ,10.2, ,47.3, ,92, ,45.1, ,3.8, ,124, ,58, 
240,11/21/2019,0100,325,0, ,0, ,0, ,10.3, ,47.2, ,93, ,45.2, ,3.8, ,127, ,57.9, 
240,11/21/2019,0200,325,0, ,0, ,0, ,10.2, ,47, ,93, ,45.1, ,2.8, ,66, ,57.8, 
240,11/21/2019,0300,325,0, ,0, ,0, ,10.2, ,47, ,93, ,45, ,3.1, ,187, ,57.8, 
240,11/21/2019,0400,325,0, ,0, ,0, ,10.3, ,46.6, ,95, ,45.3, ,2.3, ,62, ,57.8, 
240,11/21/2019,0500,325,0, ,0, ,0, ,10.2, ,47.1, ,93, ,45.1, ,2, ,42, ,57.7, 
240,11/21/2019,0600,325,0, ,0, ,0, ,10.1, ,46.8, ,93, ,44.9, ,2.6, ,195, ,57.7, 
240,11/21/2019,0700,325,0, ,0, ,16, ,10.3, ,46.8, ,95, ,45.3, ,3.2, ,150, ,57.6, 
240,11/21/2019,0800,325,0, ,0, ,178, ,10.4, ,47.6, ,93, ,45.7, ,2.1, ,188, ,57.6, 
240,11/21/2019,0900,325,0, ,0, ,291, ,10.3, ,49.4, ,86, ,45.4, ,3, ,163, ,57.6, 
240,11/21/2019,1000,325,0, ,0, ,548, ,10.5, ,51.1, ,82, ,45.8, ,4.8, ,178, ,57.5, 
240,11/21/2019,1100,325,0.01, ,0, ,643, ,10.6, ,52.7, ,78, ,46.1, ,4.5, ,175, ,57.5, 
240,11/21/2019,1200,325,0.01, ,0, ,798, ,10.4, ,54.2, ,73, ,45.6, ,5.1, ,185, ,57.5, 
240,11/21/2019,1300,325,0, ,0, ,385, ,9.9, ,54.6, ,68, ,44.2, ,5, ,192, ,57.5, 
240,11/21/2019,1400,325,0.01, ,0, ,620, ,9.8, ,55.9, ,65, ,44.1, ,4, ,192, ,57.5, 
240,11/21/2019,1500,325,0, ,0, ,313, ,9.6, ,55.9, ,63, ,43.6, ,4.7, ,184, ,57.6, 
240,11/21/2019,1600,325,0, ,0, ,147, ,9.8, ,55.5, ,65, ,43.9, ,4.7, ,192, ,57.6, 
240,11/21/2019,1700,325,0, ,0, ,47, ,10.2, ,53.7, ,72, ,45, ,5.5, ,193, ,57.7, 
240,11/21/2019,1800,325,0, ,0, ,0, ,9.6, ,52, ,72, ,43.4, ,5.2, ,173, ,57.7, 
240,11/21/2019,1900,325,0, ,0, ,0, ,9.9, ,50.9, ,78, ,44.2, ,4.7, ,149, ,57.8, 
240,11/21/2019,2000,325,0, ,0, ,0, ,10.2, ,49.8, ,83, ,45, ,6.3, ,137, ,57.8, 
240,11/21/2019,2100,325,0, ,0, ,0, ,10.5, ,48.9, ,89, ,45.9, ,4.5, ,147, ,57.8, 
240,11/21/2019,2200,325,0, ,0, ,0, ,9.9, ,46.2, ,93, ,44.2, ,2, ,231, ,57.8, 
240,11/21/2019,2300,325,0, ,0, ,0, ,9.1, ,43.1, ,96, ,42, ,1.4, ,273, ,57.8, 
240,11/21/2019,2400,325,0, ,0, ,0, ,8.8, ,41.8, ,97, ,41.1, ,1.4, ,317, ,57.8, 
240,11/22/2019,0100,326,0, ,0, ,0, ,9.3, ,43.3, ,98, ,42.7, ,2.5, ,360, ,57.8, 
240,11/22/2019,0200,326,0, ,0, ,0, ,9.6, ,44.1, ,98, ,43.4, ,2, ,267, ,58, 
240,11/22/2019,0300,326,0, ,0, ,0, ,8.9, ,42.1, ,98, ,41.5, ,2.1, ,249, ,58, 
240,11/22/2019,0400,326,0, ,0, ,0, ,8.4, ,40.6, ,98, ,40.1, ,1.9, ,338, ,58.2, 
240,11/22/2019,0500,326,0, ,0, ,0, ,8.5, ,40.5, ,99, ,40.2, ,2.3, ,334, ,58.1, 
240,11/22/2019,0600,326,0, ,0, ,0, ,7.9, ,38.8, ,99, ,38.6, ,1.7, ,321, ,58, 
240,11/22/2019,0700,326,0, ,0, ,14, ,7.6, ,37.6, ,99, ,37.4, ,1.6, ,298, ,57.8, 
240,11/22/2019,0800,326,0, ,0, ,264, ,8.3, ,40, ,99, ,39.8, ,2, ,288, ,57.6, 
240,11/22/2019,0900,326,0, ,0, ,617, ,9.9, ,44.8, ,98, ,44.3, ,2.1, ,300, ,57.5, 
240,11/22/2019,1000,326,0.01, ,0, ,921, ,10.6, ,51.1, ,83, ,46, ,2.3, ,337, ,57.3, 
240,11/22/2019,1100,326,0.01, ,0, ,1127, ,10.3, ,56.2, ,67, ,45.3, ,2.6, ,298, ,57.2, 
240,11/22/2019,1200,326,0.01, ,0, ,1084, ,8.8, ,60.2, ,49, ,41.2, ,3.2, ,251, ,57.1, 
240,11/22/2019,1300,326,0.01, ,0, ,1133, ,7.9, ,62, ,42, ,38.5, ,3, ,282, ,57, 
240,11/22/2019,1400,326,0.01, ,0, ,959, ,7.7, ,62.6, ,40, ,37.9, ,3.2, ,9, ,57, 
240,11/22/2019,1500,326,0.01, ,0, ,676, ,7.6, ,62.8, ,39, ,37.5, ,3.4, ,299, ,57, 
240,11/22/2019,1600,326,0, ,0, ,342, ,7.4, ,62.5, ,38, ,36.6, ,3.5, ,299, ,57.1, 
240,11/22/2019,1700,326,0, ,0, ,47, ,7.6, ,60.2, ,43, ,37.6, ,2.9, ,335, ,57.2, 
240,11/22/2019,1800,326,0, ,0, ,0, ,8.3, ,54.5, ,57, ,39.6, ,5, ,20, ,57.3, 
240,11/22/2019,1900,326,0, ,0, ,0, ,8.1, ,54.2, ,56, ,39, ,2.9, ,298, ,57.4, 
240,11/22/2019,2000,326,0, ,0, ,0, ,8.2, ,52.6, ,61, ,39.5, ,3.2, ,257, ,57.5, 
240,11/22/2019,2100,326,0, ,0, ,0, ,8.2, ,52.8, ,61, ,39.5, ,3.1, ,189, ,57.6, 
240,11/22/2019,2200,326,0, ,0, ,0, ,8.5, ,49.9, ,69, ,40.2, ,2.7, ,240, ,57.6, 
240,11/22/2019,2300,326,0, ,0, ,0, ,8.2, ,45.2, ,80, ,39.5, ,2.7, ,263, ,57.6, 
240,11/22/2019,2400,326,0, ,0, ,0, ,8.2, ,45.5, ,79, ,39.4, ,2.1, ,263, ,57.6, 
240,11/23/2019,0100,327,0, ,0, ,0, ,8.1, ,43.9, ,83, ,39.2, ,2.2, ,272, ,57.6, 
240,11/23/2019,0200,327,0, ,0, ,0, ,8, ,41.9, ,89, ,38.7, ,1.9, ,329, ,57.7, 
240,11/23/2019,0300,327,0, ,0, ,0, ,8, ,41.5, ,90, ,38.7, ,1.3, ,28, ,57.8, 
240,11/23/2019,0400,327,0, ,0, ,0, ,7.9, ,40.5, ,92, ,38.5, ,2, ,57, ,57.9, 
240,11/23/2019,0500,327,0, ,0, ,0, ,7.4, ,38.3, ,94, ,36.7, ,1.8, ,295, ,57.9, 
240,11/23/2019,0600,327,0, ,0, ,0, ,7.5, ,38.2, ,96, ,37.2, ,1.5, ,341, ,57.7, 
240,11/23/2019,0700,327,0, ,0, ,37, ,7.4, ,37.8, ,97, ,36.9, ,2.2, ,12, ,57.6, 
240,11/23/2019,0800,327,0, ,0, ,309, ,8, ,40.3, ,95, ,38.8, ,2.6, ,256, ,57.4, 
240,11/23/2019,0900,327,0, ,0, ,637, ,8.7, ,48.7, ,75, ,41, ,2.7, ,146, ,57.2, 
240,11/23/2019,1000,327,0.01, ,0, ,936, ,8, ,55.5, ,53, ,38.9, ,2.3, ,193, ,57.1, 
240,11/23/2019,1100,327,0.01, ,0, ,1129, ,7.9, ,60.4, ,44, ,38.5, ,2.1, ,175, ,56.9, 
240,11/23/2019,1200,327,0.01, ,0, ,1212, ,7.1, ,62.6, ,37, ,35.8, ,3.3, ,209, ,56.8, 
240,11/23/2019,1300,327,0.01, ,0, ,1146, ,6.8, ,64.4, ,33, ,34.5, ,4.2, ,210, ,56.8, 
240,11/23/2019,1400,327,0.01, ,0, ,976, ,5.9, ,66.4, ,27, ,31.1, ,2.9, ,213, ,56.8, 
240,11/23/2019,1500,327,0.01, ,0, ,703, ,5.4, ,67.2, ,24, ,29, ,6.1, ,26, ,56.8, 
240,11/23/2019,1600,327,0.01, ,0, ,364, ,5.5, ,65.4, ,26, ,29.6, ,10.1, ,20, ,56.8, 
240,11/23/2019,1700,327,0, ,0, ,53, ,6, ,60.3, ,34, ,31.6, ,8.6, ,17, ,56.9, 
240,11/23/2019,1800,327,0, ,0, ,0, ,5.9, ,56.6, ,38, ,31, ,4.6, ,37, ,57, 
240,11/23/2019,1900,327,0, ,0, ,0, ,5.9, ,54.7, ,41, ,31.2, ,3.5, ,89, ,57.1, 
240,11/23/2019,2000,327,0, ,0, ,0, ,6.5, ,52.3, ,49, ,33.7, ,2.5, ,191, ,57.2, 
240,11/23/2019,2100,327,0, ,0, ,0, ,6.6, ,49.7, ,54, ,33.9, ,3.1, ,182, ,57.2, 
240,11/23/2019,2200,327,0, ,0, ,0, ,6.7, ,45.1, ,66, ,34.4, ,1.9, ,325, ,57.3, 
240,11/23/2019,2300,327,0, ,0, ,0, ,6.7, ,43.4, ,70, ,34.3, ,1.5, ,311, ,57.3, 
240,11/23/2019,2400,327,0, ,0, ,0, ,6.6, ,43.4, ,69, ,33.9, ,2.2, ,24, ,57.2, 
240,11/24/2019,0100,328,0, ,0, ,0, ,6.8, ,43.9, ,70, ,34.6, ,2.6, ,147, ,57.2, 
240,11/24/2019,0200,328,0, ,0, ,0, ,6.9, ,41.8, ,76, ,34.9, ,2, ,185, ,57.1, 
240,11/24/2019,0300,328,0, ,0, ,0, ,6.9, ,39.9, ,82, ,35, ,2, ,239, ,57, 
240,11/24/2019,0400,328,0, ,0, ,0, ,6.7, ,38.8, ,83, ,34.2, ,1.4, ,297, ,57, 
240,11/24/2019,0500,328,0, ,0, ,0, ,6.6, ,38.6, ,82, ,33.7, ,2.3, ,126, ,56.9, 
240,11/24/2019,0600,328,0, ,0, ,0, ,6.6, ,37.5, ,87, ,34, ,1.8, ,202, ,56.8, 
240,11/24/2019,0700,328,0, ,0, ,17, ,6.3, ,35.9, ,88, ,32.6, ,1.7, ,350, ,56.7, 
240,11/24/2019,0800,328,0, ,0, ,336, ,6.7, ,38.2, ,86, ,34.3, ,1.9, ,312, ,56.6, 
240,11/24/2019,0900,328,0.01, ,0, ,678, ,7.2, ,47.9, ,64, ,36.2, ,2.6, ,22, ,56.5, 
240,11/24/2019,1000,328,0.01, ,0, ,952, ,6.1, ,55.7, ,40, ,31.9, ,2.5, ,332, ,56.4, 
240,11/24/2019,1100,328,0.01, ,0, ,1147, ,5.6, ,61.1, ,30, ,29.6, ,2.9, ,263, ,56.3, 
240,11/24/2019,1200,328,0.01, ,0, ,1218, ,5.2, ,65.8, ,24, ,27.9, ,3.8, ,307, ,56.2, 
240,11/24/2019,1300,328,0.02, ,0, ,1160, ,4.6, ,67.8, ,20, ,25.3, ,6.9, ,328, ,56.1, 
240,11/24/2019,1400,328,0.01, ,0, ,987, ,4.1, ,68.7, ,17, ,22.1, ,7.5, ,329, ,56, 
240,11/24/2019,1500,328,0.01, ,0, ,710, ,3.9, ,69.1, ,16, ,21.4, ,6.4, ,320, ,56.1, 
240,11/24/2019,1600,328,0.01, ,0, ,365, ,4.3, ,68.1, ,18, ,23.4, ,6, ,318, ,56.1, 
240,11/24/2019,1700,328,0, ,0, ,53, ,5.1, ,62.3, ,26, ,27.3, ,4.7, ,325, ,56.1, 
240,11/24/2019,1800,328,0, ,0, ,0, ,4.9, ,58.3, ,29, ,26.6, ,4.4, ,355, ,56.2, 
240,11/24/2019,1900,328,0, ,0, ,0, ,4.9, ,56.5, ,31, ,26.4, ,5.9, ,337, ,56.3, 
240,11/24/2019,2000,328,0, ,0, ,0, ,5.5, ,53.5, ,39, ,29.4, ,1.9, ,337, ,56.4, 
240,11/24/2019,2100,328,0, ,0, ,0, ,5.8, ,49.7, ,47, ,30.6, ,2, ,345, ,56.4, 
240,11/24/2019,2200,328,0, ,0, ,0, ,6.2, ,48.9, ,53, ,32.4, ,2.1, ,83, ,56.4, 
240,11/24/2019,2300,328,0, ,0, ,0, ,6.5, ,46.6, ,60, ,33.4, ,1.9, ,131, ,56.4, 
240,11/24/2019,2400,328,0, ,0, ,0, ,6.2, ,41.8, ,69, ,32.5, ,1.7, ,341, ,56.4, 
240,11/25/2019,0100,329,0, ,0, ,0, ,6.2, ,40.5, ,73, ,32.5, ,1.9, ,213, ,56.4, 
240,11/25/2019,0200,329,0, ,0, ,0, ,6.1, ,39.1, ,75, ,31.8, ,2.9, ,2, ,56.5, 
240,11/25/2019,0300,329,0, ,0, ,0, ,5.7, ,37.9, ,74, ,30.4, ,2.1, ,300, ,56.8, 
240,11/25/2019,0400,329,0, ,0, ,0, ,5.7, ,35.5, ,81, ,30.3, ,2.3, ,339, ,57, 
240,11/25/2019,0500,329,0, ,0, ,0, ,5.6, ,33.8, ,85, ,29.8, ,2.5, ,286, ,57, 
240,11/25/2019,0600,329,0, ,0, ,0, ,5.9, ,37.8, ,77, ,31.2, ,4, ,162, ,56.7, 
240,11/25/2019,0700,329,0, ,0, ,16, ,5.8, ,36, ,80, ,30.6, ,2.2, ,113, ,56.5, 
240,11/25/2019,0800,329,0, ,0, ,291, ,5.7, ,35.9, ,80, ,30.3, ,2.8, ,292, ,56.2, 
240,11/25/2019,0900,329,0, ,0, ,635, ,6.6, ,45.3, ,64, ,33.8, ,2.3, ,169, ,56, 
240,11/25/2019,1000,329,0.01, ,0, ,920, ,7.2, ,53.8, ,51, ,36, ,3.5, ,140, ,55.9, 
240,11/25/2019,1100,329,0.01, ,0, ,1112, ,7.9, ,59.1, ,46, ,38.4, ,3, ,139, ,55.7, 
240,11/25/2019,1200,329,0.01, ,0, ,1187, ,7.1, ,61.8, ,38, ,35.8, ,5.1, ,147, ,55.6, 
240,11/25/2019,1300,329,0.01, ,0, ,1130, ,7.8, ,63.3, ,39, ,38, ,6.9, ,166, ,55.5, 
240,11/25/2019,1400,329,0.01, ,0, ,956, ,7.3, ,64.2, ,36, ,36.6, ,9.8, ,159, ,55.5, 
240,11/25/2019,1500,329,0.01, ,0, ,676, ,7.7, ,63.3, ,39, ,37.7, ,11.9, ,182, ,55.5, 
240,11/25/2019,1600,329,0.01, ,0, ,338, ,8.9, ,59.2, ,52, ,41.4, ,12, ,175, ,55.5, 
240,11/25/2019,1700,329,0, ,0, ,48, ,10.6, ,55.7, ,70, ,46.1, ,8.9, ,178, ,55.6, 
240,11/25/2019,1800,329,0, ,0, ,0, ,10.9, ,53.6, ,78, ,46.9, ,7.1, ,159, ,55.7, 
240,11/25/2019,1900,329,0, ,0, ,0, ,11, ,52.2, ,83, ,47.2, ,5.1, ,163, ,55.8, 
240,11/25/2019,2000,329,0, ,0, ,0, ,10.6, ,51.2, ,82, ,46, ,4.3, ,140, ,55.9, 
240,11/25/2019,2100,329,0, ,0, ,0, ,9.2, ,47.9, ,81, ,42.4, ,4.9, ,220, ,56, 
240,11/25/2019,2200,329,0, ,0, ,0, ,5.2, ,47.8, ,46, ,28.1, ,6, ,294, ,56, 
240,11/25/2019,2300,329,0, ,0, ,0, ,3.7, ,48.7, ,32, ,20, ,7.2, ,334, ,56, 
240,11/25/2019,2400,329,0, ,0, ,0, ,3.4, ,49.1, ,29, ,17.8, ,11.5, ,336, ,56, 
240,11/26/2019,0100,330,0, ,0, ,0, ,3.8, ,47.4, ,34, ,20.3, ,9.4, ,337, ,56, 
240,11/26/2019,0200,330,0, ,0, ,0, ,4, ,47.4, ,36, ,21.9, ,9.6, ,346, ,56, 
240,11/26/2019,0300,330,0, ,0, ,0, ,4.4, ,46.5, ,40, ,23.8, ,4.8, ,15, ,55.9, 
240,11/26/2019,0400,330,0, ,0, ,0, ,3.6, ,45.6, ,35, ,19.3, ,6.5, ,345, ,55.9, 
240,11/26/2019,0500,330,0, ,0, ,0, ,3.5, ,45.2, ,34, ,18.7, ,5.3, ,360, ,55.8, 
240,11/26/2019,0600,330,0, ,0, ,0, ,3.7, ,42.4, ,41, ,20.2, ,8.7, ,354, ,55.7, 
240,11/26/2019,0700,330,0, ,0, ,22, ,5.3, ,37.7, ,69, ,28.6, ,2.5, ,53, ,55.5, 
240,11/26/2019,0800,330,0, ,0, ,284, ,5.3, ,42.5, ,57, ,28.5, ,2.2, ,60, ,55.4, 
240,11/26/2019,0900,330,0, ,0, ,620, ,4.9, ,47.6, ,43, ,26.4, ,3, ,165, ,55.3, 
240,11/26/2019,1000,330,0.01, ,0, ,914, ,4.4, ,51.3, ,34, ,23.8, ,2.9, ,336, ,55.2, 
240,11/26/2019,1100,330,0.01, ,0, ,1110, ,4.6, ,54.6, ,32, ,25.3, ,2.7, ,269, ,55.1, 
240,11/26/2019,1200,330,0.01, ,0, ,1190, ,4.1, ,56.7, ,26, ,22.1, ,3, ,248, ,55, 
240,11/26/2019,1300,330,0.01, ,0, ,1042, ,3.6, ,58.5, ,21, ,19.1, ,3.2, ,330, ,54.9, 
240,11/26/2019,1400,330,0.01, ,0.01, ,894, ,3.4, ,59, ,20, ,17.7, ,3.6, ,330, ,54.9, 
240,11/26/2019,1500,330,0.01, ,0, ,591, ,2.9, ,59.5, ,17, ,14.5, ,2.6, ,15, ,54.9, 
240,11/26/2019,1600,330,0, ,0, ,299, ,2.9, ,58.7, ,17, ,14.6, ,3.9, ,22, ,54.9, 
240,11/26/2019,1700,330,0, ,0, ,33, ,3, ,55.1, ,20, ,14.7, ,4.7, ,27, ,55, 
240,11/26/2019,1800,330,0, ,0, ,0, ,3.2, ,51.2, ,25, ,16.5, ,3.8, ,38, ,55.1, 
240,11/26/2019,1900,330,0, ,0, ,0, ,3.6, ,49.4, ,30, ,19.3, ,2, ,54, ,55.1, 
240,11/26/2019,2000,330,0, ,0, ,0, ,4.3, ,46.7, ,39, ,23.3, ,2.5, ,203, ,55.2, 
240,11/26/2019,2100,330,0, ,0, ,0, ,4.4, ,49.8, ,36, ,24.1, ,4.7, ,138, ,55.3, 
240,11/26/2019,2200,330,0, ,0, ,0, ,4.6, ,47.1, ,42, ,24.9, ,2, ,50, ,55.3, 
240,11/26/2019,2300,330,0, ,0, ,0, ,4.4, ,44.4, ,44, ,23.9, ,2.8, ,33, ,55.3, 
240,11/26/2019,2400,330,0, ,0, ,0, ,4.4, ,42.2, ,48, ,23.9, ,1.9, ,356, ,55.3, 
240,11/27/2019,0100,331,0, ,0, ,0, ,4.6, ,42.1, ,50, ,24.9, ,2.1, ,12, ,55.2, 
240,11/27/2019,0200,331,0, ,0, ,0, ,5, ,41, ,57, ,26.9, ,1.7, ,227, ,55.2, 
240,11/27/2019,0300,331,0, ,0, ,0, ,5.2, ,39.8, ,63, ,28.2, ,2, ,276, ,55.1, 
240,11/27/2019,0400,331,0, ,0, ,0, ,5.4, ,41, ,61, ,28.7, ,3.2, ,133, ,55.1, 
240,11/27/2019,0500,331,0, ,0, ,0, ,5.8, ,45.9, ,55, ,30.5, ,7.3, ,147, ,55, 
240,11/27/2019,0600,331,0, ,0, ,0, ,5.5, ,46.7, ,51, ,29.4, ,6.2, ,115, ,55, 
240,11/27/2019,0700,331,0, ,0, ,6, ,5.7, ,46.2, ,54, ,30.4, ,3.4, ,89, ,54.9, 
240,11/27/2019,0800,331,0, ,0, ,171, ,7.4, ,48.2, ,64, ,36.7, ,7.9, ,150, ,54.8, 
240,11/27/2019,0900,331,0, ,0, ,247, ,8.9, ,50.2, ,72, ,41.5, ,10.9, ,174, ,54.8, 
240,11/27/2019,1000,331,0, ,0, ,320, ,9.2, ,51.3, ,72, ,42.4, ,13.7, ,182, ,54.7, 
240,11/27/2019,1100,331,0.01, ,0, ,785, ,9.1, ,53.1, ,66, ,42.2, ,14.6, ,189, ,54.7, 
240,11/27/2019,1200,331,0, ,0, ,272, ,8.2, ,52.1, ,62, ,39.4, ,16.4, ,204, ,54.7, 
240,11/27/2019,1300,331,0, ,0.07, ,256, ,9.4, ,48.3, ,82, ,43, ,10.5, ,206, ,54.7, 
240,11/27/2019,1400,331,0,Y,0.11, ,179, ,9.8, ,46.3,Y,92,Y,44.1,Y,7, ,311, ,54.7, 
240,11/27/2019,1500,331,0,Y,0.06, ,120, ,9.1, ,44.6,Y,91,Y,42.1,Y,8.4, ,328, ,54.6, 
240,11/27/2019,1600,331,0,Y,0.04, ,59, ,8.8, ,43.7,Y,91,Y,41.3,Y,4.5, ,46, ,54.7, 
240,11/27/2019,1700,331,0,Y,0, ,47, ,9, ,44.5,Y,90,Y,41.9,Y,4.4, ,136, ,54.7, 
240,11/27/2019,1800,331,0, ,0, ,0, ,9, ,44, ,91, ,41.7, ,4.5, ,114, ,54.8, 
240,11/27/2019,1900,331,0, ,0, ,0, ,8.7, ,42.8, ,93, ,41, ,4.3, ,112, ,54.8, 
240,11/27/2019,2000,331,0, ,0, ,0, ,8.5, ,41.8, ,95, ,40.4, ,4.4, ,126, ,54.8, 
240,11/27/2019,2100,331,0, ,0, ,0, ,8.1, ,40.2, ,95, ,39, ,2, ,18, ,54.7, 
240,11/27/2019,2200,331,0, ,0, ,0, ,7.9, ,39.2, ,97, ,38.4, ,3, ,83, ,54.7, 
240,11/27/2019,2300,331,0, ,0, ,0, ,7.5, ,37.7, ,97, ,37, ,2.5, ,329, ,54.7, 
240,11/27/2019,2400,331,0, ,0, ,0, ,6.9, ,35.6, ,98, ,35.1, ,2.1, ,300, ,54.6, 
240,11/28/2019,0100,332,0, ,0, ,0, ,7.4, ,37.1, ,99, ,36.8, ,2.1, ,354, ,54.6, 
240,11/28/2019,0200,332,0, ,0, ,0, ,7.5, ,37.3, ,99, ,37.1, ,2.2, ,6, ,54.5, 
240,11/28/2019,0300,332,0, ,0.02, ,0, ,7.9, ,38.7, ,99, ,38.6, ,2.5, ,324, ,54.4, 
240,11/28/2019,0400,332,0, ,0.01, ,0, ,8.1, ,39.3, ,99, ,39.2, ,2.8, ,15, ,54.4, 
240,11/28/2019,0500,332,0, ,0, ,0, ,8.2, ,39.6, ,99, ,39.4, ,3, ,16, ,54.3, 
240,11/28/2019,0600,332,0, ,0, ,0, ,8.4, ,40.3, ,99, ,40, ,3.1, ,179, ,54.3, 
240,11/28/2019,0700,332,0, ,0.03, ,11, ,8.5, ,42.3, ,93, ,40.4, ,6.1, ,142, ,54.2, 
240,11/28/2019,0800,332,0, ,0.02, ,92, ,8.7, ,44.2, ,88, ,40.8, ,5, ,153, ,54.2, 
240,11/28/2019,0900,332,0, ,0.06, ,73, ,8.9, ,45.6, ,85, ,41.5, ,8.5, ,156, ,54.1, 
240,11/28/2019,1000,332,0, ,0.24, ,15, ,9.3, ,44.5, ,93, ,42.5, ,7.8, ,228, ,54.1, 
240,11/28/2019,1100,332,0,Y,0.26, ,25, ,9.1, ,43.1,Y,97,Y,42.2,Y,5, ,313, ,54, 
240,11/28/2019,1200,332,0,Y,0.21, ,37, ,8.6, ,41.7,Y,96,Y,40.7,Y,6.2, ,20, ,53.9, 
240,11/28/2019,1300,332,0,Y,0.15, ,61, ,7.7, ,39.5,Y,94,Y,37.9,Y,5.9, ,60, ,53.9, 
240,11/28/2019,1400,332,0,Y,0.15, ,38, ,7.4, ,38.3,Y,94,Y,36.6,Y,5.1, ,95, ,53.7, 
240,11/28/2019,1500,332,0,Y,0.07, ,61, ,7.3, ,38.5,Y,92,Y,36.5,Y,7.5, ,123, ,53.6, 
240,11/28/2019,1600,332,0,Y,0.01, ,52, ,7.5, ,39.3,Y,92,Y,37,Y,5.8, ,130, ,53.5, 
240,11/28/2019,1700,332,0,Y,0, ,37, ,7.5, ,39.8,Y,90,Y,37.2,Y,5.3, ,131, ,53.4, 
240,11/28/2019,1800,332,0,Y,0.01, ,0, ,7.5, ,39.2,Y,92,Y,37.1,Y,3.6, ,239, ,53.2, 
240,11/28/2019,1900,332,0,Y,0.11, ,0, ,7.6, ,38.6,Y,96,Y,37.5,Y,3.9, ,262, ,53.2, 
240,11/28/2019,2000,332,0, ,0.11, ,0, ,7.7, ,38.6, ,97, ,37.9, ,4.2, ,321, ,53.1, 
240,11/28/2019,2100,332,0, ,0.17, ,0, ,8, ,39.4, ,98, ,38.9, ,2.9, ,24, ,53, 
240,11/28/2019,2200,332,0, ,0.03, ,0, ,7.9, ,38.9, ,98, ,38.4, ,3, ,7, ,52.9, 
240,11/28/2019,2300,332,0, ,0.01, ,0, ,8, ,39.8, ,97, ,38.9, ,3.4, ,96, ,52.8, 
240,11/28/2019,2400,332,0, ,0.06, ,0, ,7.9, ,40.4, ,92, ,38.4, ,4, ,117, ,52.8, 
240,11/29/2019,0100,333,0, ,0.08, ,0, ,7.9, ,40.4, ,93, ,38.5, ,5.8, ,345, ,52.7, 
240,11/29/2019,0200,333,0, ,0, ,0, ,7.9, ,39.4, ,97, ,38.6, ,2.5, ,17, ,52.6, 
240,11/29/2019,0300,333,0, ,0, ,0, ,7.9, ,39.2, ,97, ,38.5, ,1.4, ,301, ,52.6, 
240,11/29/2019,0400,333,0, ,0, ,0, ,7.9, ,39.2, ,98, ,38.6, ,2.4, ,166, ,52.5, 
240,11/29/2019,0500,333,0, ,0, ,0, ,7.9, ,38.9, ,98, ,38.3, ,3.9, ,145, ,52.5, 
240,11/29/2019,0600,333,0, ,0, ,0, ,7.7, ,38.4, ,97, ,37.7, ,3.4, ,188, ,52.4, 
240,11/29/2019,0700,333,0, ,0, ,11, ,7.5, ,38.4, ,95, ,37, ,4.4, ,158, ,52.4, 
240,11/29/2019,0800,333,0, ,0, ,129, ,7.4, ,38.6, ,93, ,36.7, ,5.6, ,138, ,52.3, 
240,11/29/2019,0900,333,0, ,0, ,274, ,7.4, ,40, ,88, ,36.6, ,5.1, ,185, ,52.3, 
240,11/29/2019,1000,333,0, ,0, ,507, ,7.1, ,42.7, ,76, ,35.7, ,4.3, ,233, ,52.2, 
240,11/29/2019,1100,333,0.01, ,0, ,1218, ,7.6, ,45.3, ,74, ,37.4, ,5.7, ,179, ,52.2, 
240,11/29/2019,1200,333,0.01, ,0, ,1057, ,7.1, ,46.8, ,65, ,35.9, ,6.9, ,240, ,52.2, 
240,11/29/2019,1300,333,0.01, ,0, ,638, ,6.6, ,47.7, ,59, ,34, ,7.6, ,255, ,52.1, 
240,11/29/2019,1400,333,0.01, ,0, ,1028, ,6.8, ,47.6, ,61, ,34.8, ,7.9, ,272, ,52.2, 
240,11/29/2019,1500,333,0.01,Y,0, ,510, ,6.9, ,47.5,Y,62,Y,35,Y,9.1, ,243, ,52.2, 
240,11/29/2019,1600,333,0,Y,0, ,252, ,6.6, ,46.9,Y,61,Y,34.1,Y,7.8, ,243, ,52.3, 
240,11/29/2019,1700,333,0,Y,0, ,28, ,7, ,45.2,Y,68,Y,35.3,Y,4.7, ,270, ,52.4, 
240,11/29/2019,1800,333,0, ,0, ,0, ,7.1, ,43, ,75, ,35.8, ,4.6, ,214, ,52.5, 
240,11/29/2019,1900,333,0, ,0, ,0, ,6.5, ,42.5, ,70, ,33.6, ,4.5, ,207, ,52.6, 
240,11/29/2019,2000,333,0, ,0, ,0, ,7, ,42.6, ,75, ,35.3, ,3.5, ,201, ,52.6, 
240,11/29/2019,2100,333,0, ,0, ,0, ,7.3, ,42.6, ,79, ,36.6, ,3.6, ,186, ,52.6, 
240,11/29/2019,2200,333,0, ,0, ,0, ,7.4, ,42.4, ,80, ,36.8, ,3.3, ,133, ,52.7, 
240,11/29/2019,2300,333,0, ,0, ,0, ,7.4, ,40.6, ,86, ,36.8, ,2.9, ,101, ,52.7, 
240,11/29/2019,2400,333,0, ,0, ,0, ,7.3, ,39, ,91, ,36.5, ,2.6, ,36, ,52.7, 
240,11/30/2019,0100,334,0, ,0, ,0, ,7.2, ,38.1, ,92, ,36.1, ,3, ,308, ,52.8, 
240,11/30/2019,0200,334,0, ,0, ,0, ,7.2, ,38, ,92, ,35.9, ,2, ,70, ,52.7, 
240,11/30/2019,0300,334,0, ,0, ,0, ,6.8, ,36, ,95, ,34.8, ,3, ,259, ,52.7, 
240,11/30/2019,0400,334,0, ,0, ,0, ,6.8, ,35.4, ,97, ,34.7, ,1.9, ,70, ,52.7, 
240,11/30/2019,0500,334,0, ,0, ,0, ,6.7, ,34.9, ,97, ,34.3, ,1.8, ,234, ,52.6, 
240,11/30/2019,0600,334,0, ,0, ,0, ,6.6, ,34.2, ,98, ,33.7, ,1.5, ,11, ,52.6, 
240,11/30/2019,0700,334,0, ,0, ,16, ,6.2, ,32.9, ,99, ,32.5, ,2.5, ,326, ,52.5, 
240,11/30/2019,0800,334,0, ,0, ,202, ,6.7, ,34.5, ,99, ,34.2, ,3, ,22, ,52.4, 
240,11/30/2019,0900,334,0, ,0, ,430, ,7.2, ,37, ,97, ,36.1, ,3.4, ,306, ,52.4, 
240,11/30/2019,1000,334,0, ,0, ,438, ,7.5, ,41.6, ,84, ,37, ,1.6, ,312, ,52.3, 
240,11/30/2019,1100,334,0.01, ,0, ,810, ,7.6, ,45.1, ,75, ,37.5, ,2.1, ,250, ,52.2, 
240,11/30/2019,1200,334,0.01, ,0, ,1101, ,7.2, ,49.6, ,60, ,36.2, ,2.3, ,311, ,52.2, 
240,11/30/2019,1300,334,0.01, ,0, ,954, ,6.6, ,51.5, ,51, ,33.8, ,3, ,306, ,52.1, 
240,11/30/2019,1400,334,0, ,0, ,526, ,6.5, ,51.1, ,50, ,33.4, ,3.3, ,287, ,52.1, 
240,11/30/2019,1500,334,0, ,0, ,295, ,6.5, ,51.3, ,51, ,33.7, ,2.9, ,292, ,52.1, 
240,11/30/2019,1600,334,0, ,0, ,107, ,6.7, ,51, ,53, ,34.3, ,4.6, ,346, ,52.2, 
240,11/30/2019,1700,334,0, ,0, ,15, ,7.1, ,49, ,60, ,35.6, ,6.5, ,15, ,52.3, 
240,11/30/2019,1800,334,0, ,0, ,0, ,6.8, ,47.6, ,61, ,34.8, ,6.5, ,22, ,52.4, 
240,11/30/2019,1900,334,0, ,0, ,0, ,6.9, ,47.2, ,62, ,34.9, ,5.6, ,31, ,52.4, 
240,11/30/2019,2000,334,0, ,0, ,0, ,7.1, ,47.1, ,64, ,35.6, ,3.4, ,32, ,52.5, 
240,11/30/2019,2100,334,0, ,0, ,0, ,7.5, ,46.5, ,69, ,37, ,2.4, ,282, ,52.6, 
240,11/30/2019,2200,334,0, ,0, ,0, ,7.4, ,46, ,70, ,36.9, ,2.9, ,254, ,52.6, 
240,11/30/2019,2300,334,0, ,0, ,0, ,7.6, ,46, ,72, ,37.4, ,2.3, ,302, ,52.7, 
240,11/30/2019,2400,334,0, ,0, ,0, ,7.7, ,45, ,75, ,37.7, ,1.8, ,293, ,52.8, 
240,12/1/2019,0100,335,0, ,0, ,0, ,7.1, ,44.3, ,72, ,35.7, ,2.4, ,320, ,52.9, 
240,12/1/2019,0200,335,0, ,0, ,0, ,7.1, ,43.4, ,74, ,35.8, ,2.5, ,321, ,52.9, 
240,12/1/2019,0300,335,0, ,0, ,0, ,7, ,42.3, ,76, ,35.3, ,2.5, ,327, ,52.9, 
240,12/1/2019,0400,335,0, ,0, ,0, ,7, ,40.4, ,82, ,35.4, ,2.9, ,299, ,52.9, 
240,12/1/2019,0500,335,0, ,0, ,0, ,7, ,39.5, ,85, ,35.2, ,1.8, ,310, ,52.8, 
240,12/1/2019,0600,335,0, ,0, ,0, ,6.8, ,38.5, ,86, ,34.7, ,1.6, ,284, ,52.8, 
240,12/1/2019,0700,335,0, ,0, ,20, ,6.9, ,38.8, ,86, ,34.9, ,1.6, ,230, ,52.8, 
240,12/1/2019,0800,335,0, ,0, ,169, ,7.1, ,39.8, ,86, ,35.8, ,2.2, ,236, ,52.8, 
240,12/1/2019,0900,335,0, ,0, ,379, ,7.1, ,44.8, ,70, ,35.6, ,1.7, ,286, ,52.7, 
240,12/1/2019,1000,335,0, ,0, ,580, ,7.2, ,49, ,61, ,36.2, ,1.8, ,222, ,52.7, 
240,12/1/2019,1100,335,0.01, ,0, ,871, ,7.3, ,52.8, ,53, ,36.4, ,2.7, ,225, ,52.6, 
240,12/1/2019,1200,335,0.01, ,0, ,1080, ,6.5, ,57.7, ,40, ,33.7, ,1.6, ,291, ,52.6, 
240,12/1/2019,1300,335,0.01, ,0, ,1042, ,5.4, ,59.1, ,32, ,29.1, ,2.8, ,353, ,52.6, 
240,12/1/2019,1400,335,0.01, ,0, ,878, ,5.2, ,60, ,30, ,28.2, ,3.1, ,27, ,52.6, 
240,12/1/2019,1500,335,0.01, ,0, ,686, ,5.7, ,59.6, ,33, ,30.3, ,6.1, ,28, ,52.7, 
240,12/1/2019,1600,335,0, ,0, ,256, ,6.5, ,57.1, ,41, ,33.7, ,6.7, ,24, ,52.8, 
240,12/1/2019,1700,335,0, ,0, ,28, ,6.2, ,52.8, ,46, ,32.5, ,6.1, ,34, ,52.9, 
240,12/1/2019,1800,335,0, ,0, ,0, ,6, ,50.3, ,48, ,31.4, ,5.8, ,37, ,53, 
240,12/1/2019,1900,335,0, ,0, ,0, ,6.2, ,49, ,53, ,32.4, ,3.5, ,14, ,53.1, 
240,12/1/2019,2000,335,0, ,0, ,0, ,6.4, ,48, ,56, ,33, ,2.9, ,36, ,53.2, 
240,12/1/2019,2100,335,0, ,0, ,0, ,6.5, ,47, ,60, ,33.6, ,2.6, ,1, ,53.2, 
240,12/1/2019,2200,335,0, ,0, ,0, ,6.9, ,45.1, ,68, ,35.1, ,3.2, ,314, ,53.3, 
240,12/1/2019,2300,335,0, ,0, ,0, ,6.9, ,44.2, ,70, ,35.1, ,2.3, ,320, ,53.3, 
240,12/1/2019,2400,335,0, ,0, ,0, ,7.2, ,42.8, ,78, ,36.2, ,1.2, ,308, ,53.3, 
240,12/2/2019,0100,336,0, ,0, ,0, ,7.3, ,42.4, ,80, ,36.6, ,1.5, ,236, ,53.3, 
240,12/2/2019,0200,336,0, ,0, ,0, ,7.6, ,41.9, ,84, ,37.5, ,1, ,309, ,53.3, 
240,12/2/2019,0300,336,0, ,0, ,0, ,7.6, ,41.2, ,87, ,37.6, ,1.5, ,287, ,53.3, 
240,12/2/2019,0400,336,0, ,0, ,0, ,7.4, ,41.7, ,82, ,36.7, ,1, ,118, ,53.2, 
240,12/2/2019,0500,336,0, ,0, ,0, ,7.5, ,41, ,86, ,37.2, ,1.2, ,194, ,53.2, 
240,12/2/2019,0600,336,0, ,0, ,0, ,7.2, ,42.1, ,79, ,36.2, ,1.5, ,139, ,53.2, 
240,12/2/2019,0700,336,0, ,0, ,10, ,7.3, ,40, ,87, ,36.4, ,1.6, ,223, ,53.1, 
240,12/2/2019,0800,336,0, ,0, ,216, ,7.7, ,42.3, ,83, ,37.6, ,1.5, ,239, ,53.1, 
240,12/2/2019,0900,336,0, ,0, ,527, ,7.9, ,47.2, ,71, ,38.3, ,1.7, ,216, ,53, 
240,12/2/2019,1000,336,0.01, ,0, ,877, ,7.6, ,54, ,54, ,37.6, ,1.8, ,324, ,53, 
240,12/2/2019,1100,336,0.01, ,0, ,1082, ,7.6, ,58.7, ,45, ,37.3, ,2.1, ,298, ,52.9, 
240,12/2/2019,1200,336,0.01, ,0, ,971, ,7.5, ,61.8, ,40, ,37, ,2.1, ,285, ,52.9, 
240,12/2/2019,1300,336,0.01, ,0, ,752, ,7.5, ,64.8, ,36, ,37.1, ,1.6, ,276, ,52.9, 
240,12/2/2019,1400,336,0.01, ,0, ,570, ,7.6, ,65, ,36, ,37.4, ,2.7, ,318, ,52.8, 
240,12/2/2019,1500,336,0.01, ,0, ,670, ,6.8, ,66.5, ,31, ,34.6, ,4.6, ,13, ,52.9, 
240,12/2/2019,1600,336,0, ,0, ,288, ,6.8, ,63.6, ,34, ,34.6, ,5.5, ,27, ,53, 
240,12/2/2019,1700,336,0, ,0, ,31, ,6.5, ,58.2, ,39, ,33.7, ,5.1, ,23, ,53.1, 
240,12/2/2019,1800,336,0, ,0, ,0, ,6.3, ,54.9, ,43, ,32.8, ,5.2, ,17, ,53.2, 
240,12/2/2019,1900,336,0, ,0, ,0, ,6.7, ,52.7, ,49, ,34.2, ,3.9, ,336, ,53.4, 
240,12/2/2019,2000,336,0, ,0, ,0, ,7.3, ,50.8, ,57, ,36.3, ,2.4, ,46, ,53.5, 
240,12/2/2019,2100,336,0, ,0, ,0, ,7.1, ,49.6, ,59, ,35.9, ,2.4, ,3, ,53.6, 
240,12/2/2019,2200,336,0, ,0, ,0, ,8.4, ,47.3, ,76, ,40, ,1.3, ,314, ,53.6, 
240,12/2/2019,2300,336,0, ,0, ,0, ,8.7, ,46.3, ,82, ,41, ,1.6, ,348, ,53.7, 
240,12/2/2019,2400,336,0, ,0, ,0, ,8.7, ,45, ,85, ,40.8, ,1.4, ,298, ,53.7, 
240,12/3/2019,0100,337,0, ,0, ,0, ,8.5, ,44.4, ,85, ,40.2, ,1.5, ,280, ,53.7, 
240,12/3/2019,0200,337,0, ,0, ,0, ,8.3, ,45.8, ,79, ,39.8, ,1.3, ,8, ,53.7, 
240,12/3/2019,0300,337,0, ,0, ,0, ,8.4, ,44.7, ,83, ,39.9, ,2, ,355, ,53.7, 
240,12/3/2019,0400,337,0, ,0, ,0, ,8.3, ,43.2, ,87, ,39.8, ,1.5, ,344, ,53.7, 
240,12/3/2019,0500,337,0, ,0, ,0, ,8.5, ,43.6, ,88, ,40.4, ,1.6, ,208, ,53.7, 
240,12/3/2019,0600,337,0, ,0, ,0, ,8.5, ,43.3, ,90, ,40.4, ,1.7, ,330, ,53.6, 
240,12/3/2019,0700,337,0, ,0, ,6, ,8.5, ,43.9, ,88, ,40.4, ,1.9, ,170, ,53.6, 
240,12/3/2019,0800,337,0, ,0, ,94, ,8.8, ,44, ,89, ,41.1, ,1.8, ,320, ,53.6, 
240,12/3/2019,0900,337,0, ,0, ,298, ,9.1, ,46.8, ,83, ,42, ,1.8, ,305, ,53.5, 
240,12/3/2019,1000,337,0, ,0, ,438, ,9, ,51.5, ,69, ,41.7, ,1.3, ,253, ,53.5, 
240,12/3/2019,1100,337,0, ,0, ,533, ,8.6, ,56.3, ,56, ,40.7, ,1.5, ,221, ,53.5, 
240,12/3/2019,1200,337,0, ,0, ,433, ,7.9, ,59.4, ,46, ,38.5, ,1.1, ,360, ,53.5, 
240,12/3/2019,1300,337,0,R,0, ,412, ,8.6, ,60.3, ,48, ,40.6, ,1,I,292, ,53.5, 
240,12/3/2019,1400,337,0, ,0, ,328, ,9.7, ,62, ,51, ,43.7, ,1.5, ,13, ,53.5, 
240,12/3/2019,1500,337,0, ,0, ,200, ,9, ,61.9, ,48, ,41.8, ,3.4, ,343, ,53.6, 
240,12/3/2019,1600,337,0, ,0, ,70, ,7.5, ,59.5, ,43, ,37.1, ,3.8, ,24, ,53.7, 
240,12/3/2019,1700,337,0, ,0, ,10, ,7.9, ,57.7, ,48, ,38.4, ,2.2, ,58, ,53.8, 
240,12/3/2019,1800,337,0, ,0, ,0, ,8.3, ,56.2, ,54, ,39.7, ,2.9, ,47, ,53.9, 
240,12/3/2019,1900,337,0, ,0, ,0, ,7.5, ,55.3, ,50, ,37.2, ,2.8, ,54, ,54, 
240,12/3/2019,2000,337,0, ,0, ,0, ,8.9, ,53, ,65, ,41.4, ,2.5, ,320, ,54.1, 
240,12/3/2019,2100,337,0, ,0, ,0, ,9.1, ,53.7, ,64, ,42, ,2.5, ,118, ,54.2, 
240,12/3/2019,2200,337,0, ,0, ,0, ,9.5, ,52.6, ,71, ,43.3, ,2.4, ,322, ,54.2, 
240,12/3/2019,2300,337,0, ,0, ,0, ,10, ,52.5, ,74, ,44.5, ,2.3, ,335, ,54.2, 
240,12/3/2019,2400,337,0, ,0, ,0, ,9.5, ,52.1, ,71, ,43.2, ,2.2, ,278, ,54.3, 
240,12/4/2019,0100,338,0, ,0, ,0, ,9.9, ,51.2, ,77, ,44.2, ,2.7, ,279, ,54.3, 
240,12/4/2019,0200,338,0, ,0, ,0, ,10.2, ,51.2, ,79, ,45, ,1.7, ,54, ,54.3, 
240,12/4/2019,0300,338,0, ,0, ,0, ,10.5, ,50.3, ,85, ,45.9, ,1.8, ,278, ,54.4, 
240,12/4/2019,0400,338,0, ,0.01, ,0, ,10.6, ,50.1, ,86, ,46, ,2.8, ,263, ,54.4, 
240,12/4/2019,0500,338,0, ,0.08, ,0, ,10.7, ,49.2, ,90, ,46.2, ,2.1, ,303, ,54.4, 
240,12/4/2019,0600,338,0, ,0.08, ,0, ,10.8, ,48.3, ,94, ,46.7, ,3, ,38, ,54.4, 
240,12/4/2019,0700,338,0, ,0.11, ,1, ,11, ,48, ,96, ,47.1, ,2.9, ,340, ,54.4, 
240,12/4/2019,0800,338,0, ,0.03, ,33, ,10.8, ,47.2, ,98, ,46.7, ,5.1, ,15, ,54.5, 
240,12/4/2019,0900,338,0, ,0.07, ,119, ,10.9, ,47.4, ,97, ,46.7, ,6.6, ,33, ,54.5, 
240,12/4/2019,1000,338,0, ,0.05, ,216, ,11.3, ,48.7, ,97, ,47.8, ,3.7, ,27, ,54.4, 
240,12/4/2019,1100,338,0, ,0.13, ,76, ,12, ,50.4, ,96, ,49.4, ,3.4, ,150, ,54.4, 
240,12/4/2019,1200,338,0, ,0.14, ,68, ,12.5, ,51.2, ,97, ,50.4, ,3.8, ,178, ,54.4, 
240,12/4/2019,1300,338,0, ,0.01, ,538, ,13.1, ,53, ,95, ,51.7, ,5.6, ,145, ,54.4, 
240,12/4/2019,1400,338,0.01, ,0, ,739, ,12.9, ,55.9, ,84, ,51.3, ,7.7, ,174, ,54.4, 
240,12/4/2019,1500,338,0, ,0, ,213, ,12.8, ,54.9, ,87, ,51.2, ,7.9, ,178, ,54.5, 
240,12/4/2019,1600,338,0, ,0, ,115, ,12.9, ,53.7, ,91, ,51.3, ,6.7, ,184, ,54.6, 
240,12/4/2019,1700,338,0, ,0, ,30, ,12.7, ,53.2, ,92, ,50.8, ,6.8, ,169, ,54.7, 
240,12/4/2019,1800,338,0, ,0, ,0, ,12.7, ,52.6, ,94, ,50.9, ,6.7, ,167, ,54.8, 
240,12/4/2019,1900,338,0, ,0, ,0, ,12.3, ,52.1, ,93, ,50.1, ,5.2, ,167, ,54.9, 
240,12/4/2019,2000,338,0, ,0, ,0, ,12.3, ,51.5, ,94, ,50, ,1, ,151, ,55, 
240,12/4/2019,2100,338,0, ,0, ,0, ,12, ,51, ,94, ,49.3, ,1.6, ,144, ,55, 
240,12/4/2019,2200,338,0, ,0, ,0, ,11.9, ,50.3, ,96, ,49.2, ,4, ,130, ,55, 
240,12/4/2019,2300,338,0, ,0, ,0, ,11.5, ,49.5, ,95, ,48.2, ,3.6, ,134, ,55, 
240,12/4/2019,2400,338,0, ,0, ,0, ,10.4, ,47, ,95, ,45.7, ,2.3, ,20, ,55, 
240,12/5/2019,0100,339,0, ,0, ,0, ,9.9, ,45, ,98, ,44.4, ,2, ,18, ,55, 
240,12/5/2019,0200,339,0, ,0, ,0, ,9.8, ,44.4, ,99, ,44, ,1.2, ,234, ,55, 
240,12/5/2019,0300,339,0, ,0, ,0, ,9.8, ,44.2, ,99, ,44, ,1.1, ,291, ,54.9, 
240,12/5/2019,0400,339,0, ,0, ,0, ,10.4, ,45.8, ,99, ,45.6, ,1, ,245, ,54.8, 
240,12/5/2019,0500,339,0, ,0, ,0, ,10.2, ,45.1, ,99, ,45, ,1.5, ,294, ,54.8, 
240,12/5/2019,0600,339,0, ,0, ,0, ,10.2, ,45.1, ,99, ,44.9, ,2.4, ,357, ,54.7, 
240,12/5/2019,0700,339,0, ,0, ,7, ,9.9, ,44.5, ,99, ,44.3, ,2.6, ,345, ,54.6, 
240,12/5/2019,0800,339,0, ,0, ,80, ,9.9, ,44.4, ,99, ,44.3, ,3.5, ,16, ,54.6, 
240,12/5/2019,0900,339,0, ,0, ,189, ,10.1, ,45.1, ,99, ,44.9, ,2.2, ,314, ,54.5, 
240,12/5/2019,1000,339,0, ,0, ,472, ,10.8, ,46.7, ,99, ,46.5, ,2.4, ,328, ,54.5, 
240,12/5/2019,1100,339,0.01, ,0, ,953, ,12, ,49.7, ,99, ,49.5, ,1, ,248, ,54.4, 
240,12/5/2019,1200,339,0.01, ,0, ,1071, ,12.7, ,53.2, ,92, ,50.8, ,1.2, ,252, ,54.4, 
240,12/5/2019,1300,339,0.01, ,0, ,933, ,11.6, ,56.6, ,74, ,48.4, ,2.4, ,317, ,54.4, 
240,12/5/2019,1400,339,0.01, ,0, ,631, ,10.1, ,57.8, ,62, ,44.7, ,2.3, ,15, ,54.5, 
240,12/5/2019,1500,339,0.01, ,0, ,551, ,9, ,58.8, ,53, ,41.7, ,2.7, ,7, ,54.5, 
240,12/5/2019,1600,339,0, ,0, ,239, ,9, ,58.5, ,53, ,41.7, ,2.5, ,328, ,54.6, 
240,12/5/2019,1700,339,0, ,0, ,34, ,9.3, ,56.9, ,59, ,42.7, ,1.2, ,6, ,54.8, 
240,12/5/2019,1800,339,0, ,0, ,0, ,10.4, ,54.3, ,72, ,45.6, ,1.9, ,351, ,54.9, 
240,12/5/2019,1900,339,0, ,0, ,0, ,10.9, ,52.1, ,82, ,46.9, ,1.7, ,350, ,55, 
240,12/5/2019,2000,339,0, ,0, ,0, ,10.4, ,49.6, ,86, ,45.5, ,2.4, ,321, ,55.1, 
240,12/5/2019,2100,339,0, ,0, ,0, ,10.2, ,48.7, ,87, ,45, ,3.5, ,269, ,55.2, 
240,12/5/2019,2200,339,0, ,0, ,0, ,10.4, ,48.8, ,88, ,45.5, ,1.7, ,144, ,55.2, 
240,12/5/2019,2300,339,0, ,0, ,0, ,10.4, ,47.9, ,91, ,45.5, ,2.7, ,203, ,55.2, 
240,12/5/2019,2400,339,0, ,0, ,0, ,10, ,46.4, ,94, ,44.7, ,1.7, ,244, ,55.2, 
240,12/6/2019,0100,340,0, ,0, ,0, ,9.8, ,45.4, ,94, ,43.9, ,1.9, ,298, ,55.2, 
240,12/6/2019,0200,340,0, ,0, ,0, ,9.7, ,45.4, ,94, ,43.9, ,2.4, ,251, ,55.2, 
240,12/6/2019,0300,340,0, ,0, ,0, ,9.7, ,45.7, ,93, ,43.7, ,2.8, ,216, ,55.1, 
240,12/6/2019,0400,340,0, ,0, ,0, ,9.8, ,46.1, ,92, ,43.9, ,1.8, ,111, ,55.1, 
240,12/6/2019,0500,340,0, ,0, ,0, ,9.5, ,45, ,94, ,43.3, ,1.9, ,258, ,55, 
240,12/6/2019,0600,340,0, ,0, ,0, ,9.3, ,44, ,95, ,42.6, ,2.7, ,245, ,55, 
240,12/6/2019,0700,340,0, ,0, ,8, ,9.1, ,44, ,92, ,42, ,2.8, ,235, ,54.9, 
240,12/6/2019,0800,340,0, ,0, ,200, ,9.5, ,46.5, ,88, ,43.1, ,2.2, ,79, ,54.9, 
240,12/6/2019,0900,340,0, ,0, ,543, ,10.3, ,50.3, ,83, ,45.4, ,1.9, ,303, ,54.8, 
240,12/6/2019,1000,340,0.01, ,0, ,723, ,10.6, ,54.4, ,74, ,46.2, ,2.2, ,313, ,54.7, 
240,12/6/2019,1100,340,0.01, ,0, ,1023, ,10.3, ,59.6, ,59, ,45.2, ,2.7, ,280, ,54.7, 
240,12/6/2019,1200,340,0.01, ,0, ,1180, ,9.3, ,63.6, ,46, ,42.6, ,3.5, ,237, ,54.6, 
240,12/6/2019,1300,340,0.01, ,0, ,815, ,9.4, ,64.5, ,46, ,43, ,4.7, ,233, ,54.6, 
240,12/6/2019,1400,340,0, ,0, ,311, ,10.1, ,63.2, ,51, ,44.8, ,5.3, ,213, ,54.7, 
240,12/6/2019,1500,340,0, ,0, ,127, ,10.8, ,60.8, ,59, ,46.6, ,6, ,293, ,54.7, 
240,12/6/2019,1600,340,0, ,0.02, ,33, ,11.4, ,58.2, ,69, ,48.1, ,4.8, ,357, ,54.8, 
240,12/6/2019,1700,340,0, ,0.03, ,11, ,12.1, ,55.1, ,82, ,49.6, ,3.1, ,14, ,54.9, 
240,12/6/2019,1800,340,0, ,0, ,0, ,12.3, ,53.9, ,87, ,50.1, ,3.7, ,243, ,55, 
240,12/6/2019,1900,340,0, ,0, ,0, ,12.5, ,53.3, ,90, ,50.4, ,2.7, ,242, ,55.1, 
240,12/6/2019,2000,340,0, ,0, ,0, ,12.5, ,53.5, ,89, ,50.4, ,3.3, ,357, ,55.2, 
240,12/6/2019,2100,340,0, ,0, ,0, ,12.5, ,53.5, ,90, ,50.5, ,2.9, ,144, ,55.3, 
240,12/6/2019,2200,340,0, ,0, ,0, ,12.4, ,52.4, ,93, ,50.3, ,2.5, ,249, ,55.3, 
240,12/6/2019,2300,340,0, ,0, ,0, ,12.2, ,51.6, ,94, ,49.9, ,2.2, ,347, ,55.4, 
240,12/6/2019,2400,340,0, ,0, ,0, ,12.1, ,50.7, ,96, ,49.6, ,2.4, ,289, ,55.5, 
240,12/7/2019,0100,341,0, ,0, ,0, ,12.4, ,51.3, ,96, ,50.2, ,2.8, ,207, ,55.6, 
240,12/7/2019,0200,341,0, ,0, ,0, ,12.7, ,52.6, ,94, ,50.9, ,4.2, ,167, ,55.6, 
240,12/7/2019,0300,341,0, ,0, ,0, ,12.7, ,52.6, ,94, ,50.8, ,3.5, ,149, ,55.6, 
240,12/7/2019,0400,341,0, ,0, ,0, ,12.6, ,51.9, ,96, ,50.7, ,2.6, ,42, ,55.6, 
240,12/7/2019,0500,341,0, ,0, ,0, ,12.6, ,51.3, ,98, ,50.8, ,3.5, ,20, ,55.6, 
240,12/7/2019,0600,341,0, ,0, ,0, ,12.8, ,51.6, ,98, ,51.2, ,3, ,29, ,55.6, 
240,12/7/2019,0700,341,0, ,0, ,2, ,12.8, ,51.7, ,98, ,51.2, ,3, ,279, ,55.6, 
240,12/7/2019,0800,341,0, ,0, ,94, ,13, ,52, ,98, ,51.4, ,2.5, ,269, ,55.6, 
240,12/7/2019,0900,341,0, ,0, ,290, ,13.5, ,54.1, ,95, ,52.6, ,2.5, ,339, ,55.6, 
240,12/7/2019,1000,341,0, ,0, ,213, ,14, ,55.9, ,92, ,53.5, ,2.4, ,351, ,55.7, 
240,12/7/2019,1100,341,0, ,0, ,262, ,14.3, ,57.4, ,89, ,54.2, ,1.7, ,69, ,55.7, 
240,12/7/2019,1200,341,0, ,0, ,225, ,14.5, ,57.5, ,90, ,54.6, ,3.3, ,135, ,55.7, 
240,12/7/2019,1300,341,0, ,0.01, ,172, ,14.5, ,57.7, ,89, ,54.5, ,3.7, ,127, ,55.7, 
240,12/7/2019,1400,341,0, ,0.02, ,87, ,14.8, ,56.8, ,94, ,55.1, ,3.6, ,182, ,55.8, 
240,12/7/2019,1500,341,0, ,0.02, ,105, ,14.9, ,56.6, ,95, ,55.2, ,5, ,175, ,55.9, 
240,12/7/2019,1600,341,0, ,0, ,70, ,14.5, ,55.9, ,95, ,54.4, ,6.5, ,164, ,55.9, 
240,12/7/2019,1700,341,0, ,0, ,16, ,14, ,55.2, ,94, ,53.5, ,7.6, ,150, ,56, 
240,12/7/2019,1800,341,0, ,0, ,0, ,14, ,55.1, ,94, ,53.5, ,5.4, ,155, ,56.1, 
240,12/7/2019,1900,341,0, ,0, ,0, ,13.8, ,55.3, ,93, ,53.2, ,5.1, ,178, ,56.1, 
240,12/7/2019,2000,341,0, ,0, ,0, ,13.5, ,55.3, ,90, ,52.5, ,5.5, ,173, ,56.2, 
240,12/7/2019,2100,341,0, ,0, ,0, ,13.4, ,55, ,91, ,52.3, ,4.8, ,170, ,56.2, 
240,12/7/2019,2200,341,0, ,0, ,0, ,13.7, ,54.2, ,95, ,52.9, ,4.3, ,175, ,56.3, 
240,12/7/2019,2300,341,0, ,0, ,0, ,13.9, ,53.7, ,98, ,53.3, ,3.8, ,186, ,56.3, 
240,12/7/2019,2400,341,0, ,0, ,0, ,13.9, ,53.8, ,98, ,53.4, ,4.6, ,174, ,56.4, 
240,12/8/2019,0100,342,0, ,0, ,0, ,13.6, ,54, ,96, ,52.8, ,4.9, ,162, ,56.4, 
240,12/8/2019,0200,342,0, ,0, ,0, ,13.3, ,54.1, ,93, ,52.1, ,5.3, ,175, ,56.4, 
240,12/8/2019,0300,342,0, ,0, ,0, ,13.2, ,53.8, ,94, ,52, ,6.1, ,148, ,56.4, 
240,12/8/2019,0400,342,0, ,0, ,0, ,13.2, ,53.3, ,95, ,52, ,6.3, ,148, ,56.5, 
240,12/8/2019,0500,342,0, ,0, ,0, ,13.3, ,53.2, ,96, ,52.2, ,5.7, ,152, ,56.5, 
240,12/8/2019,0600,342,0, ,0, ,0, ,13.5, ,53.3, ,97, ,52.5, ,5.4, ,152, ,56.5, 
240,12/8/2019,0700,342,0, ,0, ,3, ,13.5, ,53.3, ,97, ,52.5, ,3.9, ,140, ,56.5, 
240,12/8/2019,0800,342,0, ,0, ,67, ,13.5, ,53.3, ,97, ,52.6, ,2.5, ,197, ,56.5, 
240,12/8/2019,0900,342,0, ,0, ,197, ,13.8, ,54.3, ,96, ,53.2, ,2.5, ,188, ,56.5, 
240,12/8/2019,1000,342,0, ,0, ,311, ,13.4, ,55.6, ,89, ,52.4, ,2.1, ,244, ,56.5, 
240,12/8/2019,1100,342,0, ,0, ,577, ,13, ,57.1, ,82, ,51.6, ,2.6, ,316, ,56.6, 
240,12/8/2019,1200,342,0, ,0, ,541, ,12.7, ,57.8, ,78, ,50.8, ,2.3, ,337, ,56.6, 
240,12/8/2019,1300,342,0, ,0, ,526, ,12.3, ,58.5, ,74, ,50, ,3.9, ,348, ,56.6, 
240,12/8/2019,1400,342,0.01, ,0, ,1062, ,11.9, ,60.1, ,67, ,49.2, ,8.4, ,210, ,56.6, 
240,12/8/2019,1500,342,0, ,0, ,393, ,11.4, ,58.4, ,68, ,48.1, ,10.9, ,214, ,56.7, 
240,12/8/2019,1600,342,0, ,0, ,93, ,11.7, ,56, ,77, ,48.8, ,9.8, ,219, ,56.8, 
240,12/8/2019,1700,342,0, ,0, ,12, ,12.5, ,52.8, ,92, ,50.5, ,5.7, ,224, ,56.8, 
240,12/8/2019,1800,342,0, ,0, ,0, ,12.4, ,52.6, ,92, ,50.3, ,3.5, ,214, ,56.9, 
240,12/8/2019,1900,342,0, ,0.03, ,0, ,12.5, ,52.2, ,94, ,50.5, ,3.7, ,197, ,57, 
240,12/8/2019,2000,342,0, ,0.02, ,0, ,12.3, ,51.2, ,96, ,50, ,3, ,256, ,57, 
240,12/8/2019,2100,342,0, ,0, ,0, ,12.1, ,50.8, ,96, ,49.6, ,4, ,337, ,57, 
240,12/8/2019,2200,342,0, ,0, ,0, ,11.5, ,49.7, ,94, ,48.1, ,4.9, ,12, ,57.1, 
240,12/8/2019,2300,342,0, ,0, ,0, ,11.3, ,49.5, ,93, ,47.7, ,2.4, ,15, ,57.1, 
240,12/8/2019,2400,342,0, ,0, ,0, ,11, ,48.3, ,95, ,47, ,2.7, ,352, ,57.1, 
240,12/9/2019,0100,343,0, ,0, ,0, ,10.5, ,46.5, ,98, ,45.9, ,3.1, ,275, ,57, 
240,12/9/2019,0200,343,0, ,0, ,0, ,10.5, ,46.3, ,99, ,45.9, ,2.4, ,214, ,57, 
240,12/9/2019,0300,343,0, ,0, ,0, ,10.6, ,46.2, ,99, ,46, ,2.2, ,251, ,57, 
240,12/9/2019,0400,343,0, ,0, ,0, ,10.7, ,46.7, ,99, ,46.3, ,2.2, ,258, ,56.9, 
240,12/9/2019,0500,343,0, ,0, ,0, ,10.6, ,46.5, ,98, ,46, ,2.2, ,261, ,56.9, 
240,12/9/2019,0600,343,0, ,0, ,0, ,10.4, ,46.2, ,98, ,45.6, ,2.7, ,258, ,56.8, 
240,12/9/2019,0700,343,0, ,0, ,6, ,10, ,45, ,98, ,44.6, ,3.3, ,244, ,56.8, 
240,12/9/2019,0800,343,0, ,0, ,74, ,10.1, ,45.1, ,99, ,44.9, ,3.4, ,238, ,56.8, 
240,12/9/2019,0900,343,0, ,0, ,307, ,10.6, ,46.3, ,99, ,46.1, ,4.2, ,145, ,56.7, 
240,12/9/2019,1000,343,0.01, ,0, ,742, ,11.4, ,49.3, ,95, ,48, ,3.7, ,125, ,56.6, 
240,12/9/2019,1100,343,0.01, ,0, ,1006, ,10.9, ,54.2, ,76, ,46.8, ,2.6, ,138, ,56.6, 
240,12/9/2019,1200,343,0.01, ,0, ,1106, ,9.9, ,56.4, ,64, ,44.3, ,3.2, ,87, ,56.5, 
240,12/9/2019,1300,343,0.01, ,0, ,1061, ,9.9, ,59.2, ,57, ,44.2, ,2.2, ,271, ,56.5, 
240,12/9/2019,1400,343,0.01, ,0, ,899, ,9.7, ,60.8, ,53, ,43.7, ,3.1, ,281, ,56.5, 
240,12/9/2019,1500,343,0.01, ,0, ,657, ,9.1, ,61.2, ,50, ,42.2, ,6.2, ,332, ,56.5, 
240,12/9/2019,1600,343,0, ,0, ,340, ,9, ,60.5, ,50, ,41.9, ,8.2, ,328, ,56.5, 
240,12/9/2019,1700,343,0, ,0, ,47, ,9.2, ,57.5, ,57, ,42.3, ,2.9, ,315, ,56.6, 
240,12/9/2019,1800,343,0, ,0, ,0, ,11.2, ,55.2, ,76, ,47.6, ,4.7, ,157, ,56.7, 
240,12/9/2019,1900,343,0, ,0, ,0, ,11.5, ,53, ,84, ,48.3, ,4, ,137, ,56.8, 
240,12/9/2019,2000,343,0, ,0, ,0, ,11.4, ,51.3, ,88, ,47.9, ,5.4, ,139, ,56.8, 
240,12/9/2019,2100,343,0, ,0, ,0, ,11, ,49.7, ,91, ,47.1, ,3.7, ,184, ,56.9, 
240,12/9/2019,2200,343,0, ,0, ,0, ,9.9, ,45.9, ,95, ,44.4, ,2.2, ,293, ,56.9, 
240,12/9/2019,2300,343,0, ,0, ,0, ,9.6, ,44.4, ,97, ,43.5, ,2, ,328, ,56.9, 
240,12/9/2019,2400,343,0, ,0, ,0, ,9.4, ,43.4, ,98, ,42.8, ,2.6, ,333, ,57, 
240,12/10/2019,0100,344,0, ,0, ,0, ,8.9, ,41.9, ,98, ,41.5, ,2.1, ,286, ,57, 
240,12/10/2019,0200,344,0, ,0, ,0, ,8.5, ,40.6, ,99, ,40.4, ,2.4, ,276, ,56.9, 
240,12/10/2019,0300,344,0, ,0, ,0, ,8.4, ,40.2, ,99, ,40, ,2.1, ,257, ,56.8, 
240,12/10/2019,0400,344,0, ,0, ,0, ,7.8, ,38.4, ,99, ,38.2, ,1.8, ,308, ,56.7, 
240,12/10/2019,0500,344,0, ,0, ,0, ,7.7, ,38.1, ,99, ,37.9, ,1.5, ,282, ,56.6, 
240,12/10/2019,0600,344,0, ,0, ,0, ,7.7, ,38.1, ,99, ,37.9, ,1.9, ,158, ,56.5, 
240,12/10/2019,0700,344,0, ,0, ,7, ,7.2, ,36.2, ,99, ,36, ,2, ,325, ,56.4, 
240,12/10/2019,0800,344,0, ,0, ,157, ,7.6, ,37.7, ,99, ,37.6, ,2, ,209, ,56.3, 
240,12/10/2019,0900,344,0, ,0, ,548, ,9, ,41.9, ,99, ,41.7, ,2, ,329, ,56.2, 
240,12/10/2019,1000,344,0.01, ,0, ,717, ,9.6, ,49.2, ,81, ,43.5, ,2.4, ,356, ,56, 
240,12/10/2019,1100,344,0.01, ,0, ,669, ,8.3, ,54.9, ,56, ,39.6, ,1.7, ,145, ,55.9, 
240,12/10/2019,1200,344,0.01, ,0, ,875, ,7.8, ,57.7, ,48, ,38.3, ,1.9, ,174, ,55.8, 
240,12/10/2019,1300,344,0.01, ,0, ,978, ,7.7, ,60.4, ,43, ,37.8, ,2.9, ,219, ,55.7, 
240,12/10/2019,1400,344,0.01, ,0, ,683, ,6.9, ,61.8, ,37, ,35.1, ,2.1, ,201, ,55.7, 
240,12/10/2019,1500,344,0, ,0, ,451, ,6.9, ,61.6, ,37, ,35, ,2.7, ,197, ,55.7, 
240,12/10/2019,1600,344,0, ,0, ,297, ,7, ,62.5, ,36, ,35.3, ,1.4, ,192, ,55.7, 
240,12/10/2019,1700,344,0, ,0, ,36, ,8.9, ,58, ,54, ,41.5, ,1.7, ,338, ,55.8, 
240,12/10/2019,1800,344,0, ,0, ,0, ,8.9, ,54.3, ,62, ,41.6, ,2.6, ,347, ,55.9, 
240,12/10/2019,1900,344,0, ,0, ,0, ,9.4, ,50.4, ,75, ,43, ,1.5, ,325, ,56, 
240,12/10/2019,2000,344,0, ,0, ,0, ,9.3, ,48.9, ,79, ,42.6, ,2.1, ,328, ,56.1, 
240,12/10/2019,2100,344,0, ,0, ,0, ,9, ,47.4, ,80, ,41.7, ,2.5, ,221, ,56.1, 
240,12/10/2019,2200,344,0, ,0, ,0, ,8.8, ,44.3, ,88, ,41.1, ,1.9, ,303, ,56.2, 
240,12/10/2019,2300,344,0, ,0, ,0, ,8.5, ,42.7, ,91, ,40.3, ,2.1, ,331, ,56.2, 
240,12/10/2019,2400,344,0, ,0, ,0, ,8.1, ,40.7, ,94, ,39.2, ,1.4, ,258, ,56.2, 
240,12/11/2019,0100,345,0, ,0, ,0, ,8.3, ,41.1, ,94, ,39.7, ,1.9, ,137, ,56.1, 
240,12/11/2019,0200,345,0, ,0, ,0, ,7.6, ,38.8, ,95, ,37.6, ,1.6, ,290, ,56, 
240,12/11/2019,0300,345,0, ,0, ,0, ,7.8, ,39.1, ,96, ,38.2, ,2.2, ,167, ,56, 
240,12/11/2019,0400,345,0, ,0, ,0, ,7.3, ,37.4, ,97, ,36.6, ,1.9, ,41, ,55.9, 
240,12/11/2019,0500,345,0, ,0, ,0, ,7.2, ,36.6, ,98, ,36.1, ,2.2, ,319, ,55.8, 
240,12/11/2019,0600,345,0, ,0, ,0, ,7, ,35.7, ,99, ,35.4, ,1.7, ,281, ,55.7, 
240,12/11/2019,0700,345,0, ,0, ,9, ,7.2, ,36.7, ,98, ,36.1, ,2.3, ,152, ,55.6, 
240,12/11/2019,0800,345,0, ,0, ,188, ,7.2, ,36.8, ,97, ,36, ,1.6, ,336, ,55.4, 
240,12/11/2019,0900,345,0, ,0, ,532, ,8.1, ,41.9, ,90, ,39.2, ,2.7, ,282, ,55.3, 
240,12/11/2019,1000,345,0.01, ,0, ,734, ,8.1, ,48.5, ,70, ,39.2, ,1.9, ,33, ,55.2, 
240,12/11/2019,1100,345,0.01, ,0, ,990, ,7.9, ,54.5, ,54, ,38.5, ,2, ,283, ,55.1, 
240,12/11/2019,1200,345,0.01, ,0, ,1104, ,7.2, ,58.8, ,43, ,36.1, ,2.4, ,239, ,55, 
240,12/11/2019,1300,345,0.01, ,0, ,1039, ,6.6, ,62.4, ,34, ,33.7, ,2, ,318, ,54.9, 
240,12/11/2019,1400,345,0.01, ,0, ,860, ,6.8, ,63.5, ,34, ,34.8, ,2.2, ,130, ,54.9, 
240,12/11/2019,1500,345,0.01, ,0, ,510, ,7.2, ,63.1, ,36, ,36, ,5.1, ,336, ,54.8, 
240,12/11/2019,1600,345,0, ,0, ,211, ,7.8, ,59.7, ,44, ,38.1, ,6.5, ,336, ,54.9, 
240,12/11/2019,1700,345,0, ,0, ,62, ,8.5, ,56.8, ,54, ,40.3, ,4.4, ,353, ,55, 
240,12/11/2019,1800,345,0, ,0, ,0, ,9, ,53.4, ,65, ,41.9, ,1.7, ,337, ,55.1, 
240,12/11/2019,1900,345,0, ,0, ,0, ,8.6, ,51.4, ,67, ,40.7, ,1.3, ,33, ,55.2, 
240,12/11/2019,2000,345,0, ,0, ,0, ,9, ,50.5, ,72, ,41.7, ,2.5, ,10, ,55.2, 
240,12/11/2019,2100,345,0, ,0, ,0, ,8.9, ,47.5, ,79, ,41.4, ,2.1, ,333, ,55.3, 
240,12/11/2019,2200,345,0, ,0, ,0, ,8.7, ,46.5, ,81, ,41, ,2, ,339, ,55.3, 
240,12/11/2019,2300,345,0, ,0, ,0, ,8.6, ,46, ,81, ,40.6, ,2.2, ,360, ,55.3, 
240,12/11/2019,2400,345,0, ,0, ,0, ,8.7, ,44.4, ,88, ,41, ,2.3, ,272, ,55.3, 
240,12/12/2019,0100,346,0, ,0, ,0, ,8.4, ,42.9, ,90, ,40, ,2, ,31, ,55.3, 
240,12/12/2019,0200,346,0, ,0, ,0, ,8.3, ,42.2, ,91, ,39.8, ,2.2, ,275, ,55.3, 
240,12/12/2019,0300,346,0, ,0, ,0, ,8.4, ,43.1, ,89, ,40.2, ,1.9, ,271, ,55.3, 
240,12/12/2019,0400,346,0, ,0, ,0, ,8.4, ,42.8, ,90, ,40, ,1.4, ,52, ,55.2, 
240,12/12/2019,0500,346,0, ,0, ,0, ,8.3, ,41.4, ,93, ,39.6, ,1.7, ,300, ,55.2, 
240,12/12/2019,0600,346,0, ,0, ,0, ,8.2, ,40.7, ,95, ,39.5, ,1.4, ,293, ,55.1, 
240,12/12/2019,0700,346,0, ,0, ,7, ,8.2, ,40.6, ,95, ,39.4, ,1.3, ,318, ,55, 
240,12/12/2019,0800,346,0, ,0, ,107, ,8.2, ,40.7, ,95, ,39.5, ,2.2, ,259, ,55, 
240,12/12/2019,0900,346,0, ,0, ,460, ,8.8, ,45.2, ,86, ,41.2, ,1.5, ,266, ,54.9, 
240,12/12/2019,1000,346,0.01, ,0, ,763, ,8.8, ,51.4, ,68, ,41.2, ,1.9, ,351, ,54.8, 
240,12/12/2019,1100,346,0.01, ,0, ,987, ,8, ,57.8, ,49, ,38.7, ,2.1, ,9, ,54.8, 
240,12/12/2019,1200,346,0.01, ,0, ,1091, ,7.9, ,63, ,40, ,38.4, ,1.8, ,242, ,54.7, 
240,12/12/2019,1300,346,0.01, ,0, ,1066, ,8.3, ,66.8, ,37, ,39.8, ,1.9, ,221, ,54.7, 
240,12/12/2019,1400,346,0.01, ,0, ,905, ,8.3, ,67.6, ,36, ,39.7, ,2.1, ,299, ,54.7, 
240,12/12/2019,1500,346,0.01, ,0, ,662, ,8.5, ,68.7, ,35, ,40.2, ,1.9, ,327, ,54.7, 
240,12/12/2019,1600,346,0, ,0, ,332, ,8.6, ,71.8, ,32, ,40.7, ,1.1, ,285, ,54.8, 
240,12/12/2019,1700,346,0, ,0, ,45, ,9.2, ,65.8, ,42, ,42.3, ,2.5, ,33, ,54.9, 
240,12/12/2019,1800,346,0, ,0, ,0, ,9.7, ,60.6, ,54, ,43.8, ,4.1, ,8, ,55.1, 
240,12/12/2019,1900,346,0, ,0, ,0, ,8.2, ,56.6, ,52, ,39.4, ,5.2, ,24, ,55.3, 
240,12/12/2019,2000,346,0, ,0, ,0, ,8.1, ,53.5, ,58, ,39.2, ,3, ,4, ,55.4, 
240,12/12/2019,2100,346,0, ,0, ,0, ,8.8, ,50.5, ,71, ,41.3, ,2.7, ,335, ,55.5, 
240,12/12/2019,2200,346,0, ,0, ,0, ,9.3, ,48.1, ,81, ,42.7, ,1.3, ,319, ,55.6, 
240,12/12/2019,2300,346,0, ,0, ,0, ,9.2, ,46, ,86, ,42.2, ,1.5, ,250, ,55.6, 
240,12/12/2019,2400,346,0, ,0, ,0, ,9.1, ,44.8, ,90, ,42.2, ,1.8, ,254, ,55.7, 
240,12/13/2019,0100,347,0, ,0, ,0, ,8.8, ,44.1, ,89, ,41.2, ,1.4, ,289, ,55.7, 
240,12/13/2019,0200,347,0, ,0, ,0, ,8.6, ,43, ,91, ,40.5, ,1.8, ,268, ,55.6, 
240,12/13/2019,0300,347,0, ,0, ,0, ,8.7, ,43.4, ,91, ,41, ,1.4, ,196, ,55.6, 
240,12/13/2019,0400,347,0, ,0, ,0, ,8.6, ,42.8, ,92, ,40.7, ,2, ,357, ,55.5, 
240,12/13/2019,0500,347,0, ,0, ,0, ,8.4, ,41.2, ,95, ,39.9, ,1.3, ,247, ,55.5, 
240,12/13/2019,0600,347,0, ,0, ,0, ,8.5, ,41.9, ,94, ,40.3, ,2.1, ,223, ,55.4, 
240,12/13/2019,0700,347,0, ,0, ,6, ,8.4, ,41.2, ,95, ,40, ,1.3, ,22, ,55.3, 
240,12/13/2019,0800,347,0, ,0, ,190, ,8.2, ,41.1, ,94, ,39.5, ,3.1, ,354, ,55.3, 
240,12/13/2019,0900,347,0, ,0, ,501, ,9.4, ,48.3, ,82, ,43, ,2.1, ,202, ,55.2, 
240,12/13/2019,1000,347,0.01, ,0, ,790, ,10.1, ,54.6, ,69, ,44.8, ,2, ,239, ,55.1, 
240,12/13/2019,1100,347,0.01, ,0, ,992, ,10.7, ,61.2, ,58, ,46.3, ,2, ,307, ,55, 
240,12/13/2019,1200,347,0.01, ,0, ,1080, ,10.2, ,66.1, ,47, ,45.1, ,1.7, ,248, ,55, 
240,12/13/2019,1300,347,0.01, ,0, ,1049, ,10.6, ,69, ,44, ,46, ,1.9, ,268, ,54.9, 
240,12/13/2019,1400,347,0.01, ,0, ,893, ,10.2, ,70.4, ,40, ,45.1, ,2.4, ,297, ,54.9, 
240,12/13/2019,1500,347,0.01, ,0, ,629, ,10.2, ,70.8, ,40, ,45.2, ,2.5, ,319, ,55, 
240,12/13/2019,1600,347,0, ,0, ,292, ,10.9, ,67.3, ,48, ,46.8, ,8, ,338, ,55, 
240,12/13/2019,1700,347,0, ,0, ,41, ,11.7, ,62.4, ,61, ,48.8, ,3.8, ,328, ,55.2, 
240,12/13/2019,1800,347,0, ,0, ,0, ,11.2, ,60.6, ,62, ,47.5, ,2.1, ,83, ,55.3, 
240,12/13/2019,1900,347,0, ,0, ,0, ,12.2, ,57.8, ,75, ,49.8, ,3.6, ,112, ,55.5, 
240,12/13/2019,2000,347,0, ,0, ,0, ,12, ,56, ,79, ,49.5, ,3, ,121, ,55.6, 
240,12/13/2019,2100,347,0, ,0, ,0, ,11.6, ,52.5, ,86, ,48.5, ,2.7, ,182, ,55.7, 
240,12/13/2019,2200,347,0, ,0, ,0, ,11.4, ,49.4, ,95, ,47.9, ,1.5, ,225, ,55.8, 
240,12/13/2019,2300,347,0, ,0, ,0, ,10.9, ,48.2, ,95, ,46.7, ,2.1, ,305, ,55.9, 
240,12/13/2019,2400,347,0, ,0, ,0, ,10.3, ,46.2, ,97, ,45.4, ,2.3, ,345, ,56, 
240,12/14/2019,0100,348,0, ,0, ,0, ,10.4, ,46.2, ,97, ,45.5, ,1.8, ,223, ,56, 
240,12/14/2019,0200,348,0, ,0, ,0, ,9.8, ,44.3, ,99, ,43.9, ,1.5, ,279, ,56, 
240,12/14/2019,0300,348,0, ,0, ,0, ,10.2, ,45.2, ,100, ,45.1, ,3.5, ,127, ,56, 
240,12/14/2019,0400,348,0, ,0, ,0, ,11.3, ,47.9, ,99, ,47.8, ,5, ,186, ,55.9, 
240,12/14/2019,0500,348,0, ,0, ,0, ,10.8, ,46.6, ,99, ,46.5, ,4.1, ,239, ,55.9, 
240,12/14/2019,0600,348,0, ,0, ,0, ,10.8, ,46.7, ,99, ,46.5, ,2.6, ,258, ,55.8, 
240,12/14/2019,0700,348,0, ,0, ,0, ,10.9, ,47, ,99, ,46.8, ,3, ,344, ,55.7, 
240,12/14/2019,0800,348,0, ,0, ,24, ,11, ,47.2, ,99, ,47.1, ,2.5, ,10, ,55.7, 
240,12/14/2019,0900,348,0, ,0, ,88, ,11.3, ,47.9, ,99, ,47.7, ,2.1, ,310, ,55.7, 
240,12/14/2019,1000,348,0, ,0, ,230, ,11.8, ,49, ,99, ,48.8, ,3.6, ,147, ,55.6, 
240,12/14/2019,1100,348,0, ,0, ,363, ,11.8, ,50.7, ,94, ,49, ,5.4, ,140, ,55.6, 
240,12/14/2019,1200,348,0, ,0, ,488, ,11.8, ,52.4, ,88, ,49, ,5.7, ,139, ,55.6, 
240,12/14/2019,1300,348,0, ,0, ,376, ,11.7, ,53.3, ,85, ,48.8, ,6.9, ,130, ,55.6, 
240,12/14/2019,1400,348,0, ,0, ,416, ,12, ,54.1, ,84, ,49.5, ,8.3, ,127, ,55.6, 
240,12/14/2019,1500,348,0, ,0, ,184, ,12.2, ,54.8, ,83, ,49.8, ,6.9, ,122, ,55.7, 
240,12/14/2019,1600,348,0, ,0, ,117, ,12.2, ,55.1, ,82, ,49.8, ,6.4, ,133, ,55.7, 
240,12/14/2019,1700,348,0, ,0, ,22, ,12, ,55.1, ,81, ,49.4, ,5.4, ,182, ,55.8, 
240,12/14/2019,1800,348,0, ,0, ,0, ,11.9, ,52.9, ,87, ,49.1, ,5.8, ,182, ,55.8, 
240,12/14/2019,1900,348,0, ,0, ,0, ,11.8, ,51.6, ,90, ,48.8, ,5.2, ,159, ,55.9, 
240,12/14/2019,2000,348,0, ,0, ,0, ,11.6, ,50.6, ,92, ,48.4, ,6.2, ,161, ,56, 
240,12/14/2019,2100,348,0, ,0, ,0, ,11.3, ,49.4, ,94, ,47.8, ,6, ,145, ,56, 
240,12/14/2019,2200,348,0, ,0, ,0, ,11.1, ,48.6, ,95, ,47.3, ,5.7, ,141, ,56, 
240,12/14/2019,2300,348,0, ,0, ,0, ,11.1, ,48.5, ,96, ,47.3, ,5.7, ,150, ,56.1, 
240,12/14/2019,2400,348,0, ,0, ,0, ,10.5, ,46.7, ,97, ,45.9, ,2.8, ,203, ,56.1, 
240,12/15/2019,0100,349,0, ,0, ,0, ,9.9, ,44.8, ,98, ,44.3, ,2.5, ,79, ,56.1, 
240,12/15/2019,0200,349,0, ,0, ,0, ,9.6, ,43.9, ,99, ,43.5, ,2, ,50, ,56.1, 
240,12/15/2019,0300,349,0, ,0, ,0, ,9, ,42.1, ,99, ,41.9, ,2.7, ,221, ,56, 
240,12/15/2019,0400,349,0, ,0, ,0, ,9, ,42, ,99, ,41.9, ,3.3, ,215, ,56, 
240,12/15/2019,0500,349,0, ,0, ,0, ,9.7, ,43.9, ,99, ,43.8, ,3.1, ,174, ,55.9, 
240,12/15/2019,0600,349,0, ,0, ,0, ,8.7, ,41.1, ,99, ,41, ,2.1, ,284, ,55.9, 
240,12/15/2019,0700,349,0, ,0, ,3, ,8.6, ,40.8, ,99, ,40.6, ,2, ,341, ,55.8, 
240,12/15/2019,0800,349,0, ,0, ,69, ,9, ,42, ,99, ,41.8, ,2.6, ,259, ,55.7, 
240,12/15/2019,0900,349,0, ,0, ,297, ,10.1, ,44.8, ,99, ,44.7, ,3, ,226, ,55.6, 
240,12/15/2019,1000,349,0, ,0, ,547, ,11, ,47.2, ,99, ,47, ,4.6, ,186, ,55.6, 
240,12/15/2019,1100,349,0.01, ,0, ,1009, ,11, ,50.8, ,87, ,47.2, ,3.5, ,196, ,55.5, 
240,12/15/2019,1200,349,0.01, ,0, ,1088, ,8.1, ,55.3, ,55, ,39.2, ,3.6, ,209, ,55.4, 
240,12/15/2019,1300,349,0.01, ,0, ,1061, ,6.4, ,56.2, ,42, ,33.3, ,4.3, ,308, ,55.4, 
240,12/15/2019,1400,349,0.01, ,0, ,895, ,6.4, ,56.4, ,41, ,33.1, ,8.8, ,331, ,55.4, 
240,12/15/2019,1500,349,0.01, ,0, ,648, ,6.2, ,56, ,41, ,32.5, ,8.2, ,326, ,55.4, 
240,12/15/2019,1600,349,0, ,0, ,340, ,6.2, ,55.5, ,41, ,32.4, ,5.9, ,319, ,55.5, 
240,12/15/2019,1700,349,0, ,0, ,52, ,6.8, ,52.5, ,50, ,34.5, ,3.7, ,285, ,55.5, 
240,12/15/2019,1800,349,0, ,0, ,0, ,6.7, ,49.5, ,56, ,34.4, ,3, ,285, ,55.6, 
240,12/15/2019,1900,349,0, ,0, ,0, ,6.7, ,46.7, ,61, ,34.2, ,3, ,242, ,55.6, 
240,12/15/2019,2000,349,0, ,0, ,0, ,6.7, ,45.5, ,65, ,34.3, ,2.3, ,95, ,55.7, 
240,12/15/2019,2100,349,0, ,0, ,0, ,6.9, ,42.1, ,76, ,35, ,2.5, ,326, ,55.7, 
240,12/15/2019,2200,349,0, ,0, ,0, ,6.3, ,39.7, ,76, ,32.6, ,3.1, ,12, ,55.6, 
240,12/15/2019,2300,349,0, ,0, ,0, ,6.1, ,37.6, ,80, ,31.9, ,2.5, ,323, ,55.6, 
240,12/15/2019,2400,349,0, ,0, ,0, ,6.4, ,37.8, ,83, ,33.2, ,2.3, ,194, ,55.5, 
240,12/16/2019,0100,350,0, ,0, ,0, ,5.9, ,35.5, ,84, ,31.1, ,2.1, ,288, ,55.4, 
240,12/16/2019,0200,350,0, ,0, ,0, ,5.9, ,35.3, ,85, ,31.1, ,2.5, ,290, ,55.3, 
240,12/16/2019,0300,350,0, ,0, ,0, ,6, ,34.3, ,90, ,31.7, ,2, ,312, ,55.2, 
240,12/16/2019,0400,350,0, ,0, ,0, ,5.6, ,31.8, ,93, ,30, ,2, ,298, ,55.1, 
240,12/16/2019,0500,350,0, ,0, ,0, ,5.6, ,31.4, ,94, ,29.9, ,1.8, ,303, ,55, 
240,12/16/2019,0600,350,0, ,0, ,0, ,5.7, ,31.9, ,94, ,30.3, ,2.1, ,236, ,54.8, 
240,12/16/2019,0700,350,0, ,0, ,5, ,5.5, ,30.8, ,94, ,29.4, ,2.4, ,316, ,54.7, 
240,12/16/2019,0800,350,0, ,0, ,199, ,5.9, ,33.6, ,90, ,31.1, ,2.4, ,169, ,54.6, 
240,12/16/2019,0900,350,0, ,0, ,529, ,6.2, ,42.4, ,67, ,32.3, ,2.8, ,113, ,54.4, 
240,12/16/2019,1000,350,0.01, ,0, ,819, ,4.2, ,51.8, ,32, ,22.9, ,11.5, ,32, ,54.3, 
240,12/16/2019,1100,350,0.01, ,0, ,1028, ,3.8, ,53.6, ,27, ,20.4, ,13.7, ,32, ,54.1, 
240,12/16/2019,1200,350,0.02, ,0, ,1125, ,3.5, ,55.2, ,24, ,18.9, ,12.7, ,36, ,54, 
240,12/16/2019,1300,350,0.02, ,0, ,1090, ,3.4, ,56.5, ,22, ,18.1, ,12.2, ,35, ,53.9, 
240,12/16/2019,1400,350,0.02, ,0, ,928, ,3.2, ,56.4, ,20, ,16.3, ,15, ,26, ,53.8, 
240,12/16/2019,1500,350,0.01, ,0, ,692, ,2.8, ,56.2, ,18, ,13.6, ,14.3, ,22, ,53.8, 
240,12/16/2019,1600,350,0.01, ,0, ,446, ,2.4, ,55.3, ,16, ,10.4, ,11.5, ,31, ,53.7, 
240,12/16/2019,1700,350,0, ,0, ,71, ,2.5, ,51.2, ,20, ,11.3, ,12.5, ,25, ,53.7, 
240,12/16/2019,1800,350,0, ,0, ,0, ,2.9, ,47.4, ,26, ,14.1, ,13.5, ,22, ,53.7, 
240,12/16/2019,1900,350,0, ,0, ,0, ,2.8, ,46.9, ,25, ,13.4, ,15.4, ,21, ,53.7, 
240,12/16/2019,2000,350,0, ,0, ,0, ,2.4, ,47.4, ,21, ,10, ,10.4, ,29, ,53.7, 
240,12/16/2019,2100,350,0, ,0, ,0, ,2.6, ,46.1, ,25, ,12, ,12.7, ,11, ,53.6, 
240,12/16/2019,2200,350,0, ,0, ,0, ,2.8, ,45.2, ,27, ,13.2, ,5.7, ,64, ,53.5, 
240,12/16/2019,2300,350,0, ,0, ,0, ,3.1, ,41.3, ,35, ,16, ,4.1, ,18, ,53.4, 
240,12/16/2019,2400,350,0, ,0, ,0, ,3, ,42, ,33, ,15.3, ,7, ,22, ,53.3, 
240,12/17/2019,0100,351,0, ,0, ,0, ,2.9, ,42.5, ,31, ,14.1, ,8.1, ,24, ,53.2, 
240,12/17/2019,0200,351,0, ,0, ,0, ,3.7, ,37.2, ,49, ,19.8, ,3.3, ,122, ,53.1, 
240,12/17/2019,0300,351,0, ,0, ,0, ,4.2, ,34.3, ,63, ,23, ,3.6, ,162, ,53, 
240,12/17/2019,0400,351,0, ,0, ,0, ,4.1, ,33.3, ,63, ,22.2, ,4, ,105, ,52.9, 
240,12/17/2019,0500,351,0, ,0, ,0, ,4.3, ,30.7, ,74, ,23.3, ,2.4, ,233, ,52.8, 
240,12/17/2019,0600,351,0, ,0, ,0, ,4.4, ,31.7, ,73, ,24.2, ,2.9, ,173, ,52.7, 
240,12/17/2019,0700,351,0, ,0, ,6, ,4.2, ,31.3, ,71, ,22.9, ,3, ,159, ,52.6, 
240,12/17/2019,0800,351,0, ,0, ,199, ,4.2, ,31.7, ,70, ,23.2, ,3.3, ,185, ,52.5, 
240,12/17/2019,0900,351,0, ,0, ,540, ,4.3, ,39.6, ,52, ,23.5, ,3.4, ,170, ,52.3, 
240,12/17/2019,1000,351,0.01, ,0, ,839, ,4.2, ,47.9, ,37, ,23, ,2.4, ,230, ,52.2, 
240,12/17/2019,1100,351,0.01, ,0, ,1016, ,2.5, ,54.1, ,18, ,11.3, ,3.7, ,223, ,52.1, 
240,12/17/2019,1200,351,0.01, ,0, ,1051, ,2.7, ,57.3, ,17, ,12.8, ,3.3, ,228, ,52, 
240,12/17/2019,1300,351,0.01, ,0, ,1006, ,2.7, ,58.9, ,16, ,12.5, ,3, ,52, ,51.9, 
240,12/17/2019,1400,351,0.01, ,0, ,865, ,2.3, ,59.3, ,13, ,9.2, ,7.1, ,39, ,51.9, 
240,12/17/2019,1500,351,0.01, ,0, ,628, ,2.2, ,58.2, ,13, ,7.9, ,7.9, ,40, ,51.9, 
240,12/17/2019,1600,351,0, ,0, ,259, ,2.2, ,56.2, ,15, ,8.6, ,5.8, ,48, ,52, 
240,12/17/2019,1700,351,0, ,0, ,45, ,2.5, ,52.1, ,19, ,11.3, ,3.5, ,37, ,52, 
240,12/17/2019,1800,351,0, ,0, ,0, ,2.6, ,46.8, ,24, ,12.2, ,4, ,16, ,52.1, 
240,12/17/2019,1900,351,0, ,0, ,0, ,3.6, ,43.7, ,37, ,19.4, ,2.6, ,190, ,52.2, 
240,12/17/2019,2000,351,0, ,0, ,0, ,4, ,39.9, ,48, ,22, ,3.4, ,225, ,52.3, 
240,12/17/2019,2100,351,0, ,0, ,0, ,3.9, ,40, ,47, ,21.2, ,2.2, ,94, ,52.3, 
240,12/17/2019,2200,351,0, ,0, ,0, ,4.1, ,38.5, ,52, ,22.2, ,2.9, ,245, ,52.3, 
240,12/17/2019,2300,351,0, ,0, ,0, ,4.1, ,38.1, ,52, ,22.3, ,2.6, ,304, ,52.3, 
240,12/17/2019,2400,351,0, ,0, ,0, ,4.1, ,35.2, ,59, ,22.2, ,2.3, ,69, ,52.2, 
240,12/18/2019,0100,352,0, ,0, ,0, ,4, ,32.6, ,63, ,21.5, ,3.9, ,258, ,52.2, 
240,12/18/2019,0200,352,0, ,0, ,0, ,3.5, ,34.5, ,52, ,18.7, ,3.7, ,186, ,52.1, 
240,12/18/2019,0300,352,0, ,0, ,0, ,3.8, ,32.1, ,63, ,20.8, ,3.2, ,207, ,52, 
240,12/18/2019,0400,352,0, ,0, ,0, ,3.6, ,29.8, ,64, ,19.1, ,2.1, ,328, ,51.9, 
240,12/18/2019,0500,352,0, ,0, ,0, ,3.9, ,27.7, ,76, ,21, ,2.2, ,280, ,51.8, 
240,12/18/2019,0600,352,0, ,0, ,0, ,4.1, ,28.7, ,76, ,22.1, ,1.7, ,348, ,51.7, 
240,12/18/2019,0700,352,0, ,0, ,7, ,3.9, ,27.7, ,76, ,21, ,1.7, ,262, ,51.6, 
240,12/18/2019,0800,352,0, ,0, ,175, ,4.1, ,31.9, ,67, ,22.2, ,1.9, ,269, ,51.5, 
240,12/18/2019,0900,352,0, ,0, ,317, ,4.3, ,35.2, ,62, ,23.6, ,1.6, ,327, ,51.4, 
240,12/18/2019,1000,352,0, ,0, ,565, ,5, ,42.4, ,54, ,27.2, ,1.7, ,359, ,51.2, 
240,12/18/2019,1100,352,0.01, ,0, ,769, ,3.5, ,52.2, ,26, ,18.8, ,1.7, ,73, ,51.1, 
240,12/18/2019,1200,352,0, ,0, ,491, ,2.7, ,54.4, ,19, ,12.6, ,1.9, ,111, ,51, 
240,12/18/2019,1300,352,0.01, ,0, ,924, ,2.8, ,56.1, ,18, ,13.2, ,3.4, ,232, ,50.9, 
240,12/18/2019,1400,352,0.01, ,0, ,937, ,2.5, ,58.2, ,15, ,10.6, ,3.2, ,232, ,50.9, 
240,12/18/2019,1500,352,0.01, ,0, ,687, ,2.8, ,58.4, ,16, ,13.1, ,5.5, ,219, ,51, 
240,12/18/2019,1600,352,0.01, ,0, ,323, ,3.9, ,53.9, ,28, ,21.3, ,11.3, ,309, ,51, 
240,12/18/2019,1700,352,0, ,0, ,40, ,4.4, ,50.6, ,35, ,23.8, ,5.6, ,330, ,51.1, 
240,12/18/2019,1800,352,0, ,0, ,0, ,4.3, ,47.8, ,38, ,23.4, ,2, ,111, ,51.2, 
240,12/18/2019,1900,352,0, ,0, ,0, ,5, ,44.7, ,49, ,27, ,2.6, ,169, ,51.4, 
240,12/18/2019,2000,352,0, ,0, ,0, ,5, ,37.8, ,65, ,27.3, ,1.9, ,296, ,51.4, 
240,12/18/2019,2100,352,0, ,0, ,0, ,4.8, ,37.6, ,62, ,25.9, ,2.1, ,281, ,51.5, 
240,12/18/2019,2200,352,0, ,0, ,0, ,4.8, ,35.2, ,69, ,26.1, ,3.1, ,22, ,51.5, 
240,12/18/2019,2300,352,0, ,0, ,0, ,4.6, ,32.3, ,74, ,25, ,2.1, ,312, ,51.5, 
240,12/18/2019,2400,352,0, ,0, ,0, ,4.7, ,32, ,77, ,25.8, ,1.9, ,313, ,51.5, 
240,12/19/2019,0100,353,0, ,0, ,0, ,4.5, ,30.8, ,78, ,24.7, ,1.4, ,281, ,51.4, 
240,12/19/2019,0200,353,0, ,0, ,0, ,4.4, ,30.3, ,78, ,24.1, ,1.4, ,270, ,51.3, 
240,12/19/2019,0300,353,0, ,0, ,0, ,4.6, ,29.2, ,85, ,25.3, ,2, ,308, ,51.3, 
240,12/19/2019,0400,353,0, ,0, ,0, ,4.6, ,29.1, ,85, ,25.1, ,1.7, ,8, ,51.2, 
240,12/19/2019,0500,353,0, ,0, ,0, ,4.5, ,28, ,86, ,24.5, ,2.3, ,247, ,51.1, 
240,12/19/2019,0600,353,0, ,0, ,0, ,4.5, ,28.4, ,84, ,24.3, ,1.9, ,318, ,51, 
240,12/19/2019,0700,353,0, ,0, ,4, ,4.3, ,27, ,87, ,23.7, ,2, ,353, ,50.8, 
240,12/19/2019,0800,353,0, ,0, ,173, ,4.4, ,28.7, ,82, ,23.9, ,2, ,311, ,50.7, 
240,12/19/2019,0900,353,0, ,0, ,493, ,4.8, ,34.3, ,71, ,26, ,1.9, ,334, ,50.6, 
240,12/19/2019,1000,353,0.01, ,0, ,783, ,5.1, ,41.7, ,57, ,27.8, ,2.4, ,322, ,50.5, 
240,12/19/2019,1100,353,0.01, ,0, ,989, ,5.2, ,49.9, ,42, ,28, ,3.8, ,340, ,50.4, 
240,12/19/2019,1200,353,0.01, ,0, ,1084, ,4.9, ,55, ,33, ,26.4, ,4.6, ,328, ,50.3, 
240,12/19/2019,1300,353,0.01, ,0, ,1062, ,4.2, ,59.5, ,24, ,22.8, ,4.3, ,18, ,50.3, 
240,12/19/2019,1400,353,0.01, ,0, ,883, ,4.2, ,60.1, ,24, ,23.1, ,7.1, ,344, ,50.2, 
240,12/19/2019,1500,353,0.01, ,0, ,677, ,4.2, ,60.6, ,23, ,23.1, ,6.2, ,333, ,50.2, 
240,12/19/2019,1600,353,0.01, ,0, ,346, ,3.7, ,60.6, ,20, ,19.8, ,6, ,343, ,50.3, 
240,12/19/2019,1700,353,0, ,0, ,55, ,3.8, ,55.9, ,25, ,20.3, ,4.6, ,22, ,50.4, 
240,12/19/2019,1800,353,0, ,0, ,0, ,3.6, ,51.5, ,28, ,19.4, ,6.3, ,345, ,50.5, 
240,12/19/2019,1900,353,0, ,0, ,0, ,3.5, ,50.4, ,28, ,18.3, ,6.3, ,348, ,50.6, 
240,12/19/2019,2000,353,0, ,0, ,0, ,3.4, ,48.9, ,29, ,18.2, ,2.8, ,73, ,50.7, 
240,12/19/2019,2100,353,0, ,0, ,0, ,4, ,44, ,41, ,21.7, ,2.9, ,330, ,50.8, 
240,12/19/2019,2200,353,0, ,0, ,0, ,4.2, ,41.1, ,48, ,23.1, ,3.1, ,306, ,50.8, 
240,12/19/2019,2300,353,0, ,0, ,0, ,4.6, ,39.8, ,55, ,25.2, ,1.8, ,25, ,50.8, 
240,12/19/2019,2400,353,0, ,0, ,0, ,5.2, ,37.9, ,67, ,27.9, ,1.8, ,188, ,50.8, 
240,12/20/2019,0100,354,0, ,0, ,0, ,5.1, ,37, ,69, ,27.7, ,2.4, ,200, ,50.8, 
240,12/20/2019,0200,354,0, ,0, ,0, ,5, ,38.2, ,64, ,27, ,2.8, ,147, ,50.8, 
240,12/20/2019,0300,354,0, ,0, ,0, ,5.1, ,33.6, ,79, ,27.8, ,1.8, ,308, ,50.7, 
240,12/20/2019,0400,354,0, ,0, ,0, ,4.8, ,35.6, ,68, ,26, ,2, ,198, ,50.7, 
240,12/20/2019,0500,354,0, ,0, ,0, ,4.9, ,35.6, ,69, ,26.5, ,3, ,117, ,50.6, 
240,12/20/2019,0600,354,0, ,0, ,0, ,4.8, ,35, ,70, ,26.2, ,2.7, ,159, ,50.6, 
240,12/20/2019,0700,354,0, ,0, ,4, ,4.9, ,36, ,69, ,26.7, ,3, ,142, ,50.5, 
240,12/20/2019,0800,354,0, ,0, ,176, ,5.1, ,34.4, ,76, ,27.5, ,2.2, ,282, ,50.4, 
240,12/20/2019,0900,354,0, ,0, ,498, ,5.3, ,44.1, ,54, ,28.6, ,3.8, ,143, ,50.3, 
240,12/20/2019,1000,354,0.01, ,0, ,791, ,5, ,52, ,38, ,27.3, ,2.2, ,248, ,50.3, 
240,12/20/2019,1100,354,0.01, ,0, ,1002, ,4.8, ,58.1, ,29, ,26.1, ,2.2, ,215, ,50.2, 
240,12/20/2019,1200,354,0.01, ,0, ,1074, ,4.7, ,63.4, ,23, ,25.5, ,2.2, ,282, ,50.1, 
240,12/20/2019,1300,354,0.01, ,0, ,1068, ,4.4, ,66.3, ,20, ,24, ,3.2, ,123, ,50.1, 
240,12/20/2019,1400,354,0.01, ,0, ,825, ,4.1, ,67.2, ,18, ,22.5, ,3.7, ,147, ,50.1, 
240,12/20/2019,1500,354,0.01, ,0, ,579, ,4.5, ,68.4, ,19, ,24.7, ,3.6, ,339, ,50.2, 
240,12/20/2019,1600,354,0.01, ,0, ,322, ,4.3, ,65.4, ,20, ,23.5, ,6.9, ,23, ,50.3, 
240,12/20/2019,1700,354,0, ,0, ,61, ,4.7, ,59.9, ,26, ,25.4, ,5.1, ,27, ,50.4, 
240,12/20/2019,1800,354,0, ,0, ,0, ,4.5, ,54.4, ,31, ,24.7, ,4.4, ,25, ,50.6, 
240,12/20/2019,1900,354,0, ,0, ,0, ,4.4, ,52.1, ,33, ,24, ,4.1, ,1, ,50.7, 
240,12/20/2019,2000,354,0, ,0, ,0, ,5, ,50.6, ,40, ,27.3, ,3.4, ,57, ,50.9, 
240,12/20/2019,2100,354,0, ,0, ,0, ,5.8, ,44.6, ,58, ,30.8, ,2.1, ,203, ,51, 
240,12/20/2019,2200,354,0, ,0, ,0, ,5.3, ,42.4, ,58, ,28.6, ,2.2, ,260, ,51.1, 
240,12/20/2019,2300,354,0, ,0, ,0, ,5.4, ,41.2, ,61, ,28.9, ,1.3, ,5, ,51.1, 
240,12/20/2019,2400,354,0, ,0, ,0, ,5.9, ,39.9, ,70, ,31, ,1.6, ,282, ,51.1, 
240,12/21/2019,0100,355,0, ,0, ,0, ,5.8, ,39.5, ,70, ,30.5, ,2.2, ,217, ,51.1, 
240,12/21/2019,0200,355,0, ,0, ,0, ,5.8, ,39.8, ,69, ,30.5, ,1.7, ,164, ,51.1, 
240,12/21/2019,0300,355,0, ,0, ,0, ,5.7, ,38.2, ,73, ,30.5, ,1.8, ,241, ,51.1, 
240,12/21/2019,0400,355,0, ,0, ,0, ,5.8, ,37.8, ,76, ,30.9, ,1.7, ,194, ,51, 
240,12/21/2019,0500,355,0, ,0, ,0, ,5.7, ,37.6, ,75, ,30.4, ,2, ,193, ,51, 
240,12/21/2019,0600,355,0, ,0, ,0, ,5.7, ,37.6, ,74, ,30.2, ,2.3, ,204, ,50.9, 
240,12/21/2019,0700,355,0, ,0, ,4, ,5.7, ,38.8, ,72, ,30.5, ,2.4, ,193, ,50.8, 
240,12/21/2019,0800,355,0, ,0, ,95, ,5.8, ,40.8, ,67, ,30.6, ,2.2, ,168, ,50.8, 
240,12/21/2019,0900,355,0, ,0, ,284, ,6, ,43.3, ,63, ,31.6, ,2.6, ,177, ,50.7, 
240,12/21/2019,1000,355,0, ,0, ,552, ,6.8, ,49.1, ,57, ,34.5, ,2.3, ,167, ,50.6, 
240,12/21/2019,1100,355,0.01, ,0, ,730, ,6.1, ,56.7, ,39, ,31.9, ,2.2, ,235, ,50.6, 
240,12/21/2019,1200,355,0.01, ,0, ,781, ,6.1, ,61.9, ,33, ,32.1, ,2.2, ,222, ,50.5, 
240,12/21/2019,1300,355,0.01, ,0, ,752, ,4.5, ,65.1, ,21, ,24.4, ,3.8, ,352, ,50.5, 
240,12/21/2019,1400,355,0.01, ,0, ,674, ,4.1, ,64.9, ,19, ,22.4, ,6.8, ,31, ,50.6, 
240,12/21/2019,1500,355,0.01, ,0, ,477, ,4.3, ,64.1, ,21, ,23.5, ,7.6, ,27, ,50.6, 
240,12/21/2019,1600,355,0, ,0, ,190, ,4.3, ,59.8, ,24, ,23.2, ,7.8, ,33, ,50.7, 
240,12/21/2019,1700,355,0, ,0, ,36, ,4.1, ,55.6, ,27, ,22.5, ,5.6, ,40, ,50.9, 
240,12/21/2019,1800,355,0, ,0, ,0, ,4.1, ,52.4, ,30, ,22.1, ,4.1, ,27, ,51, 
240,12/21/2019,1900,355,0, ,0, ,0, ,4.1, ,50.6, ,33, ,22.5, ,3.1, ,62, ,51.1, 
240,12/21/2019,2000,355,0, ,0, ,0, ,5.2, ,47.3, ,47, ,28.1, ,2.4, ,170, ,51.2, 
240,12/21/2019,2100,355,0, ,0, ,0, ,5.5, ,44.8, ,54, ,29.3, ,2.3, ,188, ,51.2, 
240,12/21/2019,2200,355,0, ,0, ,0, ,5.5, ,44.2, ,56, ,29.4, ,1.9, ,190, ,51.3, 
240,12/21/2019,2300,355,0, ,0, ,0, ,5.7, ,43.7, ,58, ,30.1, ,2.1, ,172, ,51.4, 
240,12/21/2019,2400,355,0, ,0, ,0, ,5.8, ,43.2, ,61, ,30.9, ,2.8, ,187, ,51.4, 
240,12/22/2019,0100,356,0, ,0, ,0, ,6.1, ,42.4, ,67, ,32.1, ,2.4, ,202, ,51.4, 
240,12/22/2019,0200,356,0, ,0, ,0, ,6.2, ,43.3, ,64, ,32.2, ,2.8, ,154, ,51.4, 
240,12/22/2019,0300,356,0, ,0, ,0, ,6.1, ,42.7, ,66, ,32, ,2.4, ,172, ,51.3, 
240,12/22/2019,0400,356,0, ,0, ,0, ,6.3, ,40.9, ,73, ,32.9, ,2.3, ,199, ,51.3, 
240,12/22/2019,0500,356,0, ,0, ,0, ,6.3, ,41.2, ,72, ,32.8, ,3.1, ,168, ,51.2, 
240,12/22/2019,0600,356,0, ,0, ,0, ,6.2, ,40.1, ,74, ,32.5, ,2.3, ,203, ,51.2, 
240,12/22/2019,0700,356,0, ,0, ,1, ,6.2, ,38.3, ,78, ,32.2, ,2.2, ,217, ,51.1, 
240,12/22/2019,0800,356,0, ,0, ,53, ,6.2, ,39.6, ,75, ,32.2, ,2.7, ,190, ,51.1, 
240,12/22/2019,0900,356,0, ,0, ,209, ,6.5, ,40.9, ,75, ,33.5, ,2.2, ,14, ,51, 
240,12/22/2019,1000,356,0, ,0, ,250, ,6.8, ,43.9, ,69, ,34.5, ,2.2, ,274, ,51, 
240,12/22/2019,1100,356,0, ,0, ,410, ,6.4, ,48.3, ,55, ,33, ,3, ,126, ,50.9, 
240,12/22/2019,1200,356,0, ,0, ,415, ,6, ,52.2, ,45, ,31.5, ,3.3, ,148, ,50.9, 
240,12/22/2019,1300,356,0.01, ,0, ,657, ,5.8, ,57.2, ,36, ,30.6, ,2.6, ,199, ,50.9, 
240,12/22/2019,1400,356,0.01, ,0, ,567, ,4.5, ,59.1, ,26, ,24.6, ,3.8, ,199, ,50.9, 
240,12/22/2019,1500,356,0, ,0, ,284, ,4.9, ,59, ,29, ,26.5, ,5.4, ,199, ,50.9, 
240,12/22/2019,1600,356,0, ,0, ,122, ,4.7, ,57.4, ,29, ,25.4, ,6.8, ,203, ,51, 
240,12/22/2019,1700,356,0, ,0, ,17, ,4.7, ,55.5, ,31, ,25.6, ,5.4, ,186, ,51.1, 
240,12/22/2019,1800,356,0, ,0, ,0, ,5.1, ,54.1, ,36, ,27.5, ,4, ,153, ,51.2, 
240,12/22/2019,1900,356,0, ,0, ,0, ,5.6, ,52.5, ,42, ,30, ,3.5, ,113, ,51.3, 
240,12/22/2019,2000,356,0, ,0, ,0, ,5.9, ,50.3, ,48, ,31.3, ,2.9, ,52, ,51.3, 
240,12/22/2019,2100,356,0, ,0, ,0, ,5.7, ,47.5, ,51, ,30.4, ,2.7, ,44, ,51.4, 
240,12/22/2019,2200,356,0, ,0, ,0, ,5.8, ,46.5, ,54, ,30.8, ,3.6, ,29, ,51.4, 
240,12/22/2019,2300,356,0, ,0, ,0, ,5.4, ,46.9, ,49, ,29, ,3.3, ,41, ,51.5, 
240,12/22/2019,2400,356,0, ,0, ,0, ,5.8, ,45.9, ,55, ,30.8, ,3.7, ,30, ,51.5, 
240,12/23/2019,0100,357,0, ,0, ,0, ,6.1, ,45.5, ,58, ,31.8, ,2.5, ,290, ,51.5, 
240,12/23/2019,0200,357,0, ,0, ,0, ,6.3, ,44.3, ,63, ,32.7, ,2.4, ,317, ,51.5, 
240,12/23/2019,0300,357,0, ,0, ,0, ,6.1, ,46.5, ,57, ,31.9, ,2.9, ,53, ,51.5, 
240,12/23/2019,0400,357,0, ,0, ,0, ,6.6, ,45.5, ,64, ,34, ,3.3, ,341, ,51.4, 
240,12/23/2019,0500,357,0, ,0, ,0, ,6.8, ,45.9, ,64, ,34.6, ,2.6, ,232, ,51.4, 
240,12/23/2019,0600,357,0, ,0, ,0, ,7.3, ,45.7, ,70, ,36.5, ,4.9, ,350, ,51.4, 
240,12/23/2019,0700,357,0, ,0.04, ,1, ,8.7, ,44.1, ,88, ,40.9, ,6.3, ,9, ,51.4, 
240,12/23/2019,0800,357,0, ,0.03, ,20, ,8.8, ,44.5, ,88, ,41.3, ,3, ,26, ,51.4, 
240,12/23/2019,0900,357,0, ,0.02, ,51, ,9.2, ,44.7, ,92, ,42.4, ,4.2, ,201, ,51.4, 
240,12/23/2019,1000,357,0, ,0.08, ,57, ,9.4, ,44.4, ,95, ,43, ,3, ,267, ,51.3, 
240,12/23/2019,1100,357,0, ,0.08, ,115, ,9.5, ,44.8, ,95, ,43.3, ,3.1, ,87, ,51.3, 
240,12/23/2019,1200,357,0, ,0, ,166, ,9.4, ,46.1, ,88, ,42.9, ,4.5, ,278, ,51.3, 
240,12/23/2019,1300,357,0, ,0.03, ,139, ,9.6, ,46.1, ,91, ,43.6, ,3.8, ,343, ,51.3, 
240,12/23/2019,1400,357,0, ,0, ,138, ,9.6, ,47.1, ,87, ,43.6, ,3.8, ,308, ,51.3, 
240,12/23/2019,1500,357,0, ,0.02, ,83, ,9.5, ,46.5, ,88, ,43.2, ,5.6, ,295, ,51.3, 
240,12/23/2019,1600,357,0, ,0.03, ,67, ,9.6, ,45.2, ,93, ,43.4, ,4.7, ,11, ,51.4, 
240,12/23/2019,1700,357,0, ,0.06, ,18, ,9.3, ,44.4, ,93, ,42.6, ,5.1, ,32, ,51.4, 
240,12/23/2019,1800,357,0, ,0.08, ,0, ,9.4, ,43.8, ,97, ,43, ,5.3, ,33, ,51.4, 
240,12/23/2019,1900,357,0, ,0.01, ,0, ,9.6, ,43.6, ,99, ,43.4, ,4.9, ,31, ,51.4, 
240,12/23/2019,2000,357,0, ,0.2, ,0, ,9.8, ,44.1, ,99, ,43.9, ,5, ,25, ,51.4, 
240,12/23/2019,2100,357,0, ,0.2, ,0, ,10.2, ,45.1, ,99, ,45, ,3.2, ,64, ,51.3, 
240,12/23/2019,2200,357,0, ,0.11, ,0, ,9.8, ,44.3, ,99, ,44.1, ,5, ,34, ,51.1, 
240,12/23/2019,2300,357,0, ,0.13, ,0, ,9.9, ,44.4, ,99, ,44.3, ,4.9, ,41, ,51, 
240,12/23/2019,2400,357,0, ,0.02, ,0, ,9.9, ,44.6, ,99, ,44.4, ,2.8, ,41, ,50.9, 
240,12/24/2019,0100,358,0, ,0, ,0, ,9.7, ,43.9, ,99, ,43.8, ,2.4, ,351, ,50.9, 
240,12/24/2019,0200,358,0, ,0, ,0, ,9.8, ,44.1, ,99, ,43.9, ,1.5, ,210, ,50.8, 
240,12/24/2019,0300,358,0, ,0, ,0, ,9.4, ,43.2, ,99, ,43, ,1.7, ,246, ,50.8, 
240,12/24/2019,0400,358,0, ,0, ,0, ,8.9, ,41.6, ,99, ,41.4, ,1.5, ,41, ,50.9, 
240,12/24/2019,0500,358,0, ,0, ,0, ,8.3, ,39.8, ,99, ,39.7, ,2.3, ,263, ,50.9, 
240,12/24/2019,0600,358,0, ,0, ,0, ,7.9, ,38.6, ,99, ,38.5, ,2, ,314, ,50.9, 
240,12/24/2019,0700,358,0, ,0, ,2, ,8.1, ,39.1, ,99, ,38.9, ,2.8, ,82, ,50.8, 
240,12/24/2019,0800,358,0, ,0, ,71, ,8.3, ,39.9, ,99, ,39.8, ,3.1, ,229, ,50.8, 
240,12/24/2019,0900,358,0, ,0, ,215, ,8.7, ,41.1, ,99, ,41, ,1.6, ,241, ,50.8, 
240,12/24/2019,1000,358,0,R,0, ,584, ,10.2, ,45.3, ,99, ,45.1, ,1,I,135, ,50.8, 
240,12/24/2019,1100,358,0.01, ,0, ,698, ,10.3, ,49.2, ,86, ,45.3, ,2.1, ,236, ,50.8, 
240,12/24/2019,1200,358,0, ,0, ,306, ,9.3, ,49.9, ,76, ,42.6, ,3, ,287, ,50.8, 
240,12/24/2019,1300,358,0, ,0, ,543, ,9.3, ,51.3, ,72, ,42.7, ,4.2, ,325, ,50.8, 
240,12/24/2019,1400,358,0, ,0, ,442, ,8.9, ,51.3, ,69, ,41.6, ,3.7, ,273, ,50.9, 
240,12/24/2019,1500,358,0, ,0, ,364, ,8.5, ,51.7, ,65, ,40.3, ,3.3, ,308, ,51, 
240,12/24/2019,1600,358,0, ,0, ,306, ,8.4, ,51.5, ,65, ,40, ,8.6, ,222, ,51.1, 
240,12/24/2019,1700,358,0, ,0, ,49, ,8.2, ,48.4, ,71, ,39.5, ,7, ,229, ,51.2, 
240,12/24/2019,1800,358,0, ,0, ,0, ,8.2, ,47.2, ,75, ,39.5, ,6.1, ,198, ,51.3, 
240,12/24/2019,1900,358,0, ,0, ,0, ,8.2, ,46.1, ,78, ,39.5, ,4.1, ,154, ,51.4, 
240,12/24/2019,2000,358,0, ,0, ,0, ,8.5, ,44, ,87, ,40.4, ,2.8, ,140, ,51.5, 
240,12/24/2019,2100,358,0, ,0, ,0, ,8.7, ,43.3, ,91, ,40.9, ,3.7, ,127, ,51.5, 
240,12/24/2019,2200,358,0, ,0, ,0, ,8.5, ,43.1, ,90, ,40.4, ,5.5, ,147, ,51.5, 
240,12/24/2019,2300,358,0, ,0, ,0, ,8.5, ,42.7, ,91, ,40.3, ,6.4, ,132, ,51.5, 
240,12/24/2019,2400,358,0, ,0, ,0, ,8.5, ,42.3, ,93, ,40.3, ,4.7, ,144, ,51.5, 
240,12/25/2019,0100,359,0, ,0, ,0, ,8.6, ,42.6, ,93, ,40.7, ,4.2, ,158, ,51.5, 
240,12/25/2019,0200,359,0, ,0.02, ,0, ,8.6, ,42.6, ,92, ,40.5, ,5.7, ,150, ,51.5, 
240,12/25/2019,0300,359,0, ,0.01, ,0, ,8.6, ,42.3, ,94, ,40.7, ,6, ,146, ,51.4, 
240,12/25/2019,0400,359,0, ,0, ,0, ,8.4, ,41.4, ,95, ,39.9, ,5.7, ,124, ,51.4, 
240,12/25/2019,0500,359,0, ,0, ,0, ,8.1, ,40.8, ,94, ,39.2, ,3.7, ,138, ,51.3, 
240,12/25/2019,0600,359,0, ,0, ,0, ,7.7, ,38.8, ,96, ,37.8, ,2.2, ,223, ,51.3, 
240,12/25/2019,0700,359,0, ,0, ,3, ,7.5, ,37.8, ,98, ,37.3, ,1.8, ,123, ,51.2, 
240,12/25/2019,0800,359,0, ,0, ,54, ,7.3, ,36.7, ,99, ,36.5, ,3, ,319, ,51.2, 
240,12/25/2019,0900,359,0, ,0, ,279, ,8.1, ,39.2, ,100, ,39.1, ,1.6, ,56, ,51.1, 
240,12/25/2019,1000,359,0.01, ,0, ,756, ,9.2, ,45.2, ,89, ,42.3, ,4.5, ,173, ,51.1, 
240,12/25/2019,1100,359,0, ,0, ,542, ,8.6, ,47, ,78, ,40.5, ,6.2, ,170, ,51, 
240,12/25/2019,1200,359,0, ,0, ,431, ,8.2, ,47.4, ,73, ,39.3, ,6.9, ,201, ,51, 
240,12/25/2019,1300,359,0, ,0, ,347, ,8.5, ,46.3, ,79, ,40.2, ,5, ,215, ,50.9, 
240,12/25/2019,1400,359,0.01, ,0, ,768, ,8.6, ,49, ,73, ,40.7, ,6.4, ,199, ,50.9, 
240,12/25/2019,1500,359,0, ,0, ,285, ,8.5, ,47.5, ,76, ,40.2, ,5.1, ,285, ,51, 
240,12/25/2019,1600,359,0, ,0, ,90, ,9, ,45.4, ,87, ,41.7, ,4.4, ,43, ,51, 
240,12/25/2019,1700,359,0, ,0, ,31, ,8.7, ,45.7, ,83, ,41, ,5.1, ,135, ,51.1, 
240,12/25/2019,1800,359,0, ,0, ,0, ,9.1, ,44.6, ,90, ,42, ,6.4, ,133, ,51.2, 
240,12/25/2019,1900,359,0, ,0, ,0, ,9, ,44.7, ,90, ,41.8, ,5.7, ,123, ,51.2, 
240,12/25/2019,2000,359,0, ,0, ,0, ,8.8, ,44.5, ,88, ,41.3, ,8.3, ,131, ,51.3, 
240,12/25/2019,2100,359,0, ,0, ,0, ,9.1, ,44.3, ,92, ,42, ,7.2, ,135, ,51.3, 
240,12/25/2019,2200,359,0, ,0, ,0, ,8.7, ,44.2, ,88, ,41, ,6.4, ,122, ,51.4, 
240,12/25/2019,2300,359,0, ,0, ,0, ,8.5, ,44.2, ,86, ,40.3, ,5.7, ,131, ,51.4, 
240,12/25/2019,2400,359,0, ,0.02, ,0, ,8.3, ,44.5, ,83, ,39.7, ,7.3, ,128, ,51.4, 
240,12/26/2019,0100,360,0, ,0.05, ,0, ,8.2, ,44.3, ,83, ,39.5, ,8.6, ,141, ,51.5, 
240,12/26/2019,0200,360,0, ,0.04, ,0, ,8.1, ,43.8, ,84, ,39.2, ,8.5, ,132, ,51.4, 
240,12/26/2019,0300,360,0, ,0.07, ,0, ,8.1, ,42.6, ,88, ,39.2, ,9.3, ,145, ,51.4, 
240,12/26/2019,0400,360,0, ,0.07, ,0, ,8, ,42.1, ,88, ,38.9, ,9.4, ,149, ,51.4, 
240,12/26/2019,0500,360,0, ,0.08, ,0, ,7.8, ,41, ,89, ,38, ,10, ,158, ,51.3, 
240,12/26/2019,0600,360,0, ,0.09, ,0, ,7.4, ,39.1, ,91, ,36.8, ,9, ,182, ,51.2, 
240,12/26/2019,0700,360,0, ,0.09, ,0, ,7, ,37.4, ,93, ,35.5, ,9.9, ,145, ,51.2, 
240,12/26/2019,0800,360,0, ,0.08, ,13, ,7.1, ,37.5, ,93, ,35.6, ,6.3, ,112, ,51.1, 
240,12/26/2019,0900,360,0, ,0.07, ,62, ,7.2, ,37.2, ,95, ,36, ,5.6, ,284, ,51, 
240,12/26/2019,1000,360,0, ,0.07, ,183, ,7.4, ,38.1, ,95, ,36.8, ,3.3, ,309, ,50.9, 
240,12/26/2019,1100,360,0,Y,0.06, ,250, ,7.6, ,39.9,Y,91,Y,37.4,Y,3.3, ,336, ,50.8, 
240,12/26/2019,1200,360,0,Y,0.05, ,336, ,7.9, ,41.5,Y,89,Y,38.5,Y,2.7, ,69, ,50.6, 
240,12/26/2019,1300,360,0, ,0.04, ,373, ,7.9, ,43.2, ,83, ,38.5, ,4.2, ,120, ,50.6, 
240,12/26/2019,1400,360,0, ,0.04, ,256, ,7.9, ,43.7, ,81, ,38.4, ,5.1, ,64, ,50.5, 
240,12/26/2019,1500,360,0, ,0.03, ,338, ,8, ,43.4, ,84, ,38.9, ,6.3, ,28, ,50.5, 
240,12/26/2019,1600,360,0, ,0.02, ,406, ,7.7, ,45, ,76, ,37.9, ,5.5, ,12, ,50.5, 
240,12/26/2019,1700,360,0, ,0.01, ,61, ,7.7, ,43.6, ,80, ,37.7, ,5.6, ,12, ,50.5, 
240,12/26/2019,1800,360,0, ,0, ,0, ,7.6, ,41, ,87, ,37.3, ,4.6, ,353, ,50.5, 
240,12/26/2019,1900,360,0, ,0, ,0, ,7.3, ,39.6, ,88, ,36.5, ,3.1, ,329, ,50.6, 
240,12/26/2019,2000,360,0, ,0, ,0, ,7.3, ,38.2, ,94, ,36.6, ,3.3, ,298, ,50.6, 
240,12/26/2019,2100,360,0, ,0, ,0, ,6.7, ,36.9, ,90, ,34.3, ,5.6, ,1, ,50.6, 
240,12/26/2019,2200,360,0, ,0, ,0, ,6.5, ,37, ,87, ,33.5, ,5.5, ,19, ,50.6, 
240,12/26/2019,2300,360,0, ,0, ,0, ,6.4, ,35.4, ,91, ,33.2, ,2.5, ,56, ,50.5, 
240,12/26/2019,2400,360,0, ,0, ,0, ,6.6, ,35.4, ,95, ,34, ,1.9, ,211, ,50.5, 
240,12/27/2019,0100,361,0, ,0, ,0, ,6.6, ,35.4, ,95, ,34.1, ,4.2, ,143, ,50.4, 
240,12/27/2019,0200,361,0, ,0, ,0, ,6.6, ,35.2, ,95, ,33.8, ,4.3, ,129, ,50.3, 
240,12/27/2019,0300,361,0, ,0, ,0, ,6.2, ,33.5, ,95, ,32.3, ,3.4, ,90, ,50.2, 
240,12/27/2019,0400,361,0, ,0, ,0, ,6.1, ,32.6, ,97, ,31.8, ,2.7, ,37, ,50.1, 
240,12/27/2019,0500,361,0, ,0, ,0, ,5.9, ,31.8, ,97, ,31.1, ,2.3, ,6, ,50.1, 
240,12/27/2019,0600,361,0, ,0, ,0, ,5.8, ,31.3, ,98, ,30.9, ,1.8, ,274, ,49.9, 
240,12/27/2019,0700,361,0, ,0, ,2, ,5.9, ,31.4, ,99, ,31.1, ,2.5, ,191, ,49.9, 
240,12/27/2019,0800,361,0, ,0, ,154, ,5.9, ,31.4, ,99, ,31.1, ,2.3, ,306, ,49.8, 
240,12/27/2019,0900,361,0, ,0, ,374, ,6.6, ,34.9, ,96, ,33.8, ,2.5, ,357, ,49.7, 
240,12/27/2019,1000,361,0.01, ,0, ,776, ,7.3, ,41.7, ,81, ,36.5, ,2.5, ,136, ,49.6, 
240,12/27/2019,1100,361,0.01, ,0, ,986, ,7.5, ,46.2, ,71, ,37.2, ,4.9, ,149, ,49.5, 
240,12/27/2019,1200,361,0.01, ,0, ,1091, ,7.2, ,49.5, ,60, ,36.2, ,4, ,151, ,49.4, 
240,12/27/2019,1300,361,0.01, ,0, ,1069, ,6.6, ,52.2, ,50, ,34, ,3.3, ,33, ,49.4, 
240,12/27/2019,1400,361,0.01, ,0, ,932, ,6.3, ,52.6, ,47, ,32.9, ,9.9, ,327, ,49.4, 
240,12/27/2019,1500,361,0.01, ,0, ,692, ,6, ,52.8, ,44, ,31.6, ,10.2, ,315, ,49.4, 
240,12/27/2019,1600,361,0.01, ,0, ,375, ,5.5, ,52.1, ,42, ,29.5, ,10.2, ,329, ,49.5, 
240,12/27/2019,1700,361,0, ,0, ,71, ,5.9, ,49.9, ,48, ,30.9, ,8.4, ,317, ,49.6, 
240,12/27/2019,1800,361,0, ,0, ,0, ,5.2, ,47.2, ,47, ,27.9, ,3.4, ,248, ,49.7, 
240,12/27/2019,1900,361,0, ,0, ,0, ,5.5, ,44.3, ,55, ,29.4, ,2.1, ,157, ,49.8, 
240,12/27/2019,2000,361,0, ,0, ,0, ,6.2, ,42.7, ,66, ,32.3, ,2.9, ,138, ,49.9, 
240,12/27/2019,2100,361,0, ,0, ,0, ,7, ,40.4, ,82, ,35.3, ,3.1, ,95, ,49.9, 
240,12/27/2019,2200,361,0, ,0, ,0, ,7.1, ,37.9, ,92, ,35.6, ,2.6, ,161, ,49.9, 
240,12/27/2019,2300,361,0, ,0, ,0, ,6.4, ,35.9, ,90, ,33.2, ,2.7, ,321, ,49.9, 
240,12/27/2019,2400,361,0, ,0, ,0, ,6.1, ,35.6, ,86, ,31.8, ,2.8, ,355, ,49.9, 
240,12/28/2019,0100,362,0, ,0, ,0, ,5.9, ,34.1, ,89, ,31.1, ,2.8, ,13, ,49.9, 
240,12/28/2019,0200,362,0, ,0, ,0, ,5.8, ,33.1, ,91, ,30.8, ,2, ,279, ,49.8, 
240,12/28/2019,0300,362,0, ,0, ,0, ,5.9, ,32.8, ,93, ,31, ,2, ,63, ,49.8, 
240,12/28/2019,0400,362,0, ,0, ,0, ,5.5, ,30.6, ,96, ,29.5, ,1.9, ,350, ,49.7, 
240,12/28/2019,0500,362,0, ,0, ,0, ,5.5, ,30.2, ,97, ,29.4, ,2.4, ,272, ,49.6, 
240,12/28/2019,0600,362,0, ,0, ,0, ,5.4, ,29.6, ,98, ,29, ,1.9, ,232, ,49.6, 
240,12/28/2019,0700,362,0, ,0, ,3, ,5.3, ,29.1, ,98, ,28.7, ,2.1, ,249, ,49.5, 
240,12/28/2019,0800,362,0, ,0, ,125, ,5.3, ,29, ,99, ,28.6, ,2.1, ,252, ,49.4, 
240,12/28/2019,0900,362,0, ,0, ,482, ,6.4, ,34.7, ,95, ,33.3, ,2.1, ,287, ,49.3, 
240,12/28/2019,1000,362,0.01, ,0, ,784, ,7.2, ,40.5, ,84, ,35.9, ,2.1, ,338, ,49.2, 
240,12/28/2019,1100,362,0.01, ,0, ,994, ,7.3, ,46.8, ,67, ,36.3, ,2.1, ,320, ,49.1, 
240,12/28/2019,1200,362,0.01, ,0, ,1099, ,7, ,49.7, ,58, ,35.5, ,2.7, ,323, ,49, 
240,12/28/2019,1300,362,0.01, ,0, ,1075, ,7, ,51.2, ,54, ,35.2, ,3.3, ,320, ,49, 
240,12/28/2019,1400,362,0.01, ,0, ,933, ,7.2, ,53, ,53, ,36.1, ,3, ,342, ,48.9, 
240,12/28/2019,1500,362,0.01, ,0, ,691, ,7.1, ,53.4, ,51, ,35.6, ,3.6, ,36, ,48.9, 
240,12/28/2019,1600,362,0, ,0, ,373, ,7, ,53.9, ,49, ,35.4, ,2.3, ,348, ,49, 
240,12/28/2019,1700,362,0, ,0, ,69, ,7.2, ,51.7, ,55, ,36.2, ,3.1, ,23, ,49.1, 
240,12/28/2019,1800,362,0, ,0, ,0, ,7.6, ,49.1, ,64, ,37.5, ,3.3, ,134, ,49.2, 
240,12/28/2019,1900,362,0, ,0, ,0, ,8.5, ,46, ,81, ,40.4, ,2.9, ,183, ,49.3, 
240,12/28/2019,2000,362,0, ,0, ,0, ,8.6, ,44.6, ,86, ,40.6, ,4, ,117, ,49.4, 
240,12/28/2019,2100,362,0, ,0, ,0, ,7.4, ,41, ,84, ,36.7, ,2.9, ,28, ,49.5, 
240,12/28/2019,2200,362,0, ,0, ,0, ,6.8, ,38.8, ,85, ,34.6, ,2.5, ,356, ,49.6, 
240,12/28/2019,2300,362,0, ,0, ,0, ,6.9, ,37.7, ,90, ,35, ,2, ,311, ,49.6, 
240,12/28/2019,2400,362,0, ,0, ,0, ,6.8, ,36, ,95, ,34.6, ,1.9, ,257, ,49.6, 
240,12/29/2019,0100,363,0, ,0, ,0, ,6.7, ,34.9, ,98, ,34.3, ,1.9, ,297, ,49.6, 
240,12/29/2019,0200,363,0, ,0, ,0, ,6.6, ,34.4, ,98, ,33.9, ,2.4, ,292, ,49.6, 
240,12/29/2019,0300,363,0, ,0, ,0, ,6.3, ,33, ,99, ,32.7, ,2.2, ,2, ,49.6, 
240,12/29/2019,0400,363,0, ,0, ,0, ,6.3, ,33, ,99, ,32.6, ,1.8, ,26, ,49.5, 
240,12/29/2019,0500,363,0, ,0, ,0, ,6.2, ,32.6, ,99, ,32.3, ,1.7, ,233, ,49.5, 
240,12/29/2019,0600,363,0, ,0, ,0, ,6, ,31.6, ,99, ,31.5, ,1.7, ,7, ,49.4, 
240,12/29/2019,0700,363,0, ,0, ,2, ,5.9, ,31.1, ,99, ,30.9, ,1.7, ,301, ,49.3, 
240,12/29/2019,0800,363,0, ,0, ,141, ,6, ,31.7, ,99, ,31.6, ,2.1, ,227, ,49.3, 
240,12/29/2019,0900,363,0, ,0, ,431, ,6.6, ,36, ,92, ,33.8, ,2, ,246, ,49.2, 
240,12/29/2019,1000,363,0, ,0, ,655, ,7, ,41.2, ,80, ,35.5, ,2.1, ,296, ,49.1, 
240,12/29/2019,1100,363,0, ,0, ,549, ,6.5, ,46.4, ,61, ,33.7, ,1.9, ,189, ,49, 
240,12/29/2019,1200,363,0.01, ,0, ,844, ,6.7, ,49.4, ,56, ,34.3, ,2.8, ,282, ,49, 
240,12/29/2019,1300,363,0.01, ,0, ,655, ,6.1, ,52.4, ,45, ,31.9, ,2, ,287, ,48.9, 
240,12/29/2019,1400,363,0, ,0, ,553, ,6.4, ,52.9, ,47, ,33, ,2, ,286, ,48.9, 
240,12/29/2019,1500,363,0.01, ,0, ,604, ,6.8, ,54.6, ,47, ,34.8, ,2.3, ,163, ,49, 
240,12/29/2019,1600,363,0, ,0, ,391, ,6.9, ,55, ,46, ,34.9, ,1.7, ,197, ,49, 
240,12/29/2019,1700,363,0, ,0, ,36, ,7, ,52.4, ,52, ,35.3, ,4.8, ,141, ,49.1, 
240,12/29/2019,1800,363,0, ,0, ,0, ,6.9, ,49.7, ,57, ,35.1, ,4.2, ,113, ,49.2, 
240,12/29/2019,1900,363,0, ,0, ,0, ,6.2, ,44.5, ,62, ,32.4, ,5.4, ,34, ,49.4, 
240,12/29/2019,2000,363,0, ,0, ,0, ,6, ,43.5, ,62, ,31.4, ,4.2, ,53, ,49.5, 
240,12/29/2019,2100,363,0, ,0, ,0, ,6, ,42.7, ,64, ,31.6, ,3.6, ,36, ,49.6, 
240,12/29/2019,2200,363,0, ,0, ,0, ,6.1, ,42.1, ,67, ,32, ,3.5, ,18, ,49.6, 
240,12/29/2019,2300,363,0, ,0, ,0, ,6.2, ,42.2, ,68, ,32.3, ,3.4, ,48, ,49.7, 
240,12/29/2019,2400,363,0, ,0, ,0, ,5.7, ,42.1, ,63, ,30.3, ,3.1, ,64, ,49.7, 
240,12/30/2019,0100,364,0, ,0, ,0, ,5.6, ,41.4, ,63, ,29.9, ,3.1, ,11, ,49.7, 
240,12/30/2019,0200,364,0, ,0, ,0, ,6.7, ,40.6, ,78, ,34.2, ,2.3, ,157, ,49.7, 
240,12/30/2019,0300,364,0, ,0, ,0, ,6.3, ,40.7, ,72, ,32.6, ,2.7, ,356, ,49.7, 
240,12/30/2019,0400,364,0, ,0, ,0, ,6.1, ,41.2, ,69, ,31.8, ,3.1, ,22, ,49.7, 
240,12/30/2019,0500,364,0, ,0, ,0, ,6.2, ,41.3, ,70, ,32.2, ,2.4, ,82, ,49.7, 
240,12/30/2019,0600,364,0, ,0, ,0, ,5.7, ,41.1, ,65, ,30.3, ,3.2, ,258, ,49.7, 
240,12/30/2019,0700,364,0, ,0, ,1, ,6.4, ,40.5, ,75, ,33.2, ,2.9, ,61, ,49.6, 
240,12/30/2019,0800,364,0, ,0, ,44, ,6.6, ,40.1, ,78, ,33.8, ,2.6, ,259, ,49.6, 
240,12/30/2019,0900,364,0, ,0, ,191, ,7, ,40.8, ,81, ,35.4, ,1.5, ,240, ,49.6, 
240,12/30/2019,1000,364,0, ,0, ,412, ,6, ,46.5, ,56, ,31.4, ,3.2, ,1, ,49.6, 
240,12/30/2019,1100,364,0, ,0, ,382, ,5.9, ,48.8, ,50, ,31.1, ,3.8, ,135, ,49.5, 
240,12/30/2019,1200,364,0, ,0, ,461, ,6.3, ,49.3, ,52, ,32.6, ,2.9, ,152, ,49.5, 
240,12/30/2019,1300,364,0, ,0, ,355, ,5.9, ,50.6, ,47, ,31.3, ,2.2, ,232, ,49.5, 
240,12/30/2019,1400,364,0, ,0, ,300, ,5.7, ,51.4, ,44, ,30.1, ,4.1, ,30, ,49.5, 
240,12/30/2019,1500,364,0, ,0, ,459, ,5.9, ,52.9, ,43, ,31, ,4, ,96, ,49.6, 
240,12/30/2019,1600,364,0, ,0, ,200, ,5.7, ,52.4, ,42, ,30.2, ,5.1, ,57, ,49.6, 
240,12/30/2019,1700,364,0, ,0, ,30, ,5.8, ,50.7, ,46, ,30.6, ,6.3, ,22, ,49.7, 
240,12/30/2019,1800,364,0, ,0, ,0, ,5.3, ,48.3, ,46, ,28.4, ,7.1, ,17, ,49.8, 
240,12/30/2019,1900,364,0, ,0, ,0, ,5.3, ,47.9, ,46, ,28.3, ,10.9, ,4, ,49.9, 
240,12/30/2019,2000,364,0, ,0, ,0, ,5.5, ,48.9, ,47, ,29.5, ,13.2, ,4, ,49.9, 
240,12/30/2019,2100,364,0, ,0, ,0, ,5.4, ,48.6, ,46, ,28.8, ,9.4, ,357, ,50, 
240,12/30/2019,2200,364,0, ,0, ,0, ,5.4, ,48.6, ,46, ,28.9, ,9.3, ,357, ,50, 
240,12/30/2019,2300,364,0, ,0, ,0, ,5.8, ,49.2, ,49, ,30.8, ,10.3, ,358, ,50, 
240,12/30/2019,2400,364,0, ,0, ,0, ,6.4, ,50, ,52, ,33.2, ,10.5, ,24, ,50, 
240,12/31/2019,0100,365,0, ,0, ,0, ,6.9, ,48.8, ,59, ,35, ,8.5, ,8, ,50, 
240,12/31/2019,0200,365,0, ,0, ,0, ,7.3, ,48.8, ,62, ,36.3, ,10.6, ,341, ,49.9, 
240,12/31/2019,0300,365,0, ,0, ,0, ,7, ,48.8, ,60, ,35.4, ,11.5, ,338, ,49.9, 
240,12/31/2019,0400,365,0, ,0, ,0, ,6.7, ,48.6, ,58, ,34.3, ,11.2, ,339, ,49.9, 
240,12/31/2019,0500,365,0, ,0, ,0, ,6.6, ,48.2, ,57, ,33.8, ,7.7, ,337, ,49.9, 
240,12/31/2019,0600,365,0,Y,0, ,0, ,6.3, ,49.4,Y,52,Y,32.6,Y,10.7, ,335, ,49.9, 
240,12/31/2019,0700,365,0, ,0, ,2, ,6.1, ,48.2, ,53, ,31.8, ,8.1, ,346, ,49.9, 
240,12/31/2019,0800,365,0, ,0, ,128, ,6.1, ,49.3, ,51, ,32, ,9.3, ,335, ,49.9, 
240,12/31/2019,0900,365,0.01, ,0, ,490, ,6.2, ,52.4, ,46, ,32.5, ,9.5, ,329, ,49.9, 
240,12/31/2019,1000,365,0.01, ,0,Y,780, ,6, ,56, ,39, ,31.6, ,11, ,330, ,49.8, 
240,12/31/2019,1100,365,0.01, ,0, ,989, ,5.8, ,59, ,34, ,30.6, ,13.3, ,350, ,49.8, 
240,12/31/2019,1200,365,0.02, ,0, ,1095, ,6, ,59.6, ,34, ,31.5, ,15.3, ,338, ,49.8, 
240,12/31/2019,1300,365,0.02, ,0, ,1086, ,5.3, ,61.7, ,28, ,28.5, ,15.6, ,3, ,49.8, 
240,12/31/2019,1400,365,0.01, ,0, ,949, ,5.6, ,61.2, ,30, ,29.7, ,13.1, ,340, ,49.9, 
240,12/31/2019,1500,365,0.01, ,0, ,702, ,5.9, ,61.1, ,32, ,30.9, ,10.1, ,333, ,49.9, 
240,12/31/2019,1600,365,0.01, ,0, ,388, ,6.1, ,59.4, ,35, ,31.9, ,13.1, ,332, ,50, 
240,12/31/2019,1700,365,0, ,0, ,80, ,6.1, ,56.2, ,39, ,31.8, ,8.8, ,341, ,50.1, 
240,12/31/2019,1800,365,0, ,0, ,0, ,6.3, ,51.8, ,48, ,32.6, ,4.3, ,350, ,50.2, 
240,12/31/2019,1900,365,0, ,0, ,0, ,6.7, ,48, ,59, ,34.4, ,3.1, ,286, ,50.3, 
240,12/31/2019,2000,365,0, ,0, ,0, ,6.7, ,45.5, ,65, ,34.3, ,3.5, ,301, ,50.4, 
240,12/31/2019,2100,365,0, ,0, ,0, ,6, ,44.9, ,59, ,31.4, ,3.8, ,11, ,50.4, 
240,12/31/2019,2200,365,0, ,0, ,0, ,6.2, ,43.3, ,65, ,32.3, ,3.1, ,324, ,50.5, 
240,12/31/2019,2300,365,0, ,0, ,0, ,6.3, ,41.1, ,72, ,32.8, ,2, ,8, ,50.5, 
240,12/31/2019,2400,365,0, ,0, ,0, ,6.4, ,39.2, ,79, ,33.2, ,2.4, ,184, ,50.4, 
